23513	2.3487
11404	4.7781
20238	3.5441
23101	2.8565
28064	1.1569
22186	1.2173
20289	3.7661
24007	.7164
25939	4.0992
22739	.1971
15334	1.5327
5563	4.0641
18453	1.7796
337	1.5912
2896	3.3674
14123	2.4748
27575	2.5869
23225	3.9254
12901	4.2785
17424	.3097
4308	4.1145
22949	2.9914
31313	2.5704
24771	3.6226
16527	1.7604
31945	2.1553
31911	3.6979
18337	.7759
8099	3.4266
16073	1.9441
225	1.7996
15691	4.2651
2827	4.9758
10941	.3633
3371	4.1610
10878	1.8332
15441	.8609
31773	4.5152
3440	3.0610
23542	3.6617
7019	1.8364
3934	4.4126
32508	.4928
31046	4.6493
29932	3.0443
23520	4.7337
25984	2.1695
19852	4.7466
16373	2.8988
29000	.9372
27261	4.3409
28974	4.9794
11841	2.7895
22086	.9653
