24380	2.9274
28595	3.0509
22	3.2134
19291	3.7069
26787	2.8467
23367	1.2533
18061	4.9247
29448	2.9869
7111	3.7130
10732	1.5776
22064	3.8222
29088	.0836
28741	.7185
21223	1.1957
29006	2.4684
15924	1.9760
30364	1.4563
6337	4.5268
14338	.5113
11676	2.7222
30394	.7585
22057	4.1376
7848	1.9148
19315	.8127
8899	2.8804
26063	3.7339
9843	1.2158
27971	3.1934
23655	1.6084
2645	1.6541
25268	4.5040
10212	1.9934
8117	1.6743
14844	2.4475
24284	1.8057
24866	2.7123
2684	2.6592
25981	3.2479
30717	3.2898
8978	3.8570
