25760	3.9388
17622	3.3938
31569	3.6873
986	1.7290
24023	1.4242
1222	3.2595
9070	.5102
4041	3.7827
25420	.4086
15373	1.5555
977	4.1422
11637	3.8952
7133	2.5003
4752	1.7798
29960	2.1535
9612	2.1655
24574	4.2272
31281	3.0075
74	.4509
6392	4.1624
29251	3.3323
26673	3.7479
4589	4.8953
14115	4.9763
5881	3.8540
31679	4.4761
32056	4.8704
7838	3.9126
25102	3.7429
20880	3.7839
3479	1.8451
29975	1.2965
5172	2.0273
9997	1.4014
9198	1.3873
6377	2.3654
5619	1.4212
16355	4.0282
29051	2.2666
5920	1.4975
24099	1.2587
30639	4.3131
16402	4.0833
14009	1.5932
2164	2.4390
6872	2.9200
4787	4.8504
30818	.5697
16157	4.5828
24249	4.9262
316	3.9573
19096	.3448
710	4.8159
24688	.3186
6289	3.3730
3352	4.3908
17040	1.1212
12701	3.8998
30699	1.1049
6815	3.9368
3933	.3776
25366	.3711
32361	2.8830
22521	4.4260
30133	4.3971
1428	1.3876
5248	.0431
6493	3.4484
19952	4.4149
668	.8670
1298	3.3602
11778	2.2696
23480	4.3519
25865	4.3734
3954	.4428
19431	.0764
22804	3.9828
527	2.7457
31936	1.3228
22763	3.3477
26212	4.1213
27553	2.1187
