10586	2.7884
23336	1.3484
17462	.3460
14922	.9212
24878	3.6230
14198	3.2212
23147	1.6885
12104	.2974
9330	4.1871
26239	2.0740
16285	1.5907
1910	2.1483
5132	.2505
18001	3.2282
523	.8682
11178	.9413
18724	3.6002
1632	3.9246
13956	.4782
21304	3.8599
12840	4.1567
8294	4.8171
13650	3.2677
21267	4.0115
16880	2.5220
8633	3.3199
7437	2.0844
31691	.1304
31787	.1345
9224	4.0656
17348	.1493
11786	4.5767
5098	4.1373
31702	3.1083
9688	1.8686
8980	3.3120
8539	3.3161
5909	1.3878
4802	3.4401
8164	3.0506
18267	2.4782
20725	1.7767
12081	4.0119
30031	2.7896
8887	.8229
14096	3.5834
7297	4.3092
25501	.8623
6345	.5943
29105	3.0242
19923	2.8411
25695	.6993
17593	1.4174
21241	.3823
6709	1.3725
12082	2.9691
6169	3.6458
6029	3.5508
11017	.2681
25094	.9303
6098	2.4678
32418	1.4993
19877	2.8072
17794	1.0548
23280	4.6263
20220	3.4533
17199	.9697
32017	1.2448
9905	3.9254
25360	2.2385
24451	2.4254
7694	3.0312
25247	4.1927
17072	.0999
28332	3.9881
27427	2.2225
