15718	4.6713
751	2.0433
20296	4.4958
5514	4.7315
12497	4.9116
2421	3.6844
5293	2.9613
28325	4.3328
15916	4.4079
23034	2.7727
26235	2.3551
21185	3.7058
8640	2.6018
27336	1.3406
10228	1.0220
17378	3.8741
20680	4.5193
11218	2.9329
9049	1.2071
19127	4.6923
28241	4.2495
5264	3.6629
14618	1.0414
31790	2.5115
13737	.4698
1512	2.3413
31121	2.0305
21843	.6436
26476	4.4782
5689	3.9274
3371	2.3213
4772	4.4535
26855	.8470
16978	4.3716
18437	3.4484
19532	4.2483
7664	3.2197
2681	3.5204
19035	.5662
8474	2.6190
24412	4.6754
9840	2.5795
17301	.5630
32207	.4504
13331	4.9560
2307	1.1691
23912	.1681
5233	2.0918
2718	.0773
10296	.9329
6977	1.6815
24048	4.5966
19480	.0737
23322	.9164
6377	4.7071
5011	4.8768
16992	.5381
15581	1.4548
999	2.1340
25941	2.4480
21399	4.1320
5270	3.0256
2975	4.8074
7193	2.1938
18668	1.5051
3235	4.7730
21450	3.1763
11628	1.1439
4086	2.4861
4546	4.6163
30944	4.5628
