1305	2.1514
16815	1.0832
22433	4.6349
12200	4.1154
23304	1.4021
4195	2.5617
23037	2.2061
5785	1.8239
16903	4.6365
22995	.7269
11863	1.6707
30263	4.4651
14127	2.6215
8612	.0714
15566	4.7849
9879	1.2631
10931	4.7114
2001	1.6193
20858	3.6387
15657	.4091
29015	.4585
6177	3.7092
15039	.6082
22809	4.6935
1263	2.1868
26642	4.1894
10038	.1335
26448	1.0092
17549	4.6299
8824	1.0904
31970	2.6619
2840	3.7949
25653	4.2303
968	.0019
21335	.5240
30534	1.3219
12120	4.4929
25830	.9962
25050	2.0868
26676	4.6412
14229	2.5138
17907	2.1750
31467	2.8708
3950	4.6325
4874	.6111
13745	.6512
10285	.9666
20878	.9471
