8817	.1116
17702	.9855
30044	2.5510
1595	3.5460
8548	2.1993
26489	3.6016
23009	3.0643
29503	2.1141
23805	3.5850
6903	4.4766
22739	.5339
9169	3.8512
4354	1.1394
18573	4.3723
17032	.1603
29385	2.8359
28544	1.4378
30671	2.8653
15723	4.7202
25802	2.0918
14720	1.6351
4097	4.0237
14751	3.3083
12440	4.8109
22183	.4698
11145	4.7117
16775	4.9745
7006	2.4407
16479	1.8288
10432	3.0382
21953	2.7101
2016	2.5760
4902	3.8633
22176	3.9574
18711	.0204
3178	2.7048
16092	2.9589
7389	4.6534
19921	4.3076
11819	2.8261
18958	2.4604
17323	4.8092
32610	4.9598
23011	4.6401
2557	.7319
27790	3.5250
