28244	1.3936
2216	3.4427
26609	.6401
241	4.2950
21355	.8104
18955	4.2483
10687	3.3164
16736	.7196
10028	2.1326
28068	.6521
14392	2.8215
28781	2.2814
9613	3.2372
23049	1.9371
12076	2.9451
151	3.7495
14853	3.9692
21942	4.2838
10264	3.9403
30561	3.7936
14999	1.9177
16887	1.3759
28846	1.1717
14506	1.2395
20733	2.8412
8152	3.1637
21914	1.7773
7635	.5647
10597	2.5008
9880	4.2582
20053	.1533
19566	1.0739
217	1.7575
24435	1.6116
11487	1.4566
4222	1.2077
24309	3.9184
18229	4.9865
8293	2.6152
31784	2.8699
23207	1.6689
13390	4.3891
10190	2.5226
30478	2.1289
16354	4.9615
15176	.4774
7346	.7193
27480	.7751
32078	4.5498
12338	1.0074
16745	2.1356
30150	.4179
15916	1.5182
18983	2.7411
29432	4.8927
11444	3.4218
31704	3.0298
23272	4.5260
29890	3.2024
18441	2.2824
2275	4.6476
9104	.3572
14725	1.0377
24747	3.6095
15044	3.7069
17404	4.3264
30065	4.1293
5841	3.9759
8370	.9543
9664	4.3404
10380	.2369
22813	3.7022
12932	.4934
12079	4.6169
5224	1.0957
3933	4.3868
28345	2.0389
2034	4.4993
18164	3.9526
1906	4.6038
