30836	3.0243
13770	2.7666
2689	1.7302
19462	3.9779
23147	.9183
22466	3.2000
6573	4.6241
25867	2.6215
23403	3.4054
1681	4.4080
13812	1.0092
14225	3.5346
7330	1.2720
32496	4.1940
25316	1.4238
27353	1.6516
31583	3.8900
20838	3.3848
10242	4.9035
13892	.9198
15813	1.3373
3639	.7356
18614	3.3906
18227	3.2708
1783	3.2134
29669	1.9354
23209	2.1340
15458	1.4577
24459	1.7311
18974	.4951
7856	1.9589
29518	.3869
17867	2.6006
4721	.9074
18604	.3607
19786	2.1880
17057	1.0191
30304	3.1540
13389	4.4729
24809	2.4459
27	2.3796
10172	2.4593
25995	2.4793
9397	2.2392
3179	3.3191
20692	1.0914
3949	4.9409
23081	2.8278
23064	.6947
1432	4.2960
32144	4.8217
22181	2.1405
4759	4.9815
8796	2.1199
11286	.9347
17229	4.8178
12569	4.7259
13422	4.9281
22247	1.4864
6279	4.8297
220	4.5034
5242	2.1140
12637	3.3573
30352	3.4183
5917	3.0352
20018	3.8535
1949	.3633
3455	4.7030
24313	2.6850
30746	.1576
9109	4.5994
19250	1.3934
30885	3.9869
15345	1.0625
10681	3.2850
29398	2.0038
24929	1.2147
19559	.9677
9643	.3147
20000	2.3410
21617	2.9369
3012	1.2349
9221	2.3044
7946	1.1290
