8946	3.5177
26553	1.9235
13090	.4559
11094	2.2531
19626	3.8489
22998	2.3809
12150	1.9141
2292	4.5672
28546	.9681
22903	2.5363
5834	2.1607
15108	4.5678
1311	1.0940
28627	.2952
8144	1.5283
14089	4.5648
14620	3.6724
6280	2.8527
5882	2.8722
4811	3.8126
25201	2.3741
10262	3.2369
28279	4.5385
21695	.3157
29935	1.3821
10885	.3521
16763	.0140
26251	2.1680
30709	2.7172
9610	3.3822
19429	1.3513
15084	3.0919
11674	.3740
942	.3718
27736	2.9303
20957	1.1696
14429	1.1763
16447	.3859
14195	2.6000
14633	.6808
3249	3.5679
28773	2.7744
16286	1.2965
25329	2.7666
25092	4.2667
9037	.6190
26283	4.6458
8744	4.2179
5840	4.8445
25328	1.3011
12612	3.8798
