11553	.3787
4310	.1327
833	4.4442
20267	.0405
9603	4.7956
18291	.7573
26078	2.7724
31250	3.3182
22399	1.5736
27276	4.7846
5406	4.6957
28215	3.6104
7064	1.7734
15474	.7602
2512	4.1952
16610	2.3323
30192	1.2842
359	2.2865
8908	3.5314
15889	4.5925
26944	1.8167
8960	3.9959
21967	4.0046
15729	.5499
19099	.0683
3814	4.1961
23996	3.0271
9848	1.6438
21160	3.6782
9829	.6501
8292	4.3179
25078	2.5321
3989	2.5342
7913	4.7676
6469	3.2146
18064	3.5003
25362	.6624
381	4.6858
2584	4.1099
24009	.7922
23838	4.9600
11475	3.1051
4406	.3292
5261	4.3623
22531	4.8745
23509	1.0373
18829	2.5576
5900	.0801
