1	1.34
2	0.48
3	2.67
4	3.34
5	0.52
6	3.65
7	3.60
8	4.90
9	1.18
10	4.89
11	0.88
12	3.26
13	2.75
14	1.77
15	1.75
16	2.81
17	1.74
18	2.05
19	0.08
20	3.33
21	0.39
22	1.39
23	3.56
24	1.53
25	3.22
26	2.20
27	1.58
28	3.65
29	2.58
30	0.10
31	0.15
32	0.45
33	4.86
34	4.73
35	3.44
36	2.50
37	3.79
38	2.35
39	0.22
40	4.05
41	3.52
42	3.24
43	2.59
44	0.19
45	3.47
46	2.70
47	2.20
48	3.98
49	1.52
50	2.46
51	3.18
52	0.53
53	1.75
54	3.33
55	2.43
56	1.66
57	2.82
58	4.42
59	2.16
60	0.19
61	0.33
62	4.33
63	1.13
64	1.42
65	0.65
66	1.72
67	2.72
68	0.61
