1	0.47
2	3.43
3	3.58
4	1.02
5	2.03
6	2.96
7	1.24
8	3.06
9	2.82
10	1.58
11	3.23
12	1.92
13	2.49
14	3.38
15	1.69
16	0.68
17	2.91
18	0.04
19	4.80
20	4.66
21	2.52
22	2.75
23	3.74
24	3.21
25	2.56
26	3.57
27	2.18
28	1.24
29	1.80
30	4.73
31	3.37
32	4.75
33	3.02
34	0.58
35	4.97
36	2.89
37	1.90
38	0.61
39	4.21
40	4.83
41	3.47
42	2.58
43	4.64
44	4.46
45	1.53
46	0.61
47	2.69
48	4.87
49	3.50
50	4.87
51	2.71
52	1.02
53	0.03
54	1.81
55	3.89
56	1.44
57	0.81
58	1.45
59	1.64
60	2.61
61	1.62
62	1.50
63	0.56
64	3.28
65	0.67
66	4.87
67	4.40
68	3.28
69	2.25
70	4.90
71	4.15
72	2.31
73	4.60
74	4.96
75	1.46
76	0.37
77	1.96
78	1.50
79	1.48
80	3.77
81	1.18
82	4.20
83	0.75
84	1.99
85	1.97
86	1.57
87	0.37
88	4.70
89	1.64
90	4.66
91	2.72
92	0.50
