1	1.79
2	4.48
3	4.14
4	1.05
5	2.14
6	1.71
7	1.01
8	0.99
9	0.21
10	2.15
11	4.04
12	0.55
13	4.41
14	2.87
15	3.24
16	0.14
17	0.49
18	0.10
19	2.02
20	0.51
21	3.60
22	2.45
23	0.14
24	3.23
25	2.44
26	0.50
27	0.87
28	2.82
29	2.84
30	3.98
31	0.13
32	2.00
33	0.07
34	3.16
35	1.61
36	0.45
37	2.00
38	0.46
39	2.00
40	3.95
41	2.40
42	4.69
43	3.81
44	3.41
45	2.14
46	0.11
47	4.33
48	4.21
49	1.15
50	2.57
51	2.08
52	0.56
53	1.60
54	1.96
55	2.63
56	0.61
57	2.93
58	0.89
59	0.41
60	0.77
61	0.67
62	2.97
63	4.80
64	2.77
65	3.56
66	0.37
67	1.91
68	2.57
69	0.54
70	0.53
71	1.59
72	3.50
73	3.00
74	4.43
