1	2.93
2	1.62
3	1.09
4	1.73
5	4.11
6	2.02
7	4.97
8	1.75
9	0.86
10	0.95
11	3.88
12	0.67
13	2.42
14	0.61
15	3.93
16	4.94
17	3.67
18	2.48
19	3.81
20	1.66
21	0.68
22	0.42
23	4.42
24	3.03
25	2.74
26	4.02
27	0.32
28	4.49
29	1.17
30	0.30
31	1.77
32	0.37
33	2.43
34	4.08
35	3.45
36	2.85
37	2.99
38	1.81
39	0.55
40	4.58
41	1.84
42	3.30
43	4.20
44	3.76
45	0.03
46	1.31
47	2.19
48	2.70
49	2.48
50	3.40
51	2.52
52	4.73
53	0.30
54	1.78
55	1.87
56	2.05
57	0.22
58	4.16
59	4.33
60	0.24
61	3.22
62	0.46
63	1.71
64	0.50
65	1.06
66	0.58
67	4.00
68	3.04
69	2.78
70	3.66
71	2.28
72	4.68
73	0.23
74	3.02
75	4.35
76	1.37
77	2.49
78	4.88
79	0.94
80	2.09
81	1.40
82	4.61
83	2.82
84	0.30
85	2.35
86	4.82
87	3.18
88	0.81
89	4.89
90	2.93
