1	3.90
2	4.85
3	3.46
4	0.24
5	4.63
6	4.82
7	4.20
8	4.44
9	3.47
10	2.51
11	2.65
12	4.42
13	4.56
14	0.57
15	3.79
16	1.33
17	4.82
18	4.03
19	4.16
20	4.77
21	3.40
22	1.30
23	1.07
24	0.12
25	4.14
26	2.42
27	2.19
28	2.01
29	4.76
30	3.38
31	0.11
32	2.99
33	3.97
34	3.73
35	4.76
36	2.22
37	0.85
38	1.00
39	0.50
40	4.07
41	2.75
42	1.42
43	0.48
44	2.18
45	2.34
46	4.85
47	0.05
48	2.43
49	2.19
50	1.63
51	3.76
52	4.74
53	4.09
54	4.54
55	0.52
56	3.35
57	4.77
58	0.04
59	3.26
60	2.73
61	3.59
62	4.65
63	2.10
64	0.27
65	0.89
66	1.03
67	0.55
68	4.20
69	2.83
70	3.69
71	3.21
72	0.74
73	1.21
