1	2.35
2	0.61
3	4.30
4	3.01
5	1.32
6	1.73
7	0.89
8	0.30
9	0.45
10	0.07
11	1.09
12	1.34
13	0.00
14	3.73
15	1.92
16	0.17
17	2.75
18	0.57
19	4.94
20	1.74
21	4.29
22	4.72
23	0.04
24	4.99
25	0.28
26	3.91
27	3.48
28	3.93
29	1.83
30	4.19
31	4.20
32	1.34
33	4.69
34	0.22
35	2.27
36	3.83
37	1.29
38	4.76
39	2.92
40	3.05
41	4.85
42	1.88
43	2.26
44	0.22
45	2.90
46	1.84
47	2.90
48	2.88
49	4.14
50	4.30
51	2.42
52	3.64
53	3.55
54	3.93
55	4.01
56	4.41
57	3.91
58	4.63
59	0.01
60	4.15
61	0.53
62	3.22
63	0.80
64	2.30
65	2.82
66	4.63
67	3.48
68	1.26
69	1.15
70	3.02
71	1.95
72	1.96
73	1.06
