209137584	2.6427618985263
337603600	1.8019944926733
951718573	3.652590300726
1380421682	0.87479648919534
748309147	0.60800795704499
1828349392	1.4743977815259
832761916	1.6842002103497
2066835245	0.44228365199747
1455253269	3.9535202220797
421211239	1.7908128499011
1820276914	0.43595723595282
285728022	0.029366493704434
106363863	0.23300596989366
1041704209	1.46358898909
309758116	0.033188150279777
1199311168	3.9481264557448
1737382181	1.4467064949901
1563218849	4.6204250676653
875634433	2.1484287768362
792856196	1.9495310154508
1432939399	3.9991694358174
264120029	1.940738149891
