1994702099	3.5159655746613
27473012	0.98195755899975
2073421655	3.1003626334017
804308066	4.6385806727403
1103165227	1.3507351844342
980733961	3.4518260897379
1463224502	1.6853184633354
2137648571	2.6282697485891
815810768	2.1872371305652
1384772	1.3897391834249
973894899	3.7194638134537
1457583503	0.87329747195975
1810301979	3.4946454728463
2114733821	1.9791031544931
1991893839	3.8984630065497
1003278887	2.7994901141149
1431551512	3.4803072425911
2112184106	2.1517960201724
772821060	4.4253638663447
1536168646	3.7753673497473
1428553340	0.041324524228147
648661602	1.7678208308145
480512572	4.0868719569812
111297560	2.5019941630317
1212697678	2.4696057883415
958533567	2.1664794428118
2058379065	3.9748751274193
628878897	4.2490335270991
1949425292	0.16247833853703
367931809	0.28227916233348
195622484	0.51410633163252
1474160854	0.085536346344993
136498899	4.5942568101893
149512445	1.6687628425047
715266262	4.685412284306
1079337894	3.6450623248914
1511616226	4.1747241626376
1497210054	2.0428558029434
1271803306	4.3640236530285
1383369160	4.5477495247255
818454455	0.096702184573143
75872538	2.1143492856595
1979666144	4.6249270553817
1542781619	0.20270873569078
1263249350	2.0044426233528
1742866728	2.9882984273081
1169498267	4.195632047111
1344280185	4.1144220619995
1421735341	3.434137533621
1376539789	2.3669122868995
2030962496	2.7113945212734
1233357774	3.2661413463141
1936201883	0.63944171212588
86709196	4.591986941915
1386713469	3.6964080290386
1843061532	2.125313711411
1221069732	4.0477030743136
1404495150	2.0451377458149
1957903650	3.2279968765695
520393971	1.3464720763017
1993024111	4.3369189879563
2010625314	4.9004301288633
1741833536	3.8300055446243
1218328321	3.6761997168307
1141683943	0.71788133621117
10319645	0.37256023631085
1975301486	0.87556867668199
957042614	0.51118117548115
2004618539	0.45583179008953
