1143472067	0.25608123990525
773226955	1.552006952256
2141193063	2.764909564408
550958622	1.5294247663251
1422216198	1.3098557532345
133177520	0.4486010924208
1415981323	1.7871720910944
559729110	0.76375881012704
914649686	0.4139888521349
225625920	0.54366230524316
1174882476	1.7037354627176
1555055741	3.5503402345583
277289862	1.3007542171053
1897209346	0.67167075382158
1889880214	0.53392546043448
2013111489	0.51723349165043
476857524	1.2968931679134
316100135	0.13109538477431
516212070	4.0658885026657
355708231	2.7995393228715
109502152	1.2579080677861
1148752969	0.12970879679998
813439164	3.0082481484899
480797968	2.0276618385816
1739231261	0.97745976921984
1451742711	3.0352608687409
245375010	4.0362662631256
1577185856	0.1842584531681
478656069	4.1742712139032
1017008473	0.50013075605972
2109877050	0.70133333359907
1207199396	3.5265741257586
814082668	0.062471949524466
51755484	2.2476720680705
895055984	1.546916117215
487264522	4.3300756133767
912767809	0.72761895168927
460067974	1.582688105564
1964734664	4.8918833513241
605430632	3.3977851194319
633486770	3.94987164482
2137998395	1.1373662208847
