896652222	2.6636173215991
576760737	2.8994451802687
1075975293	2.200683689304
1579813222	0.34703569968559
499280868	2.8499524820829
1943354551	3.9165740478395
1802848521	0.69827557573946
1409915883	1.9061397048208
1438791115	2.1198138720914
241563447	0.063477989781405
1540512442	2.3039966809116
2143024496	2.4268294346644
1535019362	4.9680307227969
1911691773	2.3362779232377
543393430	0.032265298083548
866217525	4.6287403370388
102035919	3.3696474197179
462154170	3.9226424130251
1888319854	2.6357969747092
872067625	2.5283471250573
1648452190	4.9456227314405
865374518	3.7656375760053
1990086529	3.2008367838342
60689564	1.6540369492276
641917816	3.1051630704222
1189685326	0.53617372901001
1906656863	1.539062702348
1819469980	0.073846713674183
1860781540	3.392242341485
1328274432	2.793344709926
197759441	4.1220641411478
810671307	4.0037590027804
1062397899	0.33449238880281
1578865746	3.4876431680693
1466540705	1.8983343229156
1317504334	2.7427655261675
1927989901	4.9400303023588
1670992310	0.29409572961465
1469374629	2.7699944063881
511367845	2.9462832691829
1565760903	3.8253446173972
389871802	1.3018051680652
704109130	2.8821011389988
698401268	3.1931822179785
2064608909	0.54693779700759
1782600110	3.3525384861755
1064468454	1.1428992921221
