1230036482	2.3110096376906
712906135	1.4186773525638
1449738299	2.4018177261585
1910091821	3.3919262389615
1960419205	0.17235873740742
590415066	2.4612904840434
884639335	2.1413364737021
402782740	1.2706872430959
378621433	2.1468087761415
291093315	2.1154114055053
847133007	3.2629668681244
652494234	0.53186321655841
144388694	0.53662945774227
1924390248	2.2736391039908
1334658980	0.66914833414794
1250374192	0.2076973906754
1280152490	4.531953050537
721697274	1.505648198773
1698508475	3.0811964827968
665261933	2.4223876243561
1285381149	2.591392822839
1796171424	3.260583196888
1407224800	2.5126864074323
402922453	2.1559520983863
1264703767	2.3554902255328
1009502790	3.4541257766327
1040532578	4.6583860086549
1581717823	2.0848615593672
78439130	4.1743739015303
1337188253	0.45965716962687
192417409	3.6320787894689
1950571964	2.0849820655235
589578872	0.41759871431515
1620912900	2.8515866854468
954474441	4.7766917710084
1425792465	4.9951365403808
2101728452	0.49602817301453
1865366937	4.0568713094373
306550235	3.2972403700916
1597377832	2.1366411504041
704149950	3.1848294232901
1579261723	0.12337056925677
1542425104	0.70434161261858
1609557415	1.5245921660795
146647166	3.3159585522096
1167710172	1.4527530323028
1862263037	3.6662179178867
540082743	3.3476096197719
1942994907	0.10589668765007
735896152	4.9458667379552
410703039	4.0138363950019
1222505805	0.32926141066908
2078154917	4.3888819936611
169921468	2.8627110821487
1889094058	1.9969118488938
113071101	0.36245141428078
1277941179	1.2551727966662
1358399633	2.9124633213098
421940209	0.64153201907944
1898330659	2.3101577615878
2117394797	1.3516990357785
1485381350	4.4754310252496
197724323	4.23170701332
212533034	3.21511032908
1125788038	1.2787895841891
1534153794	1.5563571949286
1945262611	0.98722704499365
1410671997	4.323021280264
137496497	0.77554899536797
857815890	4.4655506054245
461582205	0.36163813451381
1284248487	1.2002722808161
1424779360	1.3363374403381
1495170482	0.80999283623416
1646327672	2.3713042761066
660003961	2.4122510396001
1645522167	0.045654932058256
677161160	0.86184109601278
1914763413	0.79283542967999
1332504323	0.65857396724567
1885719352	3.3138128245779
1795111291	0.87757742306105
342323635	0.58395778787507
2128334012	4.0570366238509
2146372575	4.6670661911681
1480807510	0.83889414129727
333551697	0.33166802969373
2060774778	3.3844417256231
1738063287	4.6994809339286
2048029086	0.43902675874486
2116494181	0.31157314093391
