1184151125	1.6106724094649
2090134262	0.43721988584717
884410837	4.6721306069159
728761325	2.1813205569896
541837087	2.728332061194
1515474559	1.5204778367283
547328340	3.3971969356747
1281533621	0.5967639831811
249299492	1.9925425420481
1742450553	1.4686527203157
1333501635	1.421214957452
589990263	3.4926305261872
1108375442	4.2111240230553
710913656	2.686265845637
1546741812	1.9891747515598
1303853006	3.1602531290428
450064255	1.366563344545
290795579	2.8423980753135
1508779113	1.8598296944331
369557712	2.188553417655
75400725	4.4370870103301
1722385347	1.6398275558091
1998086131	0.56773338260489
1196575203	2.4777464324039
1386009285	0.17154084060879
1120128742	1.4630960563492
1124004551	1.5379152407581
69863305	0.5519565034434
1623174667	0.82545125196942
1632658073	4.1771903350843
518181768	1.9183257952883
813261494	2.3634435945952
748549384	3.7649863067851
127756235	2.7100630396558
2130284002	2.5444413826542
2111469746	2.4749077937915
1394556495	4.6295654096778
1831510444	3.6386783437983
507685073	1.5449242254463
1358829183	2.229322361401
1760996957	2.4478488799407
874212004	2.5258461141614
551370067	4.5423913814791
964612519	3.7813985900867
719516751	3.4203477382755
886084351	4.5887397437304
1926711177	3.3308529846048
334261254	0.080167776942331
1857314963	3.9425378241309
1421986690	3.9577021328535
586536982	1.2684544414601
708315676	3.5272464871068
233160648	4.9213472217886
244492385	4.7243580919338
1753050094	4.628203275906
1282235799	3.3359389488287
1692397856	4.3684337029087
627915483	0.65969088844009
1850780853	4.2942865469001
1105129771	2.7505425376587
1006729415	0.89189065429004
738416736	3.5665703860887
761725584	4.3611437475128
1230393445	0.048038626577723
2047056104	4.3915801166518
82952033	1.422705574158
676341348	1.824399545707
452708431	0.92931851787927
844218205	2.5757682475149
1686532292	0.59845970971438
1099709030	0.78750904918998
1409158880	3.3888356682792
1119262270	1.7906562061006
986534557	1.4903004218313
1315840999	4.6649096671794
1099193665	3.1514597628971
1514006189	1.2963182578312
1958417676	2.0657684291088
1899206688	4.4463179863274
356047759	4.5801808450279
224332802	4.4487305192504
1561936751	4.5332188576149
893377709	4.9227219470417
611150515	4.0936724255298
881162745	2.1357800588644
266536270	0.021903319294519
1646048900	1.1592960153517
1639214319	1.043395209612
2048998153	4.3859652007865
1187438224	2.5911578315269
1571707194	4.2130635838085
1778395845	0.56629175346638
468681433	0.87714607868211
1050848233	1.7076398440207
2005516115	1.6267897103107
