752379606	2.889340912406
1905482330	1.0834620688499
805189480	1.3997499022632
2008135913	0.65693529818996
1077264871	3.6590262193508
760804321	0.20362886609679
1922575909	0.94458386113149
582583473	1.1189761786344
1280226740	1.6832191900738
1418247035	0.58569680460994
1741745781	3.9539783466393
873685428	1.9330226056897
1691443064	3.7036351667268
241363089	1.331834854247
1431887620	3.7504655722298
2135148445	3.1941950429204
1652405224	3.3994462077503
95931191	1.8485902724083
545445823	2.4210855515772
1226789353	0.62201975408104
839070856	4.4946810950035
