1419261043	1.089758035303
896462612	2.637335009704
271325052	4.8309522191207
807627192	4.4979269381137
2116296607	2.6347450435323
674328702	0.22447254984848
944732047	4.4496015317038
2055503427	3.9162843366695
1120690845	4.4491084732344
1777917210	2.8073065321927
1019810769	2.2872489259053
67129379	2.9506412604594
1630600458	1.4296470472727
642403907	1.6436621275002
1981087848	1.1024710494571
5893009	4.9232756555654
1354779105	1.5089661355638
30368670	3.1272994182665
1267515409	2.095641159497
1806344587	4.7926071820746
1195893023	0.36161654645652
879845602	3.1573856287437
2023163188	1.4491223993009
1530156029	2.049143902049
51606004	1.0253296215205
1251706491	2.030092746499
1389362160	1.1278530238792
101606305	3.9217128716045
1560851780	3.7279869959354
1288560021	0.63378105435231
1426169637	4.2556236098779
1378808106	4.5121561384351
924789201	1.5895189352285
2132881727	2.2054626383844
239636689	2.7948058363026
752285581	4.5687048926804
1920703477	2.4100495606708
399372322	3.1404922591245
1024026903	0.70589569430142
1752468861	4.9425661121228
1125876844	1.8432615589552
1575136921	0.13700393500598
625097961	2.8200049688201
513850380	4.0992021929003
390528534	2.0864488333866
245274302	0.069553006938451
2090014627	0.73422980761818
944214596	2.5409751443849
1958330200	3.6292880674029
607543024	4.0419272212507
1476103980	1.4103262831505
1197796242	4.4505617578749
929836831	2.9082295125854
1319978329	1.7725664432033
1142798820	0.96614401832509
327301563	2.1844177563602
753826931	3.3643095001412
1162409116	3.5903840319209
1364354006	4.9479390075188
1211562259	1.3421087415619
883583251	1.1044407501372
48787124	0.76621770661614
1160639791	2.5861398701491
1197879786	1.5154242569187
695276260	3.8729750289922
86423277	2.5081959215497
369061808	1.3782505464639
1569504512	0.12472932931256
311596700	3.6546166002073
606389940	3.4952549862188
1343175988	2.9735883315902
1764057167	1.8181796101007
475557816	1.6742718111138
1039735640	1.7951461262047
1766290642	1.1328262305506
904617395	3.5162543009577
1341584615	2.4855296115789
1058397459	1.3463120471436
159666448	3.4679864083733
880300943	0.26068404561872
1503290714	4.5575508915622
679074892	3.4414130395471
447768429	0.92209399022259
