1543665255	4.2433787436427
116701358	2.9829442305411
309584256	2.335381797671
776116672	1.7758771319761
1101060970	0.6956445731668
513956051	1.1305625858393
666071741	2.5021938292786
1329248386	4.0993897263423
810410067	2.2027091645648
1385648292	2.5485329830779
484916867	0.44651477385616
484648550	1.9549359436868
2053940960	1.2996316846924
1856953199	0.40567500768494
713605831	0.52280898463112
619980056	3.2726706975478
978121981	3.9941980522099
1158152964	2.9758263626023
1019136813	4.1239962676186
962135437	0.069187402291776
554529984	0.95325585731922
630891350	4.9133013933493
1699373842	0.45120101675913
475570553	0.94561022750363
1272363082	4.8492741304679
945374169	3.5832550370056
449545558	0.49138207244285
781658416	3.5588796546491
1592157914	4.22819019725
428952675	0.48733805328949
1239771826	0.6570957883527
455356357	2.4622143909625
331416544	1.4428173617659
617690005	1.6577999674053
475580096	1.7154903042668
460285418	3.8515364745872
110929657	2.2628582558887
382864284	2.1672392180968
152947404	3.9899896453088
6291074	3.2646804620813
1045033639	0.70987303541502
161235765	3.3906994449863
168121061	3.4179427094841
520570169	0.54583834043976
1009607705	1.3297507149772
60352131	0.4615243503179
263050996	4.7857626410135
1635783979	1.2836514954845
1447525412	3.3774209061532
1457421404	3.8679641619641
2027674259	2.6679701323937
