79889812	0.79845509296211
1420730679	1.2073864281212
450130294	1.3005734101406
978715679	3.9198840427771
111060858	3.0204908121473
1619918238	0.66741857243116
486852042	3.3515865487752
1614376837	2.323040295077
1194428829	3.2850886687101
2019778856	0.40020078672105
335946992	4.4498210653895
1397354692	1.9254387900817
1056323815	3.2449200974055
759577185	4.5186578293884
1535037528	1.6951796140965
1635658085	3.7497211055596
1976719446	1.8229836746226
1889313612	2.1273808540438
894593996	1.4445601852818
1841312762	2.9208937394064
822568757	1.602102726047
