1099630938	3.961766743549
2046608549	2.4952673574422
1718919015	3.6516133852543
1867432981	4.7106000174352
947737468	2.7647419822238
1709144761	1.1714073229448
1422458509	1.0289646526933
2007417105	2.6637836744375
1748479263	2.9930763076959
876712518	3.0184804126706
1488389069	0.29531749444796
1998772349	0.68008845238019
1994262041	0.44591701144628
395144334	1.4651554410649
1342709899	0.58434085482002
225365597	0.83296528590516
926207357	4.919546982236
1925631285	1.298922061128
1281956298	3.3745783629709
1831257939	3.1985918004991
1510655644	2.4441995110569
1612223930	2.163827415632
376537593	4.6029829115621
1476020412	3.1094332403082
461961476	3.0512919058331
570461274	2.0490994570074
2073468451	2.729509823364
356307135	0.46614790357004
