206763717	0.10142951742813
1625945396	3.3405226554445
2121291959	4.966072777736
1776644635	4.8842798964513
137568616	2.1932412950291
162870090	3.418172934753
2118290914	2.0743503175091
1223355372	2.8419699393408
256022685	4.3893829497459
1260563320	0.22352508046828
1090144986	0.58820396689149
1517075631	3.7636926298792
1920296222	3.0027800323455
512286363	0.09037798740453
1453793801	1.1193628637676
1651942293	4.2618287700516
443667128	2.9882523477954
887356018	4.9864909518447
1824506866	1.3001860288438
377617801	0.89706054464777
1410367327	4.8849010792956
1782341877	1.75313236972
1438033485	0.76211431332031
1717213350	0.21592945336175
1247997601	1.552774811421
1695064331	1.208030796241
2059944397	2.281619611793
1391415497	0.60759335551765
1094001714	1.7830831682231
1425666757	4.6830451673283
2031625195	4.1467376701286
1546967655	1.1166048334523
2040151634	4.6637401122897
485809862	2.9842268875727
1698095192	1.6651986128023
1192041835	2.2170463494105
1582017000	0.23218642232576
1543400243	4.325216184056
2089275152	0.21380587025257
846175614	0.25880322338026
1728684604	1.268185594244
1899419595	4.5696351139665
1498679588	4.2026093202655
1366829125	2.9332642457137
2015702518	2.1900253799698
1277751445	4.2309265510323
2063865389	0.41057842104257
2094125908	1.5982175323173
1627569524	0.3703411833245
12431969	2.5801835128014
1863944209	4.3992463752624
1159282975	2.3580867365739
31865266	3.7942633306581
368942496	1.9566717287324
1593829476	2.3620200936506
351479311	1.634739272592
1532777094	3.6435156216116
287019943	0.77470567579135
645571980	4.3727914334148
1832960009	1.5874056502187
38760312	0.17883603003753
321142097	3.5717108582946
1722959475	0.50374618987727
527833675	2.7547546651935
1981798749	3.4538932859217
1411063867	0.010997948707546
1862449041	4.3840356098414
898517316	3.596862076594
1415758301	2.6423371339414
1483598636	4.2538938458329
723362758	0.98663121274981
1753160155	2.4127447430104
1892514666	4.984338325441
59751892	1.0720648225732
2130185240	3.2248024215106
532970630	4.5153590405897
1100204300	4.2088310603093
612906503	1.9739291476896
1105326737	2.6175824285567
141689842	1.3678394287675
1644151607	1.4062162122718
1014549794	4.7986583247775
488683744	0.81591997566443
