1240866011	4.533901521719
164740995	2.3992034315128
117257039	2.7558623220566
2007376303	4.485907964169
1571094705	3.7381270126152
1975659678	2.1094535161319
1892394324	3.6378668940802
1214893016	0.3022846092015
1160310381	2.0440801312421
620763748	0.66914669734852
1469317743	3.0695436024431
51523498	3.5403639420589
1826681422	1.808611083221
1172296374	1.7538103492715
1070433465	4.5078913352955
1668119473	0.17255022897038
1556352194	4.6294204889002
341868858	4.4499899327988
1862808744	2.3648109856829
981903240	2.5963169651089
740051080	2.477004908713
268384906	2.3984817706041
1736790096	0.48737473808572
355255279	1.4041093044933
1066571457	1.1861498938809
901298909	0.068186763705773
1153988561	2.7543043358039
1308971757	1.473103436396
1892980961	2.6883958618568
1303606570	4.0274754441471
1164041984	0.16245124869163
36275299	2.5434858480205
378972664	0.28867607018383
879646634	0.76748894330463
1316309765	2.2561982005165
2044208100	2.4858442263146
2107954430	3.3810259417542
2032286122	4.707328714294
339168246	0.1414696453798
745148303	2.028384507647
961007987	4.534431032154
914347463	3.4694633066978
256657150	2.0739078414971
335417716	1.8314421930497
1218966451	1.109358175243
1210971141	0.048745840344925
238849458	0.56006028575826
1253885435	0.43126236201788
250109785	3.4251510344563
1050105112	3.7848637852747
364251029	4.1682763719784
37328966	4.6624128588766
1202113168	4.9890950950743
1062253475	4.7020000031693
2096652416	2.0869586416925
1866211673	1.7129121239823
723698839	1.5981101857489
1215710590	3.974969887163
132227448	4.4075775842218
1022848820	4.3872208960295
571657060	1.9932894185154
2056315737	1.3903672347732
35639637	0.073380703140693
860132909	4.8156564821562
