1474347644	1.4465555625253
900776182	2.4974266823835
556785132	3.2172207409596
609153660	2.7352274198715
514535762	4.8137779276882
1760313244	3.5482999605817
2109414658	1.0987693355879
2128650492	1.8805770724456
1943390520	4.6189565838403
1650518733	0.3676347925177
2081530492	4.9550959770359
1166885978	4.5277356843128
1794321412	4.9584245052926
1978040488	4.1095626396637
1762210988	1.9857218544864
1260414092	0.40596141033152
1804093468	4.614000511176
1484864755	1.9428492928589
1183974569	1.3330670196251
1696743908	0.40747799463918
1583380783	1.3068779587312
1106980092	3.8961440086812
605269405	0.79692630832872
931917476	0.47681444579587
1038497823	4.7809181244955
300601735	4.647576517727
1865093781	1.2492854014269
48143045	3.3392881524466
13638346	0.98490562568647
1067028033	0.04743653584618
1336431784	2.996534946373
