548964666	0.60668836143179
144547944	4.8985892836464
1702561389	0.98859868989726
438308738	3.5631434729151
1779612055	2.4921954504644
940655722	3.2328063800152
1148323321	0.85448598063294
1373123649	0.70136410915356
1237610156	1.1060462268563
757084835	2.7141847031723
1680527255	1.7456754002467
2072333283	4.4390843875888
523791397	3.9191413595896
1488031513	2.0568463052888
840918733	4.4774694226112
845153276	2.6780103788143
1107635237	0.022828951488635
235446382	4.9335032887447
150579667	3.125652218296
1474922647	2.442838881371
1118382904	1.231749260906
800610699	3.5282119938769
462184471	3.8562435744592
1561578416	3.9946652245683
1376434051	0.40010390821849
898543082	4.6973056228353
1338247567	4.0807566671077
47348511	0.34235272572485
924253270	0.54665927567829
2045484364	4.6962658035086
2016365074	0.57979116243301
505974558	2.81677397332
1921103020	2.8638775217644
251655290	4.294347352951
739478072	1.9295315174058
1237563377	3.0912648016081
1868851416	1.1434788844285
449138284	4.0976028605819
110887876	3.0598462457116
1286154189	4.779943672372
1471742929	4.1572205415728
1257552028	3.3535116344474
1896816901	2.790146834585
1446185577	1.4129632787839
192189248	2.212665701384
1674236049	0.23360520146489
756858854	3.8657389925168
1314966383	2.1125612068514
1700332567	1.9490869189375
210325479	4.7819561533546
386780571	3.6622414382464
1488455266	3.3516232033035
343095337	2.2781076805098
833290481	2.7266104206101
1052414530	4.3929146995735
1234264098	1.8649523364682
1954937551	1.9396987170632
1472595951	1.7142224971737
814425933	2.0011653155094
681991876	2.6227006817342
1290697707	0.78682395899055
1015070959	4.800801558793
376357034	2.0673087877535
77610347	1.9227975802137
1752327177	2.4310295667644
