1	1.68
2	2.19
3	4.06
4	2.33
5	0.09
6	3.47
7	2.90
8	3.37
9	0.17
10	1.15
11	3.17
12	0.27
13	1.69
14	2.95
15	4.33
16	3.41
17	3.87
18	2.88
19	0.37
20	3.35
21	0.00
22	4.49
23	2.27
24	3.63
25	2.02
26	3.72
27	2.55
28	4.38
29	0.07
30	3.91
31	1.39
32	1.71
33	4.55
34	3.92
35	0.30
36	3.59
37	1.34
38	0.51
39	1.43
40	3.88
41	1.34
42	3.57
43	2.83
44	3.04
45	1.35
46	3.41
47	3.56
48	4.63
49	4.38
50	4.15
51	1.72
52	3.83
53	1.56
54	2.08
55	3.18
56	4.76
57	4.24
58	3.04
59	0.78
60	1.24
61	1.58
62	3.62
63	1.07
64	1.32
65	0.39
66	3.70
67	1.99
68	1.46
69	4.98
70	0.28
71	4.27
72	3.63
73	4.95
74	1.78
75	4.93
76	4.40
77	2.72
78	2.85
79	2.63
80	3.34
81	3.48
