1	0.30
2	1.41
3	3.02
4	4.77
5	1.39
6	3.08
7	1.39
8	1.15
9	3.34
10	3.20
11	1.60
12	2.24
13	2.30
14	1.55
15	3.73
16	2.21
17	0.97
18	0.65
19	4.45
20	1.97
21	0.58
22	3.31
23	1.56
24	3.74
25	2.09
26	3.86
27	1.81
28	2.79
29	2.70
30	4.87
31	4.05
32	4.57
33	0.95
34	4.15
35	0.03
36	0.85
37	1.08
38	2.33
39	4.09
40	3.05
41	1.15
42	2.93
43	3.53
44	4.22
45	0.94
46	4.22
47	0.26
48	4.39
49	2.30
50	1.02
51	2.06
52	1.14
53	2.54
54	2.52
55	1.90
56	4.82
57	2.56
58	0.43
59	0.55
60	4.06
61	2.34
62	1.48
63	4.01
64	3.11
65	2.56
66	4.40
67	1.94
68	1.77
69	0.80
70	4.14
71	1.69
72	0.76
73	1.56
74	3.94
75	3.38
76	1.91
77	3.92
78	1.07
79	3.77
80	1.70
81	4.08
82	2.61
83	1.67
84	1.53
85	2.57
86	4.75
