1	1.34
2	0.96
3	3.24
4	0.93
5	1.33
6	0.89
7	1.68
8	1.24
9	3.92
10	3.93
11	2.72
12	0.04
13	3.06
14	2.30
15	3.07
16	2.24
17	3.79
18	2.18
19	2.59
20	2.58
21	4.07
22	0.23
23	0.18
24	2.12
25	2.88
26	3.62
27	2.46
28	4.28
29	4.72
30	3.17
31	0.83
32	1.23
33	1.36
34	1.94
35	2.76
36	2.82
37	1.03
38	1.85
39	4.27
40	4.40
41	1.00
42	4.28
43	3.18
44	4.46
45	0.67
46	0.46
47	1.79
48	2.62
49	3.51
50	0.54
51	2.51
52	0.72
53	4.62
54	4.83
55	2.24
56	2.32
57	2.35
58	2.92
59	3.33
60	2.27
61	3.27
62	2.59
63	4.14
64	1.93
65	2.86
66	0.26
67	1.85
68	2.07
69	0.24
70	1.45
71	4.97
72	0.52
73	4.47
74	2.94
75	4.57
76	4.82
