1	1.61
2	1.71
3	2.29
4	1.31
5	3.46
6	2.28
7	2.04
8	3.29
9	1.25
10	2.50
11	0.35
12	4.99
13	1.14
14	0.89
15	0.57
16	2.30
17	1.13
18	1.13
19	1.12
20	3.18
21	2.15
22	4.78
23	0.65
24	1.17
25	0.77
26	3.08
27	4.22
28	0.53
29	4.18
30	2.27
31	4.23
32	2.62
33	3.55
34	0.94
35	4.77
36	0.22
37	1.07
38	0.40
39	3.50
40	1.62
41	3.90
42	0.14
43	2.00
44	2.56
45	0.73
46	3.34
47	4.60
48	1.68
49	2.05
50	3.00
51	3.33
52	3.78
53	4.73
54	1.85
55	3.20
56	3.60
57	0.19
58	2.14
59	2.31
60	2.96
61	4.90
62	0.04
63	2.06
64	3.91
65	4.02
66	4.55
67	4.18
68	3.40
69	3.84
70	3.94
71	0.62
72	4.78
73	3.32
74	3.35
75	1.96
76	2.44
77	1.65
78	0.19
