1	2.13
2	3.59
3	1.46
4	0.43
5	3.37
6	0.92
7	4.16
8	1.61
9	3.77
10	1.62
11	1.00
12	4.06
13	2.01
14	0.92
15	1.65
16	4.88
17	1.54
18	1.41
19	4.73
20	3.22
21	0.39
22	1.01
23	4.67
24	2.92
25	4.65
26	1.00
27	1.22
28	0.76
29	3.68
30	2.57
31	4.11
32	4.74
33	2.83
34	2.31
35	3.37
36	0.80
37	0.61
38	3.12
39	4.07
40	0.44
41	3.06
42	0.23
43	4.12
44	0.99
45	4.44
46	2.08
47	3.18
48	4.87
49	0.88
50	3.26
51	1.86
52	1.70
53	4.42
54	2.22
55	3.00
56	1.36
57	0.69
58	1.85
59	1.77
60	3.75
61	1.45
62	3.62
63	4.07
64	4.93
65	1.39
66	4.03
67	4.14
68	3.37
69	4.88
70	2.62
71	1.11
72	0.24
73	0.34
74	4.58
75	4.43
76	2.56
77	4.98
78	1.79
79	1.82
80	1.15
81	4.13
82	3.35
83	1.54
84	4.64
85	4.14
86	3.86
87	4.64
88	2.24
89	4.25
90	2.73
91	3.03
92	4.55
93	1.57
94	3.02
95	1.11
