1	1.16
2	3.81
3	2.06
4	2.80
5	0.43
6	2.14
7	0.56
8	2.01
9	0.01
10	4.57
11	3.28
12	2.90
13	1.67
14	2.73
15	2.82
16	2.24
17	1.37
18	4.18
19	4.05
20	0.20
21	0.57
22	0.77
23	1.86
24	2.08
25	4.38
26	3.98
27	4.21
28	2.02
29	3.03
30	1.80
31	4.88
32	2.55
33	3.74
34	1.74
35	2.92
36	2.30
37	1.00
38	1.38
39	2.69
40	4.62
41	2.20
42	0.32
43	3.89
44	0.69
45	3.80
46	4.98
47	3.81
48	4.96
49	4.61
50	1.83
51	2.62
52	0.80
53	2.56
54	3.40
55	3.90
56	0.44
57	3.37
58	3.47
59	1.62
60	4.62
61	3.80
62	3.46
63	1.18
64	0.44
65	2.04
66	4.35
67	1.28
68	0.13
69	3.14
70	2.08
71	0.26
72	3.93
73	0.47
74	1.04
75	4.77
76	0.93
77	3.42
78	4.59
79	2.15
