1	0.13
2	3.04
3	2.66
4	3.43
5	4.38
6	0.85
7	3.29
8	2.33
9	1.58
10	1.45
11	3.79
12	3.24
13	0.53
14	2.86
15	3.04
16	2.30
17	2.32
18	1.61
19	1.61
20	0.86
21	1.14
22	1.90
23	3.97
24	2.11
25	0.18
26	1.49
27	0.50
28	4.00
29	1.30
30	1.68
31	4.98
32	2.92
33	2.63
34	4.88
35	2.19
36	0.65
37	0.48
38	4.99
39	3.17
40	1.83
41	2.21
42	2.12
43	0.76
44	0.06
45	4.66
46	0.41
47	0.70
48	0.32
49	3.32
50	2.74
51	1.99
52	0.95
53	3.84
54	3.41
55	3.09
56	3.65
57	0.99
58	4.06
59	3.50
60	4.25
61	2.71
62	2.91
63	4.09
64	2.44
65	2.17
66	3.53
67	2.28
68	0.35
69	1.30
70	2.75
71	0.14
72	4.60
73	3.49
74	1.66
75	2.65
76	0.75
