1	0.84
2	4.06
3	0.34
4	2.04
5	3.29
6	3.50
7	4.70
8	4.74
9	3.44
10	4.30
11	4.55
12	4.22
13	1.64
14	2.58
15	0.05
16	2.21
17	3.06
18	0.49
19	4.90
20	1.95
21	1.64
22	1.87
23	1.97
24	4.11
25	1.48
26	3.17
27	0.28
28	0.40
29	0.08
30	2.25
31	4.24
32	4.11
33	1.58
34	3.50
35	3.49
36	0.69
37	0.29
38	4.82
39	4.71
40	2.78
41	4.21
42	4.18
43	1.02
44	3.22
45	3.20
46	3.48
47	3.47
48	3.36
49	0.19
50	2.10
51	1.24
52	3.92
53	2.31
54	2.18
55	3.71
56	3.22
57	4.40
58	3.55
59	4.64
60	1.94
61	3.75
62	0.56
63	4.80
64	1.61
65	1.98
66	2.66
67	1.75
68	4.82
69	1.30
70	2.08
71	0.47
72	3.09
73	3.85
74	2.93
75	4.39
76	2.15
77	2.43
78	0.47
79	4.62
80	4.09
81	2.61
82	2.91
83	2.08
84	3.16
85	4.59
86	0.75
87	2.22
88	4.77
89	0.61
90	4.74
91	3.59
92	3.56
93	3.87
