1	0.03
2	3.70
3	0.96
4	1.99
5	1.77
6	3.73
7	2.57
8	3.18
9	4.89
10	2.85
11	4.52
12	4.34
13	2.26
14	1.74
15	4.00
16	1.75
17	2.69
18	3.34
19	3.28
20	3.52
21	4.68
22	1.86
23	2.58
24	4.76
25	0.30
26	4.59
27	1.08
28	0.18
29	4.59
30	3.29
31	4.51
32	0.61
33	0.46
34	2.60
35	2.44
36	4.77
37	2.46
38	4.98
39	2.51
40	0.41
41	0.44
42	4.27
43	2.56
44	3.17
45	4.16
46	3.80
47	3.00
48	4.77
49	4.98
50	0.74
51	3.44
52	3.27
53	3.52
54	4.88
55	2.56
56	4.12
57	2.43
58	1.88
59	2.09
60	1.69
61	3.64
62	3.49
63	2.53
64	4.43
65	2.92
66	0.30
67	1.24
68	4.58
69	1.14
70	1.31
71	0.62
72	4.62
73	1.28
74	1.41
