1	3.11
2	1.06
3	0.70
4	0.91
5	3.02
6	4.33
7	3.96
8	3.07
9	1.70
10	1.82
11	1.99
12	2.38
13	2.21
14	1.59
15	2.60
16	3.78
17	0.47
18	4.27
19	2.72
20	2.86
21	0.80
22	2.51
23	0.59
24	0.43
25	0.20
26	1.62
27	0.08
28	2.92
29	0.10
30	4.85
31	2.92
32	3.94
33	0.64
34	3.21
35	4.77
36	1.42
37	2.08
38	0.26
39	2.72
40	3.34
41	1.96
42	1.96
43	4.13
44	4.94
45	4.43
46	2.27
47	3.81
48	1.73
49	3.81
50	2.78
51	4.59
52	3.95
53	0.33
54	4.58
55	1.28
56	4.95
57	0.06
58	3.29
59	3.43
60	2.02
61	3.70
62	1.26
63	1.79
64	0.48
65	3.97
66	1.82
67	4.37
68	4.30
69	0.69
70	1.58
71	2.13
72	1.95
73	1.26
74	0.71
75	2.98
76	1.88
77	0.12
78	4.71
79	2.73
80	2.11
81	3.74
82	2.40
83	3.71
84	2.90
85	4.63
86	2.48
87	3.04
88	2.26
89	4.17
90	0.12
91	0.08
92	4.56
