1	0.39
2	0.32
3	0.58
4	0.75
5	3.73
6	1.29
7	3.16
8	2.92
9	3.91
10	2.59
11	1.44
12	0.24
13	0.58
14	1.56
15	1.15
16	3.80
17	0.88
18	0.63
19	3.99
20	3.95
21	0.97
22	2.12
23	2.15
24	0.56
25	2.95
26	1.42
27	1.56
28	2.43
29	0.53
30	2.48
31	0.51
32	3.95
33	3.0
34	0.2
35	3.73
36	1.85
37	2.7
38	0.97
39	1.78
40	1.1
41	2.61
42	2.22
43	0.80
44	3.12
45	0.14
46	1.15
47	2.82
48	3.84
49	0.56
50	1.78
51	3.49
52	0.6
53	3.39
54	2.51
55	3.52
56	0.54
57	1.70
58	0.82
59	1.4
60	2.6
61	0.70
62	1.39
63	1.11
64	3.78
65	3.5
66	2.54
67	3.80
68	2.74
69	0.77
70	0.18
71	2.60
72	1.48
73	3.34
74	2.90
75	3.98
76	3.23
77	0.68
78	2.41
79	0.1
80	1.23
81	0.97
82	3.55
83	0.45
84	1.91
85	3.87
86	1.84
87	0.31
88	0.75
89	3.89
90	0.56
91	2.70
92	0.0
93	3.35
94	0.96
95	1.56
96	3.26
97	1.63
98	3.19
99	1.73
