1	2.76
2	0.36
3	2.42
4	2.23
5	2.91
6	0.35
7	1.57
8	2.79
9	3.62
10	1.50
11	2.82
12	0.20
13	1.16
14	1.26
15	1.23
16	1.9
17	1.41
18	2.49
19	2.45
20	3.49
21	2.90
22	3.11
23	2.11
24	3.74
25	0.11
26	1.38
27	2.45
28	1.56
29	1.52
30	3.43
31	0.94
32	1.36
33	2.11
34	0.11
35	1.60
36	3.66
37	1.70
38	3.20
39	3.8
40	3.65
41	0.41
42	1.63
43	0.63
44	2.29
45	1.77
46	3.36
47	1.33
48	0.85
49	2.19
50	3.61
51	1.84
52	3.7
53	1.39
54	2.84
55	2.83
56	0.24
57	2.96
58	0.93
59	3.56
60	3.95
61	1.9
62	0.34
63	3.22
64	0.4
65	0.5
66	2.59
67	0.94
68	1.93
69	1.86
70	3.3
71	3.62
72	2.73
73	1.38
74	2.21
75	2.42
76	3.13
77	0.77
78	0.70
79	1.84
80	2.34
81	3.5
82	3.76
83	0.97
84	1.20
85	0.75
86	0.99
