1	3.69
2	1.67
3	1.24
4	2.64
5	2.25
6	2.74
7	1.75
8	3.67
9	1.16
10	3.54
11	3.12
12	1.57
13	3.29
14	3.88
15	3.84
16	1.67
17	3.91
18	1.60
19	2.62
20	1.8
21	2.8
22	3.12
23	0.8
24	2.6
25	2.73
26	3.36
27	1.8
28	0.93
29	3.8
30	0.16
31	0.62
32	1.32
33	0.5
34	3.32
35	1.51
36	1.15
37	1.61
38	2.1
39	3.67
40	0.1
41	1.47
42	0.35
43	3.45
44	3.30
45	2.94
46	1.83
47	3.60
48	1.72
49	1.22
50	3.82
51	3.46
52	2.53
53	0.24
54	3.9
55	2.24
56	2.97
57	3.17
58	3.72
59	1.96
60	0.74
61	3.15
62	0.87
63	3.11
64	1.38
65	3.57
66	0.29
67	3.29
68	3.58
69	3.95
70	3.51
71	2.77
72	1.56
73	0.83
74	2.67
75	3.15
76	0.0
77	1.86
78	2.57
79	0.93
80	3.68
