1	1.35
2	3.17
3	2.19
4	1.79
5	1.47
6	1.4
7	0.40
8	3.98
9	2.23
10	2.29
11	0.46
12	1.52
13	0.54
14	2.40
15	2.87
16	0.95
17	3.20
18	1.50
19	1.42
20	0.23
21	1.50
22	2.90
23	3.80
24	1.80
25	0.40
26	0.86
27	0.45
28	0.28
29	1.71
30	1.39
31	2.33
32	3.33
33	2.6
34	2.3
35	3.15
36	3.87
37	0.86
38	1.21
39	3.37
40	3.97
41	0.91
42	2.17
43	0.75
44	2.64
45	0.93
46	3.80
47	3.33
48	0.39
49	0.37
50	3.42
51	0.98
52	1.23
53	1.48
54	3.97
55	3.83
56	0.98
57	2.9
58	0.10
59	0.90
60	2.1
61	0.35
62	2.29
63	1.42
64	2.42
65	2.1
66	1.26
67	2.49
68	0.49
69	3.42
70	3.66
71	0.72
72	3.59
73	2.55
74	1.79
75	1.95
76	1.93
77	3.63
78	0.11
79	0.54
80	3.43
81	1.50
82	1.85
83	3.92
84	1.37
85	2.87
86	2.19
87	3.26
88	3.1
89	3.50
90	3.85
91	3.76
92	2.80
93	1.88
94	3.79
95	1.96
96	1.63
97	3.85
98	2.0
