1	1.8
2	3.77
3	0.87
4	3.26
5	2.64
6	0.18
7	2.31
8	3.97
9	3.67
10	0.30
11	2.72
12	0.56
13	1.16
14	1.48
15	3.21
16	3.61
17	3.48
18	1.29
19	1.60
20	2.67
21	1.48
22	2.46
23	3.89
24	2.11
25	3.71
26	0.49
27	1.1
28	3.45
29	1.13
30	2.21
31	1.12
32	2.50
33	3.76
34	0.13
35	2.96
36	2.57
37	2.83
38	1.80
39	3.22
40	3.80
41	2.71
42	3.29
43	2.21
44	1.44
45	1.38
46	2.13
47	2.83
48	1.24
49	2.49
50	0.74
51	0.38
52	3.7
53	1.34
54	3.38
55	1.56
56	1.43
57	1.63
58	2.21
59	0.63
60	0.7
61	2.19
62	0.17
63	2.72
64	3.52
65	2.17
66	1.43
67	2.29
68	1.40
69	1.13
70	0.60
71	2.11
72	0.76
73	0.28
74	2.64
75	2.35
76	2.75
77	1.90
78	1.12
79	2.2
80	2.60
81	0.13
82	1.71
83	2.37
84	0.9
85	0.55
86	2.41
87	2.7
88	1.72
89	2.31
90	3.64
91	3.67
92	2.22
93	0.23
