1	0.56
2	1.15
3	2.91
4	0.48
5	3.78
6	1.1
7	0.14
8	3.10
9	3.46
10	2.36
11	1.42
12	0.52
13	0.77
14	2.25
15	3.40
16	2.50
17	2.4
18	1.62
19	0.96
20	3.97
21	0.25
22	1.22
23	0.88
24	1.82
25	1.27
26	1.93
27	2.10
28	2.78
29	0.45
30	1.18
31	0.35
32	1.2
33	0.44
34	0.47
35	2.69
36	1.3
37	3.80
38	2.96
39	1.46
40	1.9
41	0.75
42	2.91
43	3.6
44	0.79
45	3.43
46	3.85
47	0.99
48	2.45
49	3.36
50	1.77
51	3.96
52	1.60
53	1.37
54	2.34
55	0.49
56	0.26
57	1.67
58	2.90
59	2.43
60	3.75
61	0.4
62	1.1
63	3.83
64	1.35
65	1.95
66	2.33
67	2.86
68	3.83
69	0.61
70	3.92
71	0.47
72	0.57
73	3.21
74	0.50
75	1.55
76	1.82
77	0.22
78	2.32
79	3.82
80	0.85
81	3.66
82	1.20
83	0.81
84	3.12
85	0.38
86	2.84
87	1.24
88	0.84
89	1.58
90	3.61
91	1.93
92	0.24
93	3.64
94	2.81
95	2.31
96	2.84
97	2.35
98	3.46
