1	0.91
2	0.1
3	3.20
4	2.30
5	1.41
6	1.81
7	3.33
8	3.23
9	1.95
10	2.34
11	3.46
12	1.36
13	3.48
14	1.62
15	1.7
16	1.31
17	0.33
18	3.78
19	2.59
20	3.6
21	0.66
22	3.79
23	2.72
24	3.10
25	0.72
26	1.54
27	2.98
28	2.30
29	1.55
30	1.55
31	2.14
32	1.62
33	2.65
34	0.26
35	3.67
36	3.28
37	0.16
38	1.75
39	2.36
40	1.17
41	1.56
42	1.56
43	3.88
44	1.18
45	2.83
46	3.68
47	2.90
48	0.63
49	2.62
50	3.24
51	1.69
52	2.7
53	2.49
54	1.79
55	3.35
56	0.78
57	0.2
58	2.69
59	2.93
60	3.3
61	1.5
62	3.37
63	0.69
64	1.69
65	2.43
66	3.42
67	1.15
68	2.49
69	0.81
70	1.60
71	0.3
72	1.64
