704964793	2.0466799508066
88897845	2.374160838022
739538674	3.1399341850262
1026336743	4.1165678431823
1107809928	2.7551072243392
1278718209	4.0365770524538
1470077902	1.5661157279118
1628976238	3.8064613932774
1298490189	4.0705359559835
233813364	3.2428420722684
1452484267	2.8616964481127
1214210332	4.7437555597833
965974523	1.341187479599
1712703320	0.89054064866646
403748345	3.8047430402621
505215072	4.3616276371114
1631277980	3.4489365450334
1587443086	1.9654309921737
33450924	2.4203245725577
2072490357	0.65759544524252
944643816	4.5106158170433
2077152979	1.7482694316415
345008555	2.5275546114554
2110019090	2.2730604709466
869524329	0.37844906345869
182856558	1.9612713050848
707561326	0.6423158178303
227948785	2.6157761726602
1473326264	3.6044802230804
240195121	4.2166364817958
1941577077	4.3694414358444
1708605551	4.6046888407342
1384421173	3.3324088707252
1814612700	0.58382386601708
2100887926	0.35593290829842
1398161674	2.4692005978288
2040998432	4.6974207436188
769695518	2.6957953338026
215132907	4.7071845432311
1035693274	4.3005261101297
1839380685	3.2427199130145
1978364886	4.893775908227
2094102969	2.963476203365
566247377	1.1188932397025
599944915	3.9856475889616
1405197043	0.73025113238499
992306352	3.491905389117
813112792	1.7028962293188
909880897	2.7119465883411
714256316	0.91189410114283
1348439868	1.8274432056711
813938447	2.911628381308
537443391	1.2472755584155
1651608544	2.444135498928
538663984	2.7565261292069
318132776	2.7413999232191
293723214	1.7341489050231
1344612493	1.0848099883109
81586280	4.638115651737
1822243644	4.59402158139
1582525821	0.62734284700236
