1444308632	2.4360949953255
1102037426	0.93157226961645
1057518698	2.3050041111675
1498033587	1.9951834375948
585627240	2.9582441169574
1429024771	1.3968272071317
339539972	1.2389507988649
2101686900	2.4742064520131
1316057724	0.10144285629571
439581514	2.8627226328769
1742026331	0.36515138361843
603683349	1.930228367881
1554719750	1.8759447577763
299468343	1.7325049157871
1141023268	1.9389256052388
1279141870	2.6762275386957
463254870	4.2858947880035
852335003	2.9178272760091
1568567658	1.5152364044987
723420996	3.815918457143
264927344	0.2590035299114
1841612805	1.657682082922
1595711317	4.8546740947546
862806325	2.8351894756012
801377280	1.9360612877347
191597475	3.9139699418628
1582107125	1.2150229612435
1449841407	2.6518079837094
376083090	0.35146240161334
438515049	1.6843402719518
2121041160	3.5503197571031
677399047	0.4925808871596
1939731817	2.1622636994171
377166797	3.5297689626598
1180295941	4.3041505777762
761693301	3.8074405485799
1850468146	4.2445113483092
832828215	4.5604373605738
2104326610	2.6585061255184
644405914	3.2426949093317
1395362775	3.5000658167992
639085847	0.65946305667025
1394211636	2.0960498797223
1117838707	2.9191497005146
151291390	3.4489453669865
630948625	3.6581508785757
1916849958	2.4635341565421
291065556	0.200477514975
1037455662	3.5225349168864
1558900228	4.7211004512948
804873158	1.5578105098371
1065594930	2.2136876556155
801345902	2.8605387117064
314478140	0.75962859939767
1676216277	4.9508610646943
145913987	2.8400850332529
196464270	2.7457915003159
2136977838	3.9036570996529
521246297	4.9933125846988
1114047192	1.6733721162534
1547733540	4.3029490668806
1939150809	0.46830687693707
233727240	3.6168247780841
1939871614	1.116457756663
238822929	4.3391740644999
331267560	2.7093934559773
1446567239	3.4763549796661
720388577	2.7279278718531
1994827627	1.7142876036066
1749018216	3.5056486811981
1381792651	3.4328570721824
793194540	3.7593128712658
1930049871	3.7042365985477
227646159	0.60179616585458
1579965579	0.96520639535282
1316750465	3.3867062760455
239963517	2.5664414989606
1199452271	3.9438922488801
1300906980	0.58347561656659
455591482	2.1818261277777
1079973000	3.5565532853625
980576925	2.6749004342942
1981063129	0.14202397323308
1302673842	1.3669766701604
