132954412	3.1258322802027
1072356291	2.5076368555928
1933161111	3.2436167789826
270118232	4.6855273003157
254803759	4.7675914223155
516804745	1.7512621668872
354028308	2.9093644129622
1674887255	0.11084740986621
1962560226	0.21745931134441
1945770315	3.9526103455353
1499342981	4.7020400640099
1261403245	1.0819225716786
1112901269	0.43693388134098
1897911138	3.5492588153804
1981841342	1.5414395353484
59523123	0.42591369032204
50237994	2.4949010636168
1181051403	1.9992332449179
234439224	2.9366136565509
521038811	4.5173703690606
555299808	4.9812923301856
820275007	0.55369757607286
1893606266	1.4991499094754
105565724	0.94325214901159
248303079	4.4612668289157
1343653362	4.7222780854079
765897612	0.39456133283421
1505004825	3.0198786840867
1445837567	3.3170870264606
961023346	0.8143558799356
217623106	3.0417915331394
99601561	1.2281820649412
1233720712	4.6595734309682
46561709	4.9381196987527
214811923	0.42754163519831
1162773676	1.1142945923443
903622646	1.0462884702935
1567258234	2.3310856415569
2145586529	3.9533843677274
1196403642	1.5066969634531
2097373323	2.9093899242158
650294347	1.0240343473964
561455161	4.5743782210976
992243048	1.5060231841663
1460956127	4.1411363236332
453135747	1.5040107730329
2104505419	1.4797058126329
1944113963	0.47403616852781
1780207199	0.48596409637759
354800411	1.707208767397
623100080	3.3241613387708
1620073590	1.9256242117498
1426508600	4.9488134635374
1611408613	1.9864013707202
1873608764	2.4544421362013
1357562329	0.6776962153044
647726948	2.0125237745291
1221914711	0.018429874916761
1637563257	4.4903637419876
801989150	0.56566098498444
2044007890	4.8220972646131
1437386953	3.2110737931035
