146917573	2.6597720862645
397345744	0.072757576160486
217715575	2.8040449078214
466034010	0.72217899175462
2042560756	4.5126358487236
934526106	3.1490578237684
955040637	3.5812408260914
1760452053	3.8046139822363
691960465	0.10890949289729
1774266462	2.2120700460915
697120770	3.1252922854038
103955276	2.9850798137416
1407551850	4.8443996090649
1284625603	3.4247351127792
2013823343	1.619832358146
1786487105	2.8281352309641
420710471	2.3860405676002
755972342	1.0317226271293
99564818	3.9820749424314
2134830872	4.3821062610401
256018973	1.9295556130491
2147478673	0.39557310072499
1425157233	3.1800651076157
1547966524	0.36189733788459
1127331820	0.31771359747169
261184520	1.1343439045056
962515667	0.92059545028982
1545775265	3.5431555698361
370535551	1.9671121784333
245560739	1.7718865102026
694011620	4.4469543497297
1241164186	3.5077813121061
302654755	3.4901800069447
409457105	3.01748204884
785421393	1.7449471781705
539397761	4.0158190014846
418356029	0.46674766133854
22644085	3.0112887001649
1385736009	3.2607270769126
2144190066	1.6236183683498
1624102311	1.7180262583858
1613858819	2.4302266433044
1657647048	4.8596391104439
1378071050	2.8260899138758
