239991676	2.5695954857253
1434815062	4.4335222474455
1953281469	3.001936319285
1195672466	4.149477276555
193362187	2.332751111748
689271631	3.4829938614196
1905978489	2.9529369240408
1557685233	0.41087191338226
628006011	1.8797054546325
547000672	3.2540298687546
1439809515	3.5087231539696
1688723319	1.7603925763445
2092081386	2.6198258821945
461690308	2.7616437397719
1838470215	2.969608212807
1292568985	0.29226135010471
419619744	4.6641715102197
1792967614	2.4130476510213
1828237664	1.5067402815943
695365737	0.9274371857417
1890854496	4.0653122724338
261610078	4.1770762713519
981285870	2.3578071628501
2014879651	1.8979071881147
1787234496	1.9318338702115
259034805	0.64228977106618
737071312	2.3656308755119
1717348708	1.0967077506225
2116876731	1.4661681263084
811246573	4.8617884003845
1042866725	3.180634988556
1339810850	1.6319052603244
1907184557	4.0325363697636
1634322524	2.7190630080733
2050830253	3.1582331159889
1087885687	4.3662618819467
62233207	4.1968184542827
843809714	3.9787052217772
133521424	1.6328479985859
1320784520	2.5274640147236
543122859	3.7825054669671
735506640	2.1135321944549
616174541	2.8452526372137
1345877024	4.3149548928789
58876724	1.6519459344689
1677011852	2.4102526332299
1891999622	4.396150423864
497922261	0.63057296473094
685201444	1.6241968756654
489849701	3.9254668280135
1448922275	2.4986172688653
1569000297	2.5428736664089
1410886317	1.3802825968621
973334553	1.8541256090878
350877413	0.23298720374377
1888873059	4.0590429394781
1895066143	1.2347787158726
25683479	0.26343353337768
335972745	1.4560167009272
1831591237	4.9209480406348
2095226829	1.6759267154503
525372532	4.0159229114726
78453905	2.1539659831459
698162074	1.9642058932056
1483020730	3.3900393072469
1629127390	4.2960727607347
1378428100	1.1629288276485
1867747959	1.8522706007828
795833644	4.2886320358555
1931196597	3.5275395719928
1784622624	0.49461896554316
1682719819	0.91745492812128
549310033	0.043754177188386
1377372569	1.9852056153981
727616816	4.2091156468769
977183570	3.7101135117515
2057854863	1.3788405998511
1281917980	0.13885936240613
745954503	4.2399458956159
1966841774	4.1753966497143
452342641	2.046178342796
281882641	0.68088289614808
1726219121	0.95333072168442
416915812	4.1481784424503
1512615466	3.0085315452928
2121383671	0.28235435266157
574288198	1.0557559463455
1513793682	3.6382767318926
