764999486	3.6819157300898
871513300	1.6983831542071
158678658	3.631003547288
173281068	4.6294431526351
1996776293	2.9751520035673
686525219	0.94385087766864
1317156718	1.2193085887559
433770888	3.0607624086834
1688158018	2.2785020048164
751492167	4.2892040192565
1698153209	2.5073657266364
2131875680	3.5172004082786
945120543	3.7651555420669
1892394062	4.7502203214682
1484778019	4.9025483056449
1664863470	3.023682310257
937620533	4.7940270531895
1961025597	2.5064307882015
1060830583	0.19824917903088
878661902	2.2191219484523
1486375474	4.729992640079
1626502141	0.78801654083096
2009601519	1.4512679080718
1409928800	4.1572202342363
1852060198	4.2674236438551
993612563	1.9130918788319
766164484	0.91021901504612
1069883225	4.2175662397489
1150454713	0.32773153871658
270885950	4.2311954843957
405288325	4.6849067414575
1339577149	4.6892586861221
780883016	0.56738961980091
150407882	2.0956991552821
724511556	1.5337773419608
1425889395	1.2178983870977
2130980111	2.6742586017001
1951608168	2.608168254424
740700974	3.8674740860553
549262208	2.5077324837948
431657466	2.3072631644585
1120931782	1.6567853333693
2008088254	2.5125478080067
