999926871	3.2353563412257
251035449	4.3813240758056
626777845	1.2079775176048
1377616053	2.9556018244268
1130810381	2.7635814192535
354385006	3.7382311787169
1795935066	2.782582432396
853580147	1.3540311676236
1752760947	3.8598923147004
709757675	3.1785746538912
1226273861	3.8204233505858
215487250	0.79507139082769
81967006	4.9386220681195
1389829818	2.4595824291276
882777313	3.0622220286458
1905741336	2.9330268120081
964624854	2.4708085565226
425515789	1.3024319202185
1277776999	3.5816337580707
1331511573	1.2501775944839
2120800839	1.4951062512096
2112721489	3.9093096409502
