1075302732	4.0973416315845
1288294152	2.9487599283218
24759343	2.1567577063836
942605639	1.5058025654898
1965125333	2.4297662626159
255462185	0.34930236886689
1163409091	0.19914963291918
1070539226	1.8489552460839
1468350403	4.718015445265
767345246	0.59277429738677
1917910220	4.1035451689286
2120773763	1.2429697910524
2062961192	4.5887249869242
429124161	1.748663618578
460443446	3.3621336791488
1310153616	2.965490092973
894661352	3.8543198904276
297631038	4.5430121778245
1151450547	3.0366012980401
1710948097	0.6746054769841
731276581	1.8781431959375
81755292	4.017244134572
922263167	0.80093094417869
265686659	1.7671664160523
313242187	4.9613291374228
1770924885	0.28071579769287
1888113115	0.19429936082768
102596248	0.49984456528902
1810464642	4.4212247451866
486111162	4.1971900706166
1879094042	0.57952853412345
1628933560	1.717566301449
1144717545	0.72033312670902
1101759927	4.6945501746119
908702697	2.753312800896
743103896	0.75214351795248
1564585069	3.5873517713451
517396872	0.45238270212541
1099913062	4.5836071225738
1770878629	4.6835304236428
1868970000	0.07470579122878
1015427310	0.53024001444235
1930044793	3.5404512861466
574901388	3.3046380864944
1490280999	1.3330988755138
2061493824	1.5296363511726
1474713604	0.72504173299532
664962984	1.5636489291506
1993611363	0.001505594701276
217634342	1.5820972978054
1516448577	4.3432259579856
1097090365	2.4528898589559
1502753335	0.47419602306289
365946215	3.4573723135783
1221748945	1.7328421849445
254481138	1.5255119309414
663438633	3.415007746506
707954323	3.8095392420932
1853585270	3.4358283730391
2073653532	1.4153371851031
109556760	4.1846481217931
1810033578	3.364328243008
722826553	1.516662524788
1161207379	1.6982357491265
1048415691	4.8890688525928
1842312947	2.3866849566748
620615175	3.7735721183818
1914142346	3.9442891226822
604453886	1.78768524052
948504777	0.68862425428285
373754777	2.9268126389602
1344221125	4.3026570809552
