17135579	3.6209211468794
1255595353	3.292346423628
2004609769	4.1004262231758
1524449779	0.6249070379999
1945218336	3.1357327746859
1908991430	4.761328047496
1547346060	4.5610382987936
1640540584	3.8940720720655
942358590	0.31985844966018
767041179	2.3297363088139
1282228272	4.5478790856655
2118948299	3.5313057496824
1363916713	0.96996578665914
1634783189	0.80467973174745
2006407880	2.7712153679557
269010329	1.8250565076364
1591738540	3.6310989147197
1633776996	2.1294388045228
281742323	1.4923760557977
1133765826	2.6929144108169
1401198323	0.99655773304243
399247261	2.4490058270511
979824894	0.72989848476364
916712101	0.84570473565054
1492464718	0.25937046867766
330072666	0.41591898790371
2035006964	0.65625850141806
1259664024	1.8745015104648
1788074755	2.88855756069
796897565	2.7033137007166
1043290503	1.4529787383289
1005880548	2.9955225568244
417569431	4.526532827656
1254421489	4.7644117077647
1725256139	2.5126551592316
1992956438	4.7845538471753
199674494	2.9662866298884
1860416211	1.8292272797922
1971697554	0.40572936898364
1448715653	2.4699799890956
973947506	1.8012574370025
773892683	3.2874222487618
1704600601	0.83509247788931
1354531727	0.27459688264625
1116094897	1.9030772344689
1114243349	0.024798584647849
2071372878	1.8753006713816
1656354594	4.4892704181789
271903263	1.5485057847335
1976775884	2.7601965855622
738582001	3.6741804884161
1798364852	4.0301422421029
582736824	1.1435908014623
1918108905	3.3963433156704
423550886	2.514131107607
1368261398	4.3699278912367
1096522501	4.1144076660808
1314026381	0.52892197646616
1982207689	4.7250704489299
1383502129	2.4893421016118
1067045376	0.16342057854096
81844651	2.7081792860796
1390979591	4.0721797286869
1338323325	4.849970075232
963407452	4.561879131739
160009467	0.34425543404382
780232305	1.2888846948225
1232205651	0.96726998964663
1554325689	1.6453687062698
