273886692	2.8123781284375
763990920	0.42131443294758
10811789	2.8728286539544
252911020	2.2051060815366
51926585	1.6268862581937
1054448333	1.0746495500555
1993184127	4.0320196789838
1968416193	0.81319504222516
1710653104	0.16241592828297
236141763	0.70817386531652
1944560671	2.5311307714
1988660459	1.182769234843
136030748	2.1138116727182
532262554	0.91424335768178
1425188902	2.8279978003483
1481324282	1.562113464606
48897774	4.034568741468
1251165863	4.5683670274766
382952957	1.2917799112814
271714579	4.8950348747405
945576219	3.827898303898
46810679	2.5272268790413
1025418965	2.4955372314414
1795510105	0.19898214619559
1480212800	1.4399302687682
1423671190	3.6500039853388
514289729	2.8556539178154
154756494	3.0251685311204
1269613511	0.065798636090848
583975890	1.8834290801936
1685873298	3.5351598418947
2006094503	0.76882563800031
1580549188	4.7056110458009
399180655	2.2390507358308
1314760849	2.5548345165117
436151846	3.0836161333526
526890840	4.5474550521688
606725357	4.4365500749259
1459292642	3.4692380779745
1870988321	2.3042276535669
603007339	2.4262369807932
509595810	4.1721672910136
1351252581	0.016417216982887
507252734	3.5259097854262
150211049	2.7784796118636
2016568880	2.757241312767
723287518	1.5521399008819
1722566545	2.5323462777456
276979867	3.3242545501908
1867989536	4.4404963727298
1284208843	4.0729576228526
15092213	3.7101605132735
239335693	2.0747245601726
1720915620	2.662423207733
786390759	3.5055201586827
1738498396	1.004878511189
407600514	2.2036516956071
461025259	3.3582269881657
2023661654	3.7905944040001
127879940	4.8709795157756
640379403	4.4536397324193
1597405139	2.1294649327777
39389563	1.0466952114583
934309708	0.91753090076034
1525578475	0.74710538878436
27001737	0.26434538199769
121070945	1.5597983317262
