1733818636	2.3628087003542
770471712	0.54891183299427
1989600909	4.9480116925892
2040884298	4.5277576262726
1632913969	0.46038107036631
238917841	3.2496240750186
441335287	0.92040601927806
1510081915	3.2880034010336
1259988860	3.6160519177169
1859900087	3.1093331161464
289205728	4.0159180546254
1930754541	2.5560426770505
451396024	2.5593889074211
213285737	4.7926463325474
984826151	2.6388842159132
1597399751	4.5725286377466
1666321145	4.3374211081944
12390005	4.0069388942825
1300051184	0.31653554193514
1068749730	4.7381862763959
1455087448	4.0102754551965
1263408067	0.1787442994205
1448345887	1.9828313481914
2067160823	2.0813127220987
1878373376	0.67892012916455
479397311	4.6246769766438
1970223143	2.073238588438
601521613	1.4315230708716
1889996844	3.9895565430585
1775479014	1.617467031636
1737440777	0.10519123873915
2026626453	0.7701324628527
696307505	1.8237338037341
269843193	2.3003579407466
1740416881	1.0531040472226
1113083997	4.4943855002031
743413525	0.90307097225593
2070353461	2.304999738608
554850520	4.293955692227
1195640827	4.6206026615671
1467320901	0.18866715263048
330801701	0.89310833294555
1739171114	3.3703629804637
391551490	2.4775345052954
1651096983	1.974484555877
709297321	4.479075558241
122846475	1.1894884641233
1323588518	1.3236761634814
486489957	3.1976319771249
39325400	4.2568217004914
1821988010	0.39116609161308
240267910	3.8404336752558
581784873	4.233429573585
726392304	2.6905490656805
2004227135	1.4447427338198
545455536	4.1983821937807
