2082991339	4.4656322940558
125290043	1.9164074011689
1299579550	2.8973054340562
1855816156	1.938428781898
1575604268	0.26707784517998
2093764804	4.5676783377154
2026571646	3.5530373959583
261985556	3.8750583743095
1849847121	4.5669534427891
1915328111	0.0084147532509709
1234712878	0.2626330895641
989971244	1.7547215087128
149083322	0.70352033511899
1037988676	2.0885528400953
1742998195	3.590328126955
942378605	4.0541698290287
996782860	0.55324924437015
1321140234	2.8879114766083
227098926	0.67648525614128
66180431	3.6832112905957
669813096	4.4545683215626
435826865	0.88388525922032
1983998093	4.32770278972
2061569833	0.73288817225624
1481407800	4.2745439122778
1618844111	3.0039037661645
1040957037	1.0142345265552
254433630	1.295381379917
822035161	3.3838440563454
1538781063	4.2181490451182
191189438	4.8624422656663
185397185	2.1570772641139
2125228251	1.1155021661499
216377780	2.3440839128308
669662892	1.8955840761287
1466380958	4.201781486255
222543001	2.8358058784324
1455249090	0.7563636199368
995403840	2.9891385571049
1711682034	0.66614104931529
183688825	4.3345089230381
1140554594	0.99261622223659
1428469434	4.1200517998636
1208089982	1.4409359853905
987663573	1.6539538542991
1864883393	3.5670981805618
678216326	0.79952576002084
222595932	3.8584733842213
1361438314	2.3030711791027
886762718	4.8522599157189
1869398732	2.0137520423223
115438884	1.540295573203
