1518583251	2.9704973953639
1338043521	1.9866875684758
915106264	0.54635744101664
1456183443	4.5821600801228
454459472	0.061117904289215
570357209	2.7637308872136
319136254	2.939799087094
2128103515	2.9196640210783
223016695	0.42589816517471
334782080	1.4809685114217
1662043577	0.062849225971312
2121354055	2.8090638959823
1163437229	0.38669484219826
1012205814	1.158119843415
307612564	3.8787077455217
1460680881	0.13693899388283
1712024484	2.0023225652996
340782897	0.76940269478103
605457176	3.7406712461918
805070834	0.32030257178485
412829465	2.9173140590625
794260936	0.75995641097424
975366560	0.80303191710405
1829896879	2.581482293355
797107509	2.0690932390602
1499248265	3.8402663282306
1968723944	4.6927263469867
2105675744	3.5654347522955
272806967	1.3948175410716
861289825	1.3766738708954
1087628670	2.801304800809
1512135386	0.45962485273351
1433086909	0.53270004481669
78247775	4.0153065156263
16532640	2.2270552242301
171670203	4.9107005586432
1590138581	4.5760679219738
211043010	2.2867522003533
2139862133	4.9737134761986
697321152	2.7876896796691
1107616254	1.7174494111526
976326057	3.5261209861031
350614591	3.4465961081193
1447976644	0.16132101191269
1823189269	3.986473644146
843604613	2.9510734709683
1837869900	4.6785307860368
1208497317	3.85443928831
484367635	1.5669842979717
904778683	2.8078132601491
889746081	1.444466966877
781731154	3.4314575155412
1844646575	2.297669314918
1322232740	0.73199020499922
1701983323	2.8358620208855
2036975208	4.9995779525487
1537081490	1.1587604094105
785104158	4.9884449364564
1529476499	1.434111826324
1735435127	0.49635539320128
570193316	0.78736828909599
1868064963	2.6751911256812
1764432519	1.4075186552515
1610488206	2.5922703033277
1926199996	4.9357625958211
460148993	3.5676157514414
1217652981	1.3210107881208
1525810401	2.6508306933804
