197429496	4.689715513815
751622290	1.9933075024715
190432891	2.0958539923168
899679121	0.7338677815785
1869746011	1.8566404897052
1586142839	1.7033926778023
1430173702	2.5695779116683
1976335743	3.999433789402
575652267	4.8154735308213
1434033233	2.2109044120698
2122452746	2.4392066790905
133226934	3.3623879022721
1129415323	1.1742514773152
355936747	4.1917552282995
424739857	3.4504293876004
1233018233	0.59026835280949
1488025590	2.941281361478
693619508	1.6498777697095
469915878	3.8290557352961
1840868628	1.5133688396371
1381665604	0.34300396002038
1668972607	4.2697749819
1476279860	4.4350521752774
775141057	1.6018157436521
847004358	3.0135488524165
647486733	4.9684747168647
1605737252	0.18899809345091
10591268	0.68054090285699
936711304	4.4609397786953
126628336	4.2134954660262
2077613642	0.6910311247646
1429786966	3.9386792732117
2066160542	1.2294949107941
1189835813	3.3831342837695
10035499	3.0515757333727
1170731871	2.5488176534645
1029854927	3.7495547014985
757698458	0.85279598871842
165005993	2.8774075409758
1468876328	3.4843376993594
829589813	4.5031769128997
631152739	2.5751615467366
504837190	3.2800267139822
