1893363079	1.3197963714226
402760406	4.1100393417804
358134647	4.8543441108681
1700908552	4.3449479385023
1672717920	3.1675985167583
1585906991	0.34186236576264
1831677899	2.4604488641305
673332687	2.984266163774
135630342	2.3968847060562
618915771	0.026309001271757
136337687	2.2301954413905
1101892842	4.9092092644
273216271	1.7270977640185
1989709213	2.0868315208176
1713552923	3.7736098206479
740019244	2.9331001839289
1495052117	2.8096522753172
1930688388	2.5125028647075
1827892342	2.0370634258897
511727902	4.2401241228171
822201161	0.49378241202504
691813060	1.8902746876191
313571063	4.4193740652033
967444256	4.2207409111879
188282236	0.035846503468159
648216337	0.14341420267868
935186320	2.9664412364207
1577467624	3.9041186770909
879355830	1.0768408123762
164591358	2.3918474895842
369588878	4.6468923867898
1781351223	0.82648986523342
505647201	1.6539664387954
1604434942	3.5122105472312
1812963397	4.6178166380235
1349446092	4.9305578693424
801734740	0.89308548527448
1391917963	0.80453346055212
1660277957	0.48851330554509
1494526432	3.2722564173267
501183619	1.5132662265158
756621188	0.34717130490913
1736617893	4.9654216971087
1826922442	4.235137302538
1163437839	1.9901202162682
16776860	1.2992259609975
587142174	3.5909151395741
