1557182639	4.5356160912363
300336982	0.70397315579652
1123745637	4.9762177280971
185469421	2.7852231416782
12933833	4.1803273973895
1536149347	3.5572689858066
354785979	1.4197786554786
1919226501	0.35727399650834
1261854667	1.1802037415002
765260470	2.9209597375807
1909461200	2.7769013041523
240590355	2.671318069413
1759235223	4.5447944475081
91765807	0.74814437923401
1585966692	0.43390280587315
322770097	4.3905272774354
2002349918	3.1841486777105
1685674091	0.23963987605629
1658852753	4.7344273816489
2113330900	1.5483535437604
2117440832	1.605711309987
