671312140	3.0207073050648
1440994878	1.9509240085962
1931838607	2.3975398588914
1853525242	0.0063037080719619
1357166582	1.6870840879563
610141380	3.696167601131
1810667412	0.72469208656097
969241444	4.9268826841968
1152296935	1.2528749211938
790180476	1.6836215167696
375891598	2.2035813900659
2098902430	4.2830298488415
952683481	0.033676775653696
410098809	4.5250118102529
1957157611	1.2355952040458
639441398	1.3125932502153
1416312358	1.7343477656759
1095326452	1.7939392858157
2040400647	0.2061071177973
1612164352	0.66328281567585
29526393	1.4938730217954
1683014271	2.1055603363111
750759827	3.5013924881357
809144491	3.0694059785779
25285342	2.8404829315098
741432768	4.2624919788272
2110655943	2.3340908053024
1940019421	1.6189442722215
760023725	1.8903141547415
1064883391	2.300804225868
264136434	2.3139085258888
1577841158	2.9095666193914
641259055	3.1601832775214
1926070791	1.4777092386399
1975097721	3.9226332348411
1575251697	3.3310088344528
1243498969	4.9988077278243
1236516065	2.3140185989039
1240332634	4.0384561727003
943397131	3.6432784114235
1159948704	3.6876751895471
21193197	0.95112444877211
444224861	3.2714891332535
547096409	1.3986813632765
1970455567	1.3365362940061
887626264	1.0948637039842
521736688	0.5941306127208
2052305859	3.9751342120465
1277489265	3.5916009422353
1350215674	1.8073930576478
1681067363	3.9241595095602
262215663	0.60882345335969
149818174	3.08477737386
676577021	0.60726317372511
2044429015	4.4615692759219
2049827677	4.7207274635885
2042351503	4.4620082035949
1828390935	0.88727294275876
629807473	3.5752520494048
1723162810	2.9282301352025
476189648	1.3434649195259
1656516771	2.3067051765075
779477413	4.3690454281722
694222283	3.1784235468034
950511351	0.14269461861937
1068977361	1.7870693825125
