888474832	3.3815992546182
300361037	0.11984184855588
1425268594	4.0693038767526
2147153316	3.7812814134086
221874874	3.4518135005849
602720156	3.2223162884928
608314141	0.4297368370135
1467389335	3.4670809276714
126925791	2.4579183955015
32748751	2.9825288490311
1826992682	1.8253783843598
1661716116	3.7027068034293
174401283	1.3589143689531
953893905	3.031043702751
470958874	3.9048637537774
1877047144	3.5251087013283
98573282	0.22133568544934
1155034721	4.6844555342963
148708685	1.0610570996353
1864560618	3.9420283231614
1270570237	0.64407951461341
140309362	4.6400869030692
2078156152	1.8417996362978
446482217	1.0826109564317
1683479569	4.7723606041504
469053730	1.9971594433287
1220264100	3.3571779394323
1387654394	0.79500674307114
639684831	3.4533010090018
2136121596	3.5778889845022
1054818844	4.3366042218807
930911971	3.9435015660448
1066723473	0.87534688453905
1083547441	0.64095988666683
521854624	2.1452032016335
1800925463	1.8858339320337
1824034364	2.6696735446666
674241298	3.1412969311426
453348780	1.4447163331531
1817592227	2.6282569638585
1415623089	2.672650200628
1410269810	3.1441258723587
699656531	3.3388844869746
600454722	4.4255923430555
1574424985	0.0006126775409154
1693575183	0.80777634205659
795525505	0.84892355177967
1109061693	1.8343694470052
1781745252	4.7992018609304
770725671	1.5533456050574
252374667	4.1125326785783
953580580	3.9723231475671
281612371	4.3619621029878
1908288631	4.3090630598874
1871127275	4.4955429083181
989398089	4.7133461175083
523391690	1.7846660440716
86014748	1.6200953752827
2014347799	2.6553704858084
186157574	4.093761369164
183345155	0.8850459269644
1516044916	2.9891715492071
1327248144	3.1008315496616
1728042097	0.95663980858244
1255069159	1.5603428993189
2027941793	2.3329424938806
309225934	4.004850866741
1384616505	2.715324246192
1353544559	3.5296937932864
98616948	1.6264875357163
65273996	0.87576831033256
1663483191	1.1045291186797
