757	2.72
5658	2.08
3306	1.43
463	4.21
9193	4.69
882	3.97
8048	4.50
6639	1.42
8237	2.01
2765	1.25
4143	1.91
5154	4.59
6294	0.47
8174	3.08
1881	2.16
8573	3.08
8270	4.44
2246	3.23
7899	3.96
1338	1.68
4528	3.23
8333	1.15
5143	3.75
6321	4.38
4142	2.58
2947	0.46
2067	1.57
5844	2.73
2635	3.43
3130	3.76
1814	2.24
2516	4.54
4250	3.11
1281	4.72
8582	2.62
5189	4.67
9982	2.11
9328	0.01
5050	1.13
7615	0.82
920	4.64
2901	0.54
9615	3.59
5134	1.08
3772	4.70
6915	1.18
4618	2.01
128	4.40
8444	4.97
4781	2.94
4073	1.55
1364	0.10
1131	1.75
9764	2.93
1859	4.99
2266	3.15
4643	4.07
1339	4.49
5722	0.29
2397	2.60
1551	2.07
1443	0.98
2636	4.10
7521	0.76
2345	1.05
2742	1.38
5394	1.12
6646	2.82
7028	0.82
4730	3.44
6188	3.57
9291	0.44
3062	2.95
1190	0.56
3425	2.15
3439	3.54
7966	2.04
8949	2.92
3924	4.57
6891	0.41
5009	2.20
4486	3.22
1815	1.80
3682	2.76
8874	4.41
8144	1.44
2927	4.42
22	0.24
