2429	2.13
3283	4.01
2540	2.53
8103	4.39
1236	4.45
4223	1.91
5361	2.26
788	0.14
2700	4.21
1850	4.36
1551	0.10
5349	2.33
1628	0.21
4947	4.50
5895	1.51
6531	1.75
676	3.51
6528	2.96
1483	0.89
1662	3.04
1892	3.21
6500	4.20
7762	0.48
3838	2.38
5942	4.90
375	1.98
7973	4.24
5865	2.27
5432	1.66
398	4.10
215	0.19
2497	2.75
5500	3.69
10	1.55
6943	4.31
3401	0.57
3865	3.94
2635	2.45
4698	3.06
913	3.24
374	3.04
4539	2.38
7563	3.25
1126	0.77
4755	1.04
3485	4.49
6489	0.17
2517	3.83
4260	3.81
3309	4.21
6959	4.26
1242	1.06
6715	0.17
9562	4.36
7843	3.70
8567	2.31
7209	4.09
69	1.79
4794	3.92
2230	4.91
9711	4.50
5399	3.14
9704	1.07
1472	1.36
6802	0.42
158	0.81
4497	2.44
5084	0.61
6647	3.47
5988	3.06
6891	3.25
4415	2.64
5277	4.41
874	1.92
1460	4.86
1018	2.97
2286	0.55
2721	3.00
5399	1.72
9753	0.28
5742	2.75
1211	0.68
6129	0.09
6120	2.79
4330	1.05
3901	1.42
3060	4.92
8718	4.20
7793	1.76
2048	1.76
3950	4.42
3126	1.83
2222	3.43
411	0.02
8691	4.19
