1151	1.68
9235	2.50
6573	2.73
1144	1.34
2524	2.63
7831	2.96
1357	4.49
3635	1.07
5954	4.67
8539	1.53
7829	1.58
922	3.44
2679	1.46
1861	1.69
8640	2.18
5885	4.40
4636	3.50
4801	1.79
7633	2.50
1352	3.71
744	1.10
7366	4.26
2433	4.65
6196	4.94
1015	3.71
6374	0.16
7291	0.62
2168	3.44
5105	0.60
9776	2.25
5256	3.46
7572	0.96
7865	4.27
2476	2.10
8334	3.30
1964	4.27
2127	0.33
2739	4.94
5935	1.94
369	3.73
6630	1.71
525	1.23
6157	4.22
1990	1.69
7949	0.31
8327	4.77
581	2.13
7510	3.75
841	1.67
4155	4.81
5097	4.50
3002	1.31
170	4.99
6912	4.82
8408	1.47
1532	1.83
7398	3.33
1834	1.73
1485	4.38
2584	1.78
6003	1.39
5432	4.45
1780	4.39
7050	0.40
3885	4.98
4990	3.18
2498	1.94
1900	4.66
9701	0.90
3986	0.59
8	4.73
8926	3.18
9829	0.85
196	1.67
6372	2.21
