9435	3.72
2709	2.12
8313	2.40
8673	1.58
1211	4.38
5740	2.20
9420	4.57
1390	2.13
423	1.66
4303	0.55
6034	0.52
8389	1.04
5102	1.30
8394	2.61
8683	4.81
3860	1.98
6379	0.85
7356	5.00
789	0.43
8283	0.39
5703	2.63
2106	2.19
3359	1.95
6904	1.80
9891	2.10
2149	1.06
7093	3.50
6272	1.45
1172	3.07
728	4.87
9265	4.31
5735	1.24
4321	2.62
7084	0.26
5343	3.33
3703	2.40
7497	3.24
4306	3.72
8481	1.63
2260	0.47
2621	3.64
1039	3.54
3826	3.60
5880	0.76
411	0.11
9736	4.21
886	0.81
4317	3.34
9116	2.11
7031	1.64
1612	2.17
2153	4.63
