1039	4.93
2773	0.73
7144	1.93
5832	2.63
3839	4.78
3748	0.35
4461	2.90
7918	3.52
2424	4.46
7623	2.02
9931	3.87
2876	4.42
5502	3.74
5502	4.98
416	4.79
3735	2.45
5810	1.19
3904	4.65
1521	0.87
914	2.32
4711	3.97
7603	4.84
175	4.15
5957	1.11
820	1.94
3337	1.48
7091	3.23
6852	0.21
5149	2.99
9714	2.47
1814	0.84
8471	0.26
9122	3.36
3143	0.91
1931	0.29
496	2.94
879	2.38
8929	3.16
1301	0.55
2494	0.46
3578	1.75
8059	2.40
5506	0.24
3777	3.67
6402	1.30
7542	2.58
4462	1.63
102	2.75
4923	2.74
6077	2.55
3102	0.94
6510	1.44
1006	4.03
1090	3.09
2384	0.74
1754	4.93
1113	3.59
5681	2.19
8222	2.10
242	3.21
7596	1.48
491	3.72
6771	1.57
8774	2.00
1662	0.73
4911	0.63
9505	0.60
6710	0.10
1966	4.37
1868	2.49
7179	0.85
9681	2.17
529	4.12
6689	1.52
418	4.30
