2431	0.94
8185	0.80
2418	1.09
1485	0.40
3581	4.48
3057	2.73
2165	1.53
2655	0.41
1384	2.59
9142	0.75
3286	1.49
7038	0.30
6472	1.76
531	4.21
6642	2.34
2492	1.96
8563	2.91
35	0.03
7504	2.12
5301	3.89
4231	1.30
153	1.78
9797	3.87
7830	0.80
4138	2.26
3207	0.31
466	4.85
7188	0.19
7814	4.94
4217	4.57
2037	1.43
3610	2.40
991	4.51
1147	4.92
8687	3.71
6339	4.32
9492	2.47
3157	1.91
6577	3.16
7719	3.57
6072	3.39
9848	4.58
3343	1.57
9561	1.36
3809	0.54
480	4.64
5349	1.71
2977	2.35
8760	3.33
6268	0.81
2344	0.92
4630	4.29
5488	3.99
5809	1.66
5672	0.75
6328	3.47
2307	1.56
1856	2.84
7927	2.71
3465	2.46
5450	0.66
2490	4.32
570	0.98
2732	0.27
1328	3.03
9661	2.25
1687	4.89
1867	3.09
3929	5.00
9736	1.25
777	1.65
7003	2.18
4915	1.43
7785	2.74
7920	2.48
