6597	0.56
8759	4.48
7372	2.40
2280	4.21
93	1.59
9762	2.13
5429	1.60
9681	4.54
9113	0.81
5260	0.55
2983	3.94
9897	4.45
6336	3.66
9526	0.32
341	1.20
2133	3.22
1049	2.47
9458	2.06
6203	3.05
869	0.71
6768	0.82
7768	3.03
2246	2.16
1445	0.29
8758	1.75
9764	0.91
8388	0.03
5150	0.91
3469	0.67
5279	2.19
930	1.01
8807	4.15
6759	3.68
3432	3.64
481	3.03
7084	2.30
3361	0.66
1694	0.42
7499	3.42
2251	4.96
460	0.93
2096	0.50
8893	2.11
4266	1.11
5734	3.05
1620	0.53
6773	0.23
1051	1.38
8902	1.95
1335	2.83
2879	4.51
1334	1.68
78	1.92
65	4.69
640	1.76
4187	0.19
7064	3.61
2501	0.18
7984	4.49
3706	2.05
2260	4.93
8234	4.16
4548	2.76
971	4.07
9209	1.63
4366	4.93
2055	1.24
346	0.48
3464	4.44
4444	3.17
9903	2.05
8147	3.82
2898	2.05
6227	0.32
3460	1.48
1686	0.07
1728	2.05
7545	1.92
4817	3.56
5378	2.69
6442	2.29
4120	0.55
9784	0.12
1861	4.23
8297	4.25
2343	2.28
8131	0.68
5107	0.95
