642	1.90
5255	3.88
1831	0.14
5396	4.96
434	4.57
8271	4.29
2727	4.62
9411	1.58
7147	4.37
6474	0.73
6488	4.57
2696	2.31
9996	3.46
2362	4.84
7037	1.59
749	0.03
4035	1.50
5971	2.01
2033	0.65
7692	0.26
9990	4.89
6086	3.68
3050	1.72
6678	0.17
5041	1.97
7243	1.10
8773	1.62
722	2.79
6617	2.54
7219	0.40
2222	4.11
3416	4.88
5131	4.38
443	4.34
690	3.74
2175	2.68
1328	3.97
7025	2.37
9837	4.39
2730	1.88
995	2.25
9203	4.83
6841	1.18
7008	1.42
4952	2.24
7611	0.01
5743	1.22
2181	3.36
8090	4.03
3393	0.42
2459	3.45
598	4.61
2566	4.66
2521	4.89
4017	0.33
8742	3.96
1474	3.49
7188	0.88
7579	1.97
2969	4.82
7209	1.01
2534	2.64
6436	4.14
3033	1.91
6314	3.91
9526	2.87
1898	0.33
4210	0.19
7866	3.58
5776	1.82
4230	4.05
1216	1.16
8469	0.74
4025	0.38
9107	1.51
468	4.98
5341	4.61
1248	3.71
2890	1.75
1961	4.18
2707	3.55
1709	4.40
7585	3.28
8068	1.35
8119	0.20
4521	0.34
55	2.81
4872	0.15
8753	2.20
217	0.67
88	1.39
1371	2.65
7461	3.86
6979	0.17
4911	0.53
