2620	1.63
8936	0.84
8356	2.02
6543	0.61
3352	1.72
1371	1.41
9719	1.82
510	2.46
4581	0.31
2882	3.59
964	3.84
837	1.79
7346	2.58
7829	2.89
3536	1.47
736	0.64
1514	1.89
8708	2.92
8307	0.56
5634	0.38
7064	4.10
1746	2.70
4225	0.11
8204	4.38
2106	4.94
102	2.61
6959	2.28
7090	3.85
6704	2.38
2984	2.82
2152	1.42
7999	4.55
1890	1.28
8755	3.98
3906	0.89
41	4.85
1646	3.25
569	2.86
1646	3.58
8394	1.46
9014	0.50
7625	2.44
2352	1.29
1711	4.32
7928	2.30
4961	3.24
9721	1.44
8567	0.49
2332	4.80
4785	0.40
7178	0.24
9873	3.45
