9714	1.42
4448	2.04
1633	4.58
5909	4.23
4281	4.87
2730	4.39
9257	3.94
698	2.92
6143	2.56
3175	0.66
7094	2.59
4536	4.66
1031	1.50
3025	4.46
3291	4.35
4427	0.89
6074	0.55
8649	1.34
2291	4.41
6496	3.63
3022	3.79
5820	4.09
3639	3.25
5829	4.84
8826	3.52
4849	1.18
531	1.58
8390	0.97
9782	2.35
3995	2.57
1494	4.19
4807	4.07
8520	2.28
1450	2.62
2887	4.57
7299	4.65
446	0.44
2550	3.35
2978	0.76
9621	2.36
1401	1.14
7228	2.89
9412	4.00
7172	4.27
6746	3.57
2242	1.71
9057	3.71
3187	3.75
6327	1.51
558	2.78
8574	3.54
1104	2.46
6486	2.76
6890	3.46
6688	2.88
1871	4.32
3019	0.41
110	1.38
3020	3.65
4046	4.87
5079	3.62
1450	3.20
636	0.53
