390	1.76
662	1.63
7949	3.41
4311	1.40
1600	2.18
9671	4.88
2329	0.35
5818	1.97
3271	2.56
7585	2.32
860	2.29
3953	2.94
3140	2.36
7044	1.34
6017	2.90
2156	2.83
7129	2.70
5433	0.90
3948	1.20
282	4.16
3308	0.16
3071	0.91
2851	2.62
6154	1.67
34	4.06
4036	2.23
2858	1.50
3870	3.31
4289	1.54
7330	3.01
2547	1.62
3225	4.61
1477	2.14
396	0.09
4603	0.79
6748	1.71
2627	1.87
1823	3.87
2999	3.63
1331	0.63
8965	2.58
7903	0.65
7979	1.82
6848	0.07
1795	4.08
3225	4.88
2593	4.36
4816	2.89
2803	4.39
6394	1.66
3610	0.72
4570	1.85
3928	4.64
7492	2.02
3733	0.28
1154	4.33
1202	1.81
5870	4.24
3417	1.17
8297	4.74
5856	4.02
6358	4.15
2150	3.54
1175	2.52
7957	4.45
2233	4.57
1193	1.95
5121	4.92
6933	3.27
4029	4.97
4637	2.92
3778	0.52
3038	3.74
8384	1.64
304	3.34
4939	2.53
7460	4.89
7010	0.04
8156	4.37
4755	3.58
2790	0.32
4539	3.92
5802	3.05
1717	4.61
6446	3.69
1952	4.31
2058	1.48
7876	0.51
4380	0.01
6991	3.69
