6335	0.52
9496	4.26
6686	3.71
2333	2.80
1490	4.99
657	3.07
521	3.39
6891	2.09
5767	2.16
3521	4.60
4084	2.41
9517	0.39
3102	4.53
5851	3.34
7939	4.89
7726	4.36
5674	2.79
983	0.16
8654	2.85
5967	4.84
7478	0.37
4976	4.59
1994	3.27
233	4.70
3733	3.64
7345	4.64
9336	3.29
5763	4.41
2031	2.39
8094	0.42
6652	3.37
7845	0.50
173	2.68
5487	4.36
3147	4.98
7384	3.90
1323	0.93
9420	0.21
708	3.38
5941	4.31
5911	0.18
1322	4.97
4021	3.40
9458	1.61
6177	3.83
2010	2.75
3905	1.18
8495	2.66
2831	0.12
4744	1.84
1500	1.12
9158	1.51
7595	0.05
4287	1.69
8674	4.29
8879	1.36
1020	0.46
4683	0.79
461	0.62
6019	4.07
7159	4.88
994	1.00
6126	1.81
983	1.28
5533	2.97
6128	0.73
7444	3.85
9450	4.80
8604	0.72
7777	3.88
5506	1.64
8366	4.23
5956	1.80
8089	4.59
2965	1.27
8838	3.51
2029	2.28
1774	1.50
