1	3.68
2	0.31
3	0.0
4	1.69
5	0.24
6	1.32
7	0.12
8	2.99
9	0.7
10	3.85
11	3.93
12	0.33
13	2.36
14	1.95
15	3.75
16	0.38
17	0.46
18	2.73
19	1.73
20	0.82
21	1.78
22	1.62
23	2.96
24	2.45
25	1.19
26	0.84
27	0.14
28	2.68
29	2.34
30	2.98
31	3.98
32	1.4
33	2.9
34	3.78
35	1.45
36	2.73
37	1.15
38	2.70
39	3.44
40	2.97
41	0.42
42	0.15
43	2.6
44	3.20
45	1.58
46	1.16
47	0.51
48	2.25
49	2.18
50	0.31
51	2.60
52	3.44
53	2.84
54	3.48
55	0.1
56	3.24
57	3.69
58	0.72
59	3.47
60	3.5
61	2.88
62	3.34
63	2.46
64	0.90
65	2.50
66	2.90
67	0.20
68	1.74
69	0.74
70	2.35
71	2.49
72	0.8
73	2.45
74	1.88
75	3.42
76	2.65
77	3.81
78	3.68
79	1.4
80	0.72
81	1.85
82	3.8
83	1.42
84	2.45
85	0.73
86	1.75
87	3.7
88	1.88
89	2.57
90	3.51
91	0.98
92	3.27
93	3.55
94	3.49
95	0.42
96	2.94
97	0.91
98	1.13
