1	3.27
2	3.37
3	3.95
4	0.88
5	3.70
6	1.3
7	2.72
8	2.27
9	3.96
10	2.85
11	3.15
12	3.73
13	1.51
14	0.65
15	2.89
16	1.45
17	3.90
18	1.99
19	0.93
20	3.97
21	0.42
22	1.55
23	2.69
24	1.75
25	0.89
26	3.57
27	3.15
28	2.82
29	1.59
30	2.45
31	2.3
32	3.61
33	1.0
34	3.42
35	2.9
36	1.6
37	3.55
38	3.98
39	2.68
40	3.35
41	0.53
42	2.19
43	3.14
44	2.23
45	2.72
46	2.65
47	3.96
48	2.64
49	3.56
50	3.11
51	3.8
52	2.84
53	1.48
54	0.46
55	3.55
56	1.25
57	2.3
58	1.89
59	0.6
60	0.13
61	2.66
62	1.48
63	1.50
64	3.7
65	1.54
66	0.22
67	3.75
68	0.82
69	2.74
70	1.71
71	0.94
72	0.70
73	1.21
74	1.28
75	3.75
76	2.4
77	2.56
78	2.97
79	2.69
80	1.37
81	1.13
82	3.69
