1	2.22
2	1.37
3	2.54
4	2.7
5	0.77
6	2.78
7	1.94
8	0.12
9	0.10
10	2.53
11	1.42
12	3.93
13	3.60
14	1.55
15	3.97
16	3.89
17	2.39
18	3.6
19	0.85
20	3.67
21	0.7
22	2.92
23	0.37
24	3.67
25	1.39
26	3.43
27	0.97
28	1.56
29	1.59
30	0.53
31	2.46
32	2.20
33	0.22
34	2.76
35	1.14
36	1.42
37	0.51
38	2.52
39	0.81
40	3.60
41	1.82
42	0.66
43	3.84
44	3.1
45	0.26
46	3.44
47	1.17
48	1.60
49	3.33
50	0.58
51	2.59
52	1.72
53	2.94
54	3.34
55	0.46
56	0.24
57	2.36
58	2.18
59	2.54
60	0.17
61	0.51
62	0.6
63	3.56
64	3.6
65	0.89
66	2.52
67	0.36
68	3.18
69	3.10
70	0.81
71	1.40
