1	1.76
2	3.79
3	1.12
4	1.36
5	2.25
6	1.85
7	2.72
8	2.71
9	3.67
10	0.22
11	1.91
12	0.5
13	0.66
14	1.18
15	3.22
16	2.22
17	0.72
18	1.12
19	1.85
20	0.76
21	1.7
22	0.16
23	1.6
24	3.84
25	2.84
26	0.44
27	2.62
28	3.11
29	2.70
30	1.20
31	0.90
32	1.66
33	2.57
34	2.77
35	3.11
36	2.43
37	3.65
38	0.38
39	2.21
40	1.73
41	2.87
42	1.17
43	1.49
44	3.65
45	3.5
46	1.97
47	2.70
48	0.70
49	0.34
50	1.98
51	0.36
52	3.92
53	1.40
54	3.53
55	1.12
56	0.1
57	3.92
58	2.16
59	2.15
60	3.66
61	1.44
62	2.45
63	0.83
64	2.12
65	0.9
66	2.21
67	0.62
68	3.67
69	2.23
70	3.6
71	1.74
72	0.82
73	1.66
74	0.53
75	3.81
76	2.47
77	1.16
78	1.52
79	0.56
80	0.75
