1	2.4
2	3.69
3	2.11
4	2.18
5	1.91
6	1.65
7	2.12
8	3.24
9	3.5
10	1.62
11	3.0
12	0.93
13	1.87
14	2.43
15	0.86
16	1.33
17	1.93
18	3.45
19	3.24
20	3.54
21	2.99
22	0.67
23	3.85
24	2.58
25	1.94
26	2.64
27	1.15
28	0.11
29	1.28
30	3.4
31	2.23
32	0.29
33	3.87
34	2.39
35	3.50
36	2.49
37	0.4
38	0.96
39	0.32
40	0.55
41	2.20
42	0.7
43	1.52
44	1.32
45	2.32
46	1.64
47	0.95
48	3.76
49	1.78
50	0.13
51	0.49
52	1.99
53	0.27
54	2.45
55	2.54
56	0.25
57	0.9
58	1.52
59	2.7
60	3.28
61	2.32
62	2.66
63	0.90
64	2.69
65	1.21
66	1.23
67	2.40
68	2.22
69	1.52
70	2.0
71	2.68
72	0.53
73	0.46
74	1.43
75	2.6
76	0.40
77	1.84
78	1.86
79	2.26
80	2.62
81	0.31
82	3.63
83	0.69
84	2.89
85	0.54
