1	1.12
2	3.82
3	1.83
4	3.2
5	2.90
6	2.88
7	1.12
8	3.13
9	0.14
10	3.87
11	0.79
12	0.98
13	2.60
14	2.81
15	3.12
16	1.0
17	1.72
18	0.8
19	3.90
20	1.94
21	2.21
22	3.87
23	2.36
24	2.3
25	1.42
26	3.92
27	3.11
28	1.68
29	1.73
30	2.56
31	2.94
32	1.32
33	1.17
34	1.42
35	0.6
36	2.59
37	1.95
38	1.94
39	2.30
40	3.67
41	3.98
42	3.28
43	0.99
44	3.23
45	2.87
46	2.4
47	2.89
48	0.91
49	0.84
50	3.57
51	3.42
52	0.46
53	1.88
54	1.15
55	1.3
56	1.60
57	2.73
58	1.15
59	2.68
60	1.57
61	0.47
62	3.46
63	1.92
64	0.70
65	3.32
66	3.42
67	1.56
68	0.52
69	0.48
70	3.74
71	0.39
72	1.54
73	0.8
74	0.21
75	0.45
76	0.20
77	0.1
78	3.89
79	1.74
80	1.75
81	0.37
