16754	1.2355
10598	3.9674
2140	1.5672
25537	.6094
12692	1.1868
1604	2.9982
3234	3.0761
7682	1.6084
11602	2.3494
6100	.0383
4275	1.6573
24146	2.4448
2891	1.9466
3612	.3843
26531	2.6651
10059	.9747
13482	1.5717
17369	3.2363
30965	2.9641
16818	.0592
17112	3.1821
10271	1.6199
19121	2.4294
30034	1.0643
12513	2.9615
11644	2.3285
2018	4.1433
26614	.5673
9716	4.5867
356	2.9299
30883	3.8344
14717	2.1510
26788	3.3683
6359	4.2388
1551	2.9688
32224	4.6908
10953	4.1438
7380	3.4507
16448	4.6906
23510	3.0333
29460	.7963
22428	.8778
1667	3.9024
19762	.9164
12144	2.9683
13966	1.9136
21047	4.4102
27773	4.2419
10250	.5708
31905	3.9445
31968	.5320
1516	.7524
5719	1.6145
593	3.0303
19785	1.9327
11053	.0401
19599	3.7679
26321	1.2993
32426	2.3194
4578	.9860
12670	.3619
7496	2.0322
4371	3.2844
10603	.5995
630	4.7350
23505	.7075
13021	1.2961
29280	3.3828
10514	.0701
