723	1.0423
11139	3.3050
17291	2.5453
26309	.2012
4872	.3779
11595	4.1273
8526	4.5472
5639	4.4312
21662	.7794
4237	4.9734
13667	1.5042
7151	1.7839
2651	4.6455
3578	.0569
22201	4.1096
8982	.2327
14700	3.9838
2963	2.9558
394	2.9548
16534	2.7367
16156	4.7552
24941	2.9898
18129	1.7218
28345	4.8844
24524	1.8454
2392	3.2874
9963	2.8908
19797	2.1205
19843	1.5179
8538	2.9683
21337	.0500
22007	.9840
22368	3.5995
649	1.0824
9729	.2296
11798	1.1981
20669	1.6185
1467	4.2307
992	4.1613
9150	2.2553
25626	1.9426
5358	1.1066
23925	1.4897
27228	2.3673
25796	4.9800
22785	1.0756
916	3.6198
15608	2.4915
27801	3.9764
20376	4.1479
9862	3.5509
23586	4.5982
27341	1.0693
23308	2.2270
13507	3.1890
18281	1.8202
25308	2.6703
9590	1.1944
14191	1.2028
4550	1.1809
6857	2.5809
10314	3.7763
20508	1.3362
11846	3.1170
