32511	3.5743
8852	1.4030
14986	.1602
26059	2.1730
31408	.0959
30566	1.6260
22837	3.8509
21640	4.6148
11909	.8413
12232	.8320
4399	3.2210
14504	1.9949
18247	2.5621
17638	1.5938
4547	.2829
11510	2.0636
257	.4325
9697	3.9391
5542	2.0596
10942	4.7506
21946	3.7443
29566	3.5505
4518	1.6994
14106	3.3133
24222	4.9468
8708	4.8947
26540	4.2194
136	4.2782
11123	2.0198
19031	4.1706
14328	.2508
12301	4.6563
22957	.6675
5242	4.8321
4720	.4649
11624	1.2805
21112	2.7169
2665	3.3330
17526	3.7278
27373	.9781
15554	2.3543
12599	2.0500
13040	4.1804
20243	3.8784
7648	3.3924
2782	2.5568
13950	2.1398
21499	4.6858
13110	1.4380
24639	3.0980
29911	3.5329
31698	1.9801
20269	4.4842
