10218	3.4609
8938	2.9729
23001	2.5641
26917	1.5243
4100	2.8521
11143	3.4229
27321	.3097
29910	.9062
29043	.9775
23876	1.2211
22324	.2079
29765	1.0454
10311	4.0858
7218	1.3422
22967	4.1160
22014	1.3472
24115	1.9521
16141	.3968
11079	.0035
30558	.9691
1480	.6102
24873	4.2014
26652	4.2576
24479	3.5543
27033	.6303
3010	2.6207
17173	3.4096
23768	2.3647
12705	1.2569
28441	.3382
7748	.3494
14550	1.2726
15847	2.1436
18810	1.4748
10938	2.1994
27831	3.9657
5257	1.0765
25992	3.5828
4173	2.1739
2031	1.4186
12264	3.8914
30213	1.1915
25746	2.5284
26	4.1395
19797	1.4056
17470	3.6631
2180	1.1185
26996	.8793
28518	2.4135
23475	1.8831
1771	1.9544
21749	.2439
17461	3.4740
15559	4.4061
