27444	4.2684
11833	2.3032
21525	2.9119
24428	4.8199
12602	4.4644
28864	1.7683
25141	.6276
14305	1.7014
19222	1.1627
9114	3.4925
1217	.6930
14052	4.3235
18826	1.0925
1437	2.9320
11643	3.4978
9642	3.6503
28144	3.3124
18347	3.0603
16687	4.2619
30224	4.7582
8036	.7969
29329	3.6086
4534	3.4945
17787	3.4232
18042	.8632
798	1.2305
13424	1.2720
24190	4.4882
23815	3.6596
10362	4.3461
25056	.3158
22235	4.9870
30225	.5177
28588	2.7874
6614	4.0238
19440	1.8353
10019	2.3136
32251	.2630
6376	.0282
16980	.2673
9102	4.1634
28228	4.1006
21961	1.9559
7787	3.0805
6134	4.2736
21439	1.3022
14641	3.5439
18475	3.4643
7768	3.5547
17899	2.4596
29792	1.4847
24295	1.3020
6169	1.2140
6104	4.4479
4583	3.1551
21934	1.8543
15987	4.3803
5100	.7802
6540	2.6625
30129	4.0887
