7227	3.0707
25996	1.9629
22177	4.9560
29100	3.2465
31322	1.4804
18805	3.9611
18394	2.0102
28771	.2516
12157	.9953
21930	1.7545
5871	3.8019
9744	2.0487
5346	3.1579
12588	3.6858
27430	1.3211
11905	3.5396
12444	3.5601
3012	1.9576
5445	4.9118
3689	.4272
4361	.8857
9592	4.4425
7888	4.9055
30963	1.2866
8979	3.1102
18539	2.9496
8372	.2966
16582	4.4825
9517	4.7425
15798	3.2337
14284	.6975
24500	2.7037
10057	3.8978
11020	.0282
12939	2.6641
29761	4.7535
32530	4.4286
2956	3.7293
18883	2.7678
9307	4.5001
32	3.3980
29313	2.6169
6661	4.5255
18457	1.7740
3764	1.7763
25672	4.5037
16468	4.5060
32435	1.8530
20113	4.4204
16042	3.6234
8272	1.0310
31576	3.3486
20236	1.4136
9422	4.6746
30019	.6839
7915	2.5580
1151	4.7717
23773	3.2735
28653	3.5946
12991	2.8568
19668	4.8474
3880	2.5318
13044	1.4584
18531	1.0083
2287	4.7543
15276	.6517
14812	1.5785
7162	4.9549
28246	3.5023
32625	3.1646
29663	4.1814
29767	4.3217
2985	2.7964
14865	4.9844
13489	4.8324
27070	4.9085
22605	2.3807
14021	1.0200
21277	.3167
20879	.0135
2938	4.5513
13740	.9479
24790	3.5019
7142	4.5715
21421	4.4367
