3461	4.0763
20885	4.8211
3507	.6440
27541	.9172
1783	3.0727
29379	3.1818
2313	2.0876
20897	1.5675
15459	3.8102
18090	3.6629
26735	3.7450
24262	.3196
14028	2.4579
17666	2.6210
11953	4.2066
8076	4.8918
19007	4.0795
30604	2.8725
11211	3.9713
11320	2.5728
14405	1.2469
29872	2.9746
3092	1.0373
888	3.0133
18523	3.0895
28584	.5296
2207	2.1123
5268	1.6692
10178	2.1678
28675	3.2564
1742	3.7546
18361	.2487
24660	4.7367
13381	2.2229
15799	1.6039
16693	1.7232
9244	1.1947
23190	.6575
14319	2.6023
22201	2.2453
19395	2.5371
28928	1.4485
21840	.2145
6796	.3511
27997	3.1528
7733	1.5166
25315	1.0567
15098	4.1540
9801	4.7189
