23268	3.8488
20989	.5171
28731	2.1376
25338	2.9886
8418	1.7024
28442	.7298
17504	3.2647
1214	3.1319
27499	4.3595
30617	3.1577
1536	1.8803
30377	1.6698
30824	2.8139
1919	4.0061
10745	1.2862
9719	2.5762
962	3.9487
25269	3.2073
25824	1.3385
15697	2.1611
5616	1.0161
19963	2.7675
14144	2.2992
112	.3018
19229	2.4265
4856	2.3366
25015	3.2105
14345	1.4111
3352	2.5086
16934	4.7106
27083	2.4692
8041	.4289
20845	4.6937
26271	.4760
32613	4.0865
23401	.7809
29124	.8540
14947	1.4641
19581	.8490
20524	1.6147
13438	3.3661
21949	1.4549
2054	1.5030
25989	3.9689
11282	4.3469
23044	3.7411
30896	.6620
31843	1.2866
22065	1.0019
13095	.7078
20719	2.4654
1186	2.2338
23975	4.5719
8461	.5739
27134	4.4784
10967	.2491
9825	4.9659
14907	2.2009
8362	1.4120
5259	.5964
24412	1.6949
6612	4.8832
19620	4.5141
21872	3.1006
15084	3.4051
2086	2.3993
8276	4.0836
29983	2.3052
28017	.4182
21357	3.3967
11929	.2616
27074	3.7591
21685	4.9218
22577	1.5114
31664	4.6214
4077	2.3467
20352	.4541
18748	4.8231
