1	3.77
2	3.91
3	0.02
4	0.76
5	2.88
6	0.90
7	1.67
8	3.02
9	1.88
10	1.51
11	0.94
12	1.32
13	2.08
14	0.72
15	4.55
16	4.18
17	3.79
18	2.82
19	0.10
20	4.69
21	2.57
22	3.34
23	0.66
24	1.25
25	4.64
26	1.15
27	1.27
28	4.36
29	3.12
30	2.51
31	4.72
32	1.24
33	1.81
34	4.89
35	2.97
36	1.21
37	1.28
38	1.60
39	2.54
40	2.60
41	3.73
42	0.65
43	3.54
44	3.53
45	2.39
46	1.38
47	2.98
48	3.30
49	2.35
50	1.54
51	1.92
52	4.77
53	4.01
54	4.83
55	1.15
56	2.30
57	3.85
58	0.74
59	4.06
60	2.47
61	1.30
62	4.56
63	1.89
64	2.75
65	4.13
