1	1.53
2	4.48
3	2.43
4	4.20
5	2.68
6	0.82
7	4.90
8	4.97
9	1.37
10	0.66
11	2.59
12	1.68
13	0.24
14	0.67
15	2.44
16	4.96
17	3.69
18	4.71
19	3.04
20	1.70
21	0.86
22	4.97
23	3.22
24	0.03
25	2.58
26	0.53
27	4.78
28	0.80
29	3.51
30	0.46
31	3.77
32	4.26
33	2.13
34	0.04
35	4.37
36	3.90
37	4.65
38	1.41
39	3.57
40	0.14
41	2.92
42	1.64
43	3.07
44	2.78
45	4.17
46	2.04
47	3.29
48	1.47
49	2.66
50	3.41
51	3.66
52	3.89
53	4.16
54	1.31
55	1.56
56	4.29
57	4.75
58	4.20
59	1.15
60	2.90
61	1.34
62	0.87
63	0.35
64	1.68
65	0.01
66	0.53
67	4.08
68	0.37
69	4.64
70	2.66
71	0.83
72	3.18
73	4.85
74	1.49
75	4.32
76	4.94
77	3.27
