1	0.80
2	3.44
3	0.84
4	3.39
5	3.38
6	3.53
7	1.06
8	3.84
9	0.43
10	4.10
11	0.07
12	3.72
13	0.99
14	0.35
15	0.61
16	3.43
17	4.56
18	1.85
19	1.85
20	0.61
21	3.30
22	4.92
23	1.30
24	4.97
25	2.92
26	0.82
27	4.42
28	2.87
29	2.40
30	2.52
31	0.48
32	3.47
33	1.72
34	1.95
35	2.96
36	1.66
37	0.49
38	2.83
39	2.30
40	4.23
41	1.00
42	2.38
43	1.65
44	1.25
45	2.76
46	1.34
47	1.99
48	2.52
49	1.35
50	1.97
51	3.51
52	2.73
53	3.10
54	4.01
55	2.33
56	2.46
57	0.13
58	1.54
59	2.06
60	2.66
61	1.51
62	2.43
63	3.82
64	3.94
65	1.99
66	0.27
67	0.83
68	4.93
69	0.29
70	3.92
71	1.05
72	3.10
73	1.20
74	2.98
75	4.27
76	1.25
77	0.51
78	2.66
79	3.59
80	3.44
81	0.37
82	2.81
83	3.45
84	4.37
85	1.30
86	4.65
87	2.12
88	1.19
89	1.21
