1	4.60
2	3.44
3	3.84
4	1.67
5	1.28
6	0.92
7	1.06
8	2.70
9	4.55
10	2.72
11	3.27
12	1.32
13	1.33
14	2.09
15	3.80
16	3.53
17	1.90
18	2.73
19	0.17
20	4.31
21	2.11
22	1.87
23	4.56
24	4.59
25	4.58
26	3.15
27	1.06
28	4.08
29	3.33
30	2.17
31	0.42
32	4.62
33	2.69
34	2.08
35	2.23
36	3.62
37	3.72
38	1.56
39	1.62
40	2.87
41	1.56
42	4.79
43	3.80
44	2.23
45	1.50
46	1.94
47	0.92
48	1.45
49	0.67
50	3.77
51	1.45
52	0.11
53	0.57
54	4.34
55	2.56
56	4.49
57	2.70
58	2.85
59	0.40
60	2.82
61	1.77
62	0.39
63	3.96
64	1.46
65	1.98
66	0.56
67	1.61
68	3.66
69	3.07
70	2.49
71	4.61
72	2.70
73	1.70
74	2.54
75	4.78
76	3.73
77	2.73
78	0.41
79	4.29
80	2.03
81	4.70
82	2.02
83	3.93
84	4.11
