1	3.48
2	4.45
3	4.99
4	2.16
5	2.14
6	1.52
7	1.76
8	0.14
9	2.21
10	0.14
11	0.27
12	0.94
13	4.42
14	0.23
15	3.53
16	1.61
17	4.06
18	4.30
19	2.51
20	4.80
21	1.59
22	4.51
23	2.74
24	2.73
25	3.73
26	0.90
27	4.40
28	3.21
29	0.42
30	2.50
31	1.93
32	2.70
33	3.89
34	2.98
35	1.03
36	3.97
37	1.90
38	0.88
39	1.91
40	4.08
41	1.93
42	2.54
43	2.40
44	3.53
45	4.18
46	4.95
47	4.56
48	4.02
49	3.92
50	0.27
51	0.55
52	4.95
53	1.70
54	1.05
55	4.88
56	3.96
57	0.78
58	4.86
59	2.04
60	4.89
61	0.49
62	4.08
63	3.69
64	2.78
65	1.41
66	0.10
67	4.31
68	4.44
69	2.39
70	1.39
71	1.37
72	3.51
73	0.54
74	4.00
75	2.32
76	4.00
77	1.23
78	0.69
79	1.08
80	1.23
81	1.34
82	4.71
83	0.48
84	1.50
85	2.28
86	4.46
