1	3.75
2	3.14
3	0.66
4	0.37
5	1.39
6	4.20
7	4.82
8	0.73
9	2.51
10	1.13
11	0.19
12	0.28
13	3.91
14	0.24
15	4.25
16	1.01
17	4.60
18	1.81
19	0.79
20	2.56
21	3.81
22	0.61
23	0.37
24	1.41
25	2.41
26	4.11
27	2.67
28	2.56
29	3.55
30	2.14
31	1.21
32	3.68
33	4.19
34	2.87
35	0.04
36	1.33
37	2.33
38	4.41
39	1.54
40	2.44
41	1.16
42	1.33
43	3.49
44	1.73
45	3.86
46	1.68
47	3.08
48	1.80
49	0.04
50	2.23
51	4.30
52	0.67
53	4.63
54	0.24
55	0.38
56	2.95
57	3.45
58	4.80
59	4.61
60	1.01
61	2.31
62	1.74
63	0.34
64	4.43
65	0.64
66	0.25
67	0.25
68	4.88
69	0.28
70	4.10
71	4.86
72	4.09
73	3.32
74	2.54
75	0.60
76	0.59
77	4.07
78	0.57
79	0.19
80	2.87
81	4.42
82	0.17
83	1.70
84	2.45
