1	3.30
2	1.39
3	4.71
4	2.53
5	1.19
6	3.12
7	4.51
8	4.11
9	4.43
10	0.40
11	4.30
12	0.42
13	1.51
14	4.89
15	0.66
16	3.10
17	3.22
18	2.36
19	3.53
20	3.77
21	3.37
22	0.22
23	4.64
24	1.60
25	0.47
26	0.58
27	3.28
28	3.70
29	0.82
30	2.39
31	4.49
32	0.32
33	1.22
34	2.62
35	3.10
36	2.75
37	0.41
38	2.11
39	2.52
40	4.98
41	2.11
42	0.16
43	1.13
44	0.52
45	4.41
46	0.19
47	2.46
48	3.18
49	3.04
50	1.88
51	2.44
52	3.24
53	4.15
54	2.45
55	3.17
56	1.98
57	3.75
58	0.87
59	4.32
60	2.15
61	4.89
62	3.00
63	3.32
64	2.51
65	0.41
66	4.80
67	1.33
68	4.95
69	2.53
70	2.28
71	0.40
72	0.56
73	0.77
74	3.80
75	2.89
76	1.11
77	3.44
78	3.56
79	1.50
80	0.66
81	0.11
82	4.47
83	2.19
