1	2.80
2	0.85
3	1.55
4	2.47
5	0.84
6	3.13
7	4.03
8	3.41
9	1.58
10	1.71
11	1.88
12	2.43
13	0.99
14	0.35
15	3.20
16	4.71
17	2.14
18	3.57
19	0.08
20	3.32
21	4.61
22	2.01
23	0.99
24	2.69
25	3.62
26	0.24
27	3.10
28	0.94
29	1.67
30	3.47
31	3.61
32	1.27
33	3.73
34	3.62
35	3.58
36	0.28
37	4.64
38	0.92
39	0.29
40	2.00
41	2.84
42	0.02
43	1.95
44	0.75
45	4.77
46	2.11
47	4.42
48	2.25
49	1.09
50	3.08
51	0.93
52	0.47
53	2.74
54	1.87
55	0.34
56	4.84
57	3.17
58	2.77
59	1.25
60	3.87
61	4.83
62	2.20
63	2.97
64	0.02
65	0.77
66	0.08
67	4.89
68	3.29
69	4.46
70	0.46
71	0.06
72	0.00
73	2.33
74	4.46
75	4.14
76	0.68
77	3.41
78	3.13
79	3.12
80	0.13
81	0.52
82	4.45
83	1.93
84	0.83
85	2.27
86	1.89
