1	1.04
2	1.29
3	2.39
4	0.35
5	4.40
6	0.15
7	0.50
8	3.82
9	3.27
10	0.07
11	4.01
12	4.73
13	4.51
14	4.29
15	1.68
16	4.88
17	4.25
18	0.57
19	0.29
20	0.43
21	0.57
22	3.62
23	1.61
24	3.68
25	4.04
26	3.78
27	0.21
28	0.31
29	1.99
30	1.15
31	3.27
32	4.98
33	1.64
34	3.42
35	0.84
36	1.38
37	1.55
38	2.82
39	3.21
40	1.83
41	2.69
42	2.97
43	1.19
44	4.13
45	2.75
46	0.09
47	2.29
48	0.14
49	3.00
50	3.86
51	0.92
52	0.29
53	3.21
54	1.75
55	4.58
56	3.86
57	2.65
58	3.64
59	4.70
60	1.19
61	4.31
62	4.05
63	2.29
64	3.53
65	1.12
66	3.21
67	4.41
68	3.81
69	1.64
70	3.57
71	4.19
72	0.62
73	0.98
74	0.43
75	1.42
76	0.99
77	3.06
78	1.06
79	1.38
80	2.35
81	4.36
82	0.26
83	3.87
84	2.84
85	2.61
86	1.19
87	1.29
88	1.49
89	1.42
90	3.28
91	2.60
92	0.30
93	3.52
94	4.99
95	4.89
96	4.65
97	2.12
98	4.90
