1	3.80
2	0.57
3	3.01
4	3.99
5	2.21
6	4.76
7	2.62
8	3.22
9	2.97
10	4.75
11	2.84
12	4.75
13	4.13
14	4.70
15	3.33
16	2.97
17	2.78
18	3.87
19	1.78
20	0.64
21	2.33
22	3.72
23	3.87
24	0.25
25	1.53
26	1.39
27	1.95
28	0.21
29	3.27
30	4.95
31	4.58
32	4.07
33	2.32
34	0.65
35	4.99
36	3.28
37	1.23
38	0.29
39	2.46
40	0.40
41	1.05
42	2.73
43	0.70
44	4.43
45	0.73
46	1.71
47	0.34
48	0.94
49	1.85
50	3.13
51	3.75
52	2.47
53	1.83
54	1.20
55	4.09
56	3.49
57	4.10
58	0.77
59	1.75
60	2.63
61	2.10
62	4.55
63	2.90
64	3.92
65	0.21
66	0.87
67	1.00
68	3.93
69	2.18
70	2.37
71	4.06
72	4.68
73	4.94
74	2.78
75	3.39
76	3.11
77	2.50
78	4.32
79	1.07
80	0.83
