1	4.86
2	0.30
3	2.45
4	4.35
5	0.72
6	1.54
7	3.31
8	4.15
9	0.83
10	2.92
11	2.43
12	3.50
13	2.97
14	4.41
15	0.72
16	2.00
17	1.28
18	0.73
19	1.17
20	2.94
21	3.39
22	4.81
23	4.85
24	0.38
25	1.96
26	1.05
27	0.37
28	2.13
29	4.48
30	1.18
31	1.33
32	1.08
33	1.06
34	4.08
35	3.76
36	3.73
37	2.23
38	1.66
39	0.51
40	1.64
41	1.27
42	2.78
43	4.31
44	0.33
45	2.92
46	1.35
47	4.14
48	1.99
49	2.40
50	0.33
51	0.22
52	3.00
53	4.82
54	4.66
55	0.05
56	0.79
57	0.44
58	2.60
59	0.58
60	3.72
61	0.54
62	4.99
63	3.86
64	2.33
65	4.21
66	2.25
67	4.93
68	0.95
69	3.95
70	1.48
71	4.73
72	1.58
73	2.56
74	0.16
75	4.67
76	3.65
77	0.11
78	0.27
79	2.96
80	2.22
81	1.84
82	1.66
83	0.82
84	2.06
85	0.04
86	2.58
