1	2.28
2	3.10
3	4.19
4	1.70
5	0.26
6	3.74
7	0.03
8	1.17
9	1.55
10	3.08
11	1.80
12	0.18
13	2.10
14	2.70
15	0.75
16	0.80
17	0.19
18	0.19
19	3.16
20	0.64
21	1.01
22	4.14
23	3.92
24	0.83
25	1.22
26	3.73
27	1.01
28	2.07
29	2.17
30	0.83
31	3.07
32	0.38
33	4.79
34	0.56
35	2.88
36	1.54
37	4.60
38	3.42
39	3.61
40	2.46
41	3.21
42	2.99
43	1.46
44	1.08
45	1.44
46	0.10
47	3.54
48	0.07
49	0.65
50	4.88
51	4.61
52	4.28
53	1.60
54	0.06
55	4.46
56	2.16
57	4.82
58	3.48
59	1.16
60	2.32
61	4.62
62	3.64
63	1.35
64	2.80
65	4.04
66	0.99
67	4.88
68	2.26
69	0.35
70	4.85
71	0.33
72	4.99
73	2.56
74	3.05
75	1.55
76	1.86
77	1.08
78	3.49
79	2.65
80	3.66
81	4.67
82	2.66
83	2.92
84	0.06
85	4.29
86	1.88
87	3.15
88	2.40
89	4.48
90	2.03
91	4.71
92	1.51
93	4.21
94	2.40
95	2.72
96	3.84
97	3.94
98	2.38
