1	2.48
2	1.63
3	0.92
4	0.15
5	1.60
6	2.23
7	0.92
8	3.30
9	2.32
10	2.17
11	2.84
12	2.9
13	3.55
14	0.62
15	3.39
16	1.13
17	0.9
18	2.4
19	2.80
20	0.56
21	1.69
22	0.25
23	0.83
24	2.86
25	3.91
26	3.49
27	1.56
28	2.89
29	2.85
30	3.52
31	2.25
32	3.8
33	3.75
34	1.58
35	0.32
36	0.88
37	1.55
38	2.53
39	0.86
40	2.93
41	0.80
42	3.95
43	1.17
44	2.45
45	3.19
46	2.43
47	1.93
48	3.67
49	3.91
50	2.79
51	2.55
52	3.53
53	3.29
54	1.56
55	3.16
56	0.46
57	1.86
58	1.64
59	1.58
60	2.32
61	2.90
62	2.89
63	2.27
64	0.37
65	3.93
66	0.0
67	0.31
68	2.20
69	0.30
70	3.95
71	0.96
72	3.96
73	2.72
74	0.38
75	3.87
76	0.97
77	0.14
78	3.78
79	1.20
80	0.26
81	3.11
82	2.40
83	2.42
84	0.60
85	2.68
86	0.40
87	2.11
88	1.23
89	1.19
90	1.21
91	2.82
92	1.61
93	0.29
94	1.80
95	0.81
