1	3.29
2	0.32
3	0.95
4	1.57
5	2.86
6	0.91
7	3.21
8	2.64
9	1.83
10	1.76
11	3.81
12	1.93
13	1.59
14	0.49
15	3.80
16	0.45
17	0.66
18	0.8
19	3.77
20	1.86
21	3.52
22	0.8
23	0.12
24	3.2
25	3.59
26	2.26
27	2.9
28	1.37
29	0.21
30	0.7
31	2.21
32	1.85
33	3.31
34	1.34
35	1.11
36	0.45
37	0.19
38	2.53
39	2.60
40	3.1
41	0.22
42	3.31
43	1.57
44	2.86
45	3.54
46	3.84
47	2.18
48	3.88
49	1.5
50	3.98
51	0.45
52	2.44
53	1.37
54	2.37
55	2.82
56	2.50
57	1.90
58	0.51
59	1.54
60	1.57
61	0.20
62	2.22
63	1.35
64	0.95
65	3.65
66	3.98
67	1.0
68	0.76
69	0.5
70	0.48
71	0.63
72	1.1
73	0.31
74	3.82
75	0.73
76	0.21
77	0.30
78	3.21
79	2.1
80	1.83
