1	3.89
2	0.1
3	3.5
4	1.4
5	1.19
6	0.89
7	0.30
8	2.0
9	0.5
10	0.65
11	3.7
12	3.38
13	2.45
14	3.72
15	0.28
16	2.54
17	0.21
18	1.38
19	3.93
20	3.97
21	0.12
22	1.0
23	0.45
24	3.12
25	2.78
26	1.44
27	0.22
28	2.57
29	3.62
30	0.36
31	1.24
32	2.40
33	1.85
34	0.51
35	1.87
36	2.75
37	1.41
38	1.88
39	3.55
40	3.0
41	1.88
42	0.69
43	0.20
44	1.17
45	0.56
46	0.75
47	3.70
48	0.85
49	1.53
50	1.89
51	0.17
52	3.98
53	2.59
54	3.85
55	2.51
56	3.31
57	1.77
58	1.81
59	1.93
60	3.54
61	1.54
62	3.82
63	3.95
64	3.46
65	2.68
66	2.83
67	1.38
68	3.49
69	3.82
70	2.72
71	1.47
72	0.54
73	1.5
74	3.42
75	1.68
76	0.84
77	1.2
78	2.67
79	0.48
80	3.14
81	0.79
82	2.81
83	2.73
84	2.63
85	2.2
86	0.57
87	0.81
88	1.45
89	3.78
90	3.84
91	2.29
92	2.78
93	0.44
