1	3.70
2	3.89
3	3.79
4	3.93
5	2.82
6	2.64
7	0.97
8	0.21
9	1.29
10	0.9
11	2.50
12	3.51
13	3.30
14	2.70
15	2.16
16	1.48
17	1.44
18	2.2
19	3.47
20	3.28
21	1.45
22	3.75
23	0.88
24	0.61
25	1.77
26	3.72
27	3.65
28	2.46
29	1.99
30	0.84
31	3.8
32	3.25
33	1.34
34	1.25
35	3.89
36	0.91
37	3.52
38	3.1
39	2.70
40	1.20
41	3.41
42	2.44
43	1.53
44	2.75
45	0.37
46	2.8
47	0.59
48	3.65
49	1.19
50	2.41
51	0.36
52	0.91
53	2.84
54	3.6
55	1.47
56	2.83
57	0.87
58	2.52
59	3.61
60	2.64
61	3.66
62	1.32
63	2.1
64	0.60
65	2.49
66	3.37
67	0.12
68	1.8
69	3.76
70	2.74
71	1.23
72	0.70
73	1.42
74	0.92
75	1.28
76	3.14
77	2.27
78	3.54
79	2.10
80	2.68
81	1.31
82	1.74
83	0.30
84	3.95
85	2.75
86	2.42
87	2.67
88	0.36
89	0.85
90	3.79
91	0.57
92	1.2
93	0.11
94	3.71
95	3.26
96	1.64
97	0.97
