1	2.75
2	1.39
3	3.72
4	1.15
5	1.53
6	0.5
7	2.74
8	1.87
9	2.34
10	0.38
11	1.52
12	2.48
13	3.78
14	3.24
15	2.61
16	3.2
17	0.67
18	3.48
19	2.58
20	1.54
21	1.47
22	3.78
23	1.48
24	1.71
25	3.32
26	0.47
27	1.6
28	1.45
29	0.82
30	0.75
31	1.49
32	0.44
33	0.37
34	1.96
35	2.78
36	2.17
37	2.98
38	3.57
39	1.37
40	2.61
41	2.30
42	0.79
43	0.18
44	0.22
45	3.13
46	1.1
47	0.70
48	0.80
49	3.13
50	1.10
51	3.55
52	1.4
53	2.54
54	2.52
55	1.15
56	0.93
57	0.47
58	3.49
59	3.18
60	1.60
61	2.16
62	0.30
63	0.78
64	1.57
65	1.52
66	3.20
67	3.25
68	1.71
69	3.71
70	1.99
71	2.89
72	2.36
73	2.26
74	3.40
75	3.12
76	2.76
77	0.7
78	3.35
79	1.67
80	1.9
81	0.7
82	1.63
83	2.63
84	2.67
85	3.61
86	1.39
87	3.48
88	3.77
89	2.39
90	0.0
91	1.49
92	2.66
93	0.50
94	1.99
95	1.6
96	1.39
97	2.15
98	0.28
99	2.0
