1	0.10
2	0.46
3	2.86
4	0.98
5	1.6
6	3.35
7	1.40
8	3.5
9	1.65
10	3.81
11	1.60
12	2.54
13	3.37
14	3.15
15	0.33
16	0.2
17	3.75
18	1.48
19	0.45
20	0.87
21	1.49
22	0.51
23	2.89
24	0.68
25	3.8
26	3.24
27	3.42
28	2.3
29	2.74
30	0.97
31	2.2
32	3.51
33	3.84
34	1.4
35	2.18
36	1.55
37	2.79
38	1.92
39	1.82
40	1.3
41	2.97
42	2.59
43	3.86
44	1.0
45	1.57
46	3.80
47	1.21
48	3.53
49	3.15
50	2.87
51	2.76
52	0.11
53	2.51
54	0.33
55	2.95
56	2.89
57	3.60
58	2.53
59	0.52
60	2.25
61	0.35
62	0.80
63	1.69
64	3.4
65	0.15
66	0.75
67	1.96
68	2.37
69	0.7
70	0.87
71	1.55
72	2.29
73	1.77
74	1.51
75	2.92
76	3.95
77	3.87
78	2.98
79	2.26
80	1.24
81	1.34
82	3.89
83	0.21
84	1.83
85	0.76
86	3.96
87	0.81
88	0.43
89	3.69
90	1.88
91	3.40
92	2.15
93	0.99
94	1.93
95	3.93
96	3.64
97	0.17
98	1.88
