1	0.84
2	3.97
3	2.90
4	3.84
5	1.12
6	0.46
7	2.45
8	0.63
9	1.19
10	2.96
11	1.77
12	1.75
13	0.4
14	0.74
15	1.65
16	0.46
17	0.96
18	1.15
19	1.63
20	3.32
21	1.79
22	1.62
23	3.44
24	1.7
25	1.79
26	1.9
27	1.66
28	0.80
29	1.65
30	0.22
31	3.92
32	2.76
33	3.29
34	3.73
35	2.81
36	1.91
37	1.22
38	3.95
39	3.86
40	1.16
41	2.7
42	0.59
43	1.92
44	3.49
45	3.21
46	3.56
47	2.19
48	3.21
49	1.83
50	0.96
51	0.21
52	2.46
53	0.34
54	2.95
55	2.93
56	1.53
57	0.69
58	0.5
59	1.25
60	0.9
61	0.33
62	0.78
63	1.9
64	3.18
65	2.16
66	2.70
67	3.76
68	2.1
69	2.64
70	2.46
