1	3.81
2	2.54
3	0.23
4	1.6
5	1.16
6	2.67
7	0.73
8	0.39
9	1.14
10	3.11
11	1.59
12	3.33
13	0.31
14	2.85
15	2.98
16	3.8
17	2.49
18	1.37
19	3.17
20	3.28
21	0.32
22	0.98
23	0.71
24	3.65
25	1.1
26	0.24
27	2.27
28	0.42
29	2.31
30	1.7
31	3.72
32	3.54
33	3.70
34	0.45
35	0.30
36	0.34
37	0.28
38	0.92
39	0.58
40	1.62
41	3.45
42	3.0
43	3.96
44	0.68
45	0.85
46	1.0
47	3.13
48	0.20
49	0.22
50	1.71
51	1.85
52	2.65
53	0.99
54	1.71
55	2.98
56	1.22
57	0.28
58	1.44
59	1.14
60	2.53
61	0.4
62	1.17
63	1.67
64	0.37
65	2.41
66	2.60
67	3.24
68	0.31
69	2.26
70	0.32
71	0.43
72	0.89
73	3.38
74	1.53
75	3.98
76	1.54
77	1.15
78	3.45
79	1.93
80	0.25
81	2.2
82	1.94
83	3.37
84	0.4
85	2.59
86	3.60
87	2.93
88	3.81
89	1.10
90	1.93
91	3.7
92	0.51
