1	2.36
2	2.10
3	3.38
4	0.34
5	2.84
6	3.53
7	3.60
8	3.98
9	1.25
10	0.99
11	2.67
12	3.28
13	1.17
14	3.17
15	3.5
16	0.33
17	0.32
18	0.94
19	2.39
20	0.86
21	2.19
22	1.71
23	2.69
24	2.1
25	1.48
26	2.76
27	2.4
28	1.55
29	0.55
30	1.78
31	0.83
32	3.86
33	0.8
34	2.88
35	0.56
36	0.83
37	2.96
38	0.80
39	1.26
40	1.17
41	0.72
42	3.58
43	2.93
44	0.79
45	0.78
46	1.7
47	2.41
48	3.4
49	1.37
50	2.15
51	1.59
52	1.3
53	0.38
54	2.31
55	0.46
56	0.66
57	2.84
58	2.90
59	2.18
60	2.82
61	2.47
62	1.23
63	2.19
64	0.46
65	3.28
66	3.22
67	1.58
68	2.36
69	2.8
70	1.91
71	3.62
72	2.16
73	2.68
74	3.64
75	0.30
76	0.41
77	3.6
78	1.57
79	3.20
80	1.61
81	3.7
82	2.18
