1	3.75
2	1.81
3	2.45
4	0.10
5	3.70
6	3.22
7	2.50
8	2.9
9	3.33
10	3.84
11	0.58
12	0.18
13	1.83
14	2.30
15	3.30
16	2.44
17	3.85
18	0.88
19	2.11
20	2.94
21	0.97
22	0.74
23	2.9
24	3.63
25	3.1
26	2.74
27	0.76
28	3.96
29	2.45
30	0.85
31	3.93
32	0.5
33	1.85
34	0.73
35	3.47
36	1.32
37	3.91
38	2.69
39	2.76
40	2.76
41	0.70
42	0.39
43	3.79
44	1.46
45	2.64
46	2.3
47	2.7
48	1.50
49	0.51
50	1.58
51	3.1
52	1.94
53	3.61
54	0.12
55	0.77
56	1.34
57	0.95
58	3.90
59	1.90
60	3.37
61	2.60
62	1.76
63	3.54
64	0.22
65	2.86
66	2.0
67	0.47
68	3.19
69	1.64
70	3.28
71	2.98
72	3.98
73	2.12
74	1.93
75	0.68
76	3.91
77	2.83
78	1.79
79	0.87
80	1.8
81	3.39
82	0.68
83	2.54
84	3.33
85	2.97
86	0.75
87	1.60
