1	3.86
2	0.88
3	3.55
4	1.44
5	2.75
6	2.92
7	1.18
8	0.48
9	1.97
10	2.90
11	0.55
12	3.66
13	0.77
14	2.7
15	0.79
16	1.57
17	1.77
18	2.69
19	1.40
20	1.44
21	1.2
22	2.84
23	0.44
24	1.4
25	2.11
26	2.51
27	1.54
28	3.63
29	0.28
30	1.34
31	0.24
32	1.91
33	0.61
34	3.47
35	3.48
36	1.86
37	2.11
38	0.10
39	1.25
40	3.74
41	2.88
42	0.99
43	2.3
44	1.11
45	1.29
46	0.44
47	3.72
48	3.87
49	1.16
50	2.69
51	1.3
52	3.8
53	2.11
54	2.77
55	3.68
56	2.37
57	0.51
58	2.15
59	0.65
60	1.26
61	0.47
62	0.62
63	3.31
64	0.11
65	1.70
66	3.86
67	0.86
68	0.48
69	2.88
70	2.89
71	1.54
72	0.53
73	2.62
74	3.56
75	3.57
76	0.91
77	3.31
78	2.19
79	1.0
80	0.6
81	2.55
82	0.16
83	3.86
84	3.39
85	0.35
86	1.14
