1	3.85
2	3.69
3	2.94
4	2.83
5	3.89
6	3.14
7	3.47
8	2.60
9	2.2
10	3.99
11	1.19
12	2.19
13	2.49
14	0.96
15	0.79
16	3.33
17	1.36
18	1.33
19	2.36
20	3.7
21	0.16
22	0.70
23	3.69
24	2.2
25	0.70
26	0.94
27	0.45
28	3.28
29	1.43
30	3.95
31	1.6
32	0.7
33	3.29
34	0.15
35	0.80
36	1.51
37	0.55
38	2.31
39	0.4
40	3.44
41	3.18
42	0.33
43	1.48
44	1.89
45	1.43
46	0.89
47	1.4
48	1.78
49	0.3
50	3.10
51	0.52
52	0.64
53	3.39
54	3.73
55	0.85
56	3.88
57	1.44
58	0.10
59	0.52
60	0.14
61	3.57
62	2.46
63	2.80
64	3.86
65	3.45
66	1.33
67	0.26
68	3.51
69	1.3
70	3.44
71	2.90
72	1.85
73	1.3
74	0.93
75	2.29
76	0.52
77	3.72
78	3.15
79	1.42
80	2.46
81	3.53
82	1.26
83	3.53
84	3.13
85	0.54
86	0.37
87	3.3
88	3.16
89	1.6
90	0.37
91	1.11
92	3.86
93	0.10
