1	0.83
2	3.87
3	0.32
4	0.0
5	1.33
6	3.67
7	2.77
8	3.51
9	0.69
10	2.21
11	3.85
12	2.96
13	1.77
14	0.72
15	3.3
16	3.4
17	1.68
18	1.48
19	0.50
20	3.45
21	1.62
22	0.46
23	0.47
24	3.10
25	2.79
26	1.63
27	3.51
28	1.19
29	3.77
30	0.43
31	2.14
32	3.14
33	1.51
34	3.75
35	3.61
36	2.13
37	3.55
38	0.29
39	1.12
40	0.16
41	3.90
42	0.88
43	1.41
44	2.27
45	2.75
46	0.63
47	0.64
48	0.95
49	3.15
50	2.25
51	1.15
52	0.53
53	1.41
54	3.76
55	2.63
56	2.8
57	2.35
58	1.23
59	3.99
60	1.45
61	0.20
62	0.68
63	0.72
64	3.56
65	1.87
66	2.49
67	1.51
68	0.11
69	0.63
70	1.46
71	0.12
