1	2.1
2	0.99
3	0.62
4	3.4
5	1.0
6	1.16
7	1.70
8	0.76
9	1.39
10	0.14
11	0.77
12	2.32
13	0.75
14	2.52
15	0.28
16	0.76
17	0.89
18	1.51
19	0.41
20	0.6
21	1.70
22	3.22
23	3.88
24	2.63
25	1.38
26	2.87
27	0.42
28	0.38
29	0.86
30	0.1
31	3.3
32	3.97
33	0.49
34	3.33
35	3.40
36	2.12
37	1.46
38	3.22
39	2.37
40	3.93
41	3.59
42	3.36
43	3.98
44	2.41
45	3.65
46	0.36
47	2.70
48	0.34
49	0.62
50	3.88
51	0.35
52	0.99
53	3.98
54	2.70
55	1.27
56	1.4
57	3.47
58	1.31
59	1.61
60	3.63
61	0.63
62	0.31
63	2.78
64	0.44
65	1.97
66	0.54
67	0.83
68	3.33
69	0.77
70	3.22
