1	2.47
2	3.75
3	1.61
4	1.54
5	1.9
6	0.20
7	1.13
8	1.80
9	1.14
10	2.98
11	2.12
12	3.75
13	1.24
14	0.60
15	3.6
16	1.11
17	1.48
18	3.84
19	1.2
20	0.97
21	0.23
22	3.87
23	3.34
24	2.43
25	3.42
26	3.44
27	2.78
28	0.32
29	2.18
30	0.68
31	3.57
32	3.91
33	3.76
34	2.99
35	0.58
36	1.15
37	3.60
38	2.51
39	1.49
40	3.44
41	0.71
42	0.52
43	1.80
44	0.24
45	2.16
46	2.1
47	2.38
48	2.46
49	2.82
50	2.67
51	3.30
52	1.87
53	1.7
54	1.0
55	1.38
56	3.9
57	1.18
58	3.54
59	3.44
60	0.25
61	2.75
62	2.92
63	0.19
64	2.64
65	1.17
