1	0.5
2	2.41
3	0.77
4	2.50
5	1.56
6	2.58
7	3.42
8	3.16
9	3.48
10	2.1
11	2.33
12	3.16
13	2.69
14	0.54
15	1.70
16	1.19
17	1.13
18	3.72
19	3.31
20	0.38
21	1.9
22	2.36
23	3.36
24	2.56
25	1.56
26	2.70
27	3.17
28	2.69
29	1.93
30	0.30
31	2.25
32	1.27
33	1.99
34	3.79
35	2.76
36	0.24
37	3.88
38	2.94
39	1.59
40	0.72
41	3.78
42	1.78
43	0.86
44	1.49
45	3.8
46	1.99
47	1.69
48	3.56
49	0.49
50	1.7
51	3.26
52	1.12
53	3.68
54	2.32
55	0.96
56	0.41
57	0.51
58	0.94
59	2.72
60	1.31
61	2.39
62	2.64
63	2.12
64	0.97
65	1.69
66	0.54
67	3.32
68	1.6
69	3.59
70	0.95
71	1.23
72	1.47
73	3.89
74	1.51
75	3.56
76	1.40
77	1.28
78	1.9
79	1.50
80	0.88
81	2.49
82	3.1
83	3.92
84	1.9
85	0.30
86	2.32
87	3.10
88	0.81
89	2.61
90	3.93
91	3.60
92	3.3
93	1.50
94	3.83
95	1.93
