1	1.27
2	2.43
3	0.87
4	2.64
5	1.62
6	0.48
7	2.88
8	3.80
9	2.56
10	1.53
11	2.37
12	2.75
13	2.90
14	3.9
15	3.23
16	3.92
17	3.91
18	3.26
19	1.72
20	3.91
21	1.12
22	1.60
23	1.39
24	0.75
25	3.1
26	0.24
27	3.74
28	0.21
29	3.90
30	1.50
31	3.3
32	1.33
33	0.29
34	0.70
35	1.1
36	0.22
37	2.50
38	2.70
39	0.47
40	3.67
41	2.67
42	2.96
43	0.56
44	2.43
45	0.14
46	0.93
47	2.9
48	0.73
49	2.50
50	3.72
51	2.6
52	1.47
53	1.83
54	1.82
55	3.55
56	3.1
57	2.38
58	3.2
59	2.74
60	2.39
61	2.28
62	1.56
63	3.42
64	2.24
65	2.27
66	2.44
