1	0.5
2	3.19
3	1.90
4	3.43
5	3.54
6	3.7
7	2.25
8	3.36
9	3.50
10	0.98
11	2.63
12	0.91
13	1.62
14	3.11
15	1.52
16	1.32
17	0.82
18	1.39
19	1.41
20	2.17
21	2.31
22	1.56
23	1.0
24	0.87
25	3.69
26	1.27
27	1.88
28	2.10
29	2.40
30	3.39
31	0.79
32	0.99
33	2.1
34	1.34
35	0.88
36	3.49
37	3.56
38	1.17
39	1.91
40	3.9
41	3.23
42	1.52
43	3.16
44	0.51
45	3.86
46	1.29
47	3.66
48	1.10
49	0.3
50	2.97
51	3.61
52	1.76
53	2.22
54	0.59
55	1.69
56	0.62
57	2.58
58	1.7
59	1.17
60	2.90
61	2.48
62	2.78
63	2.99
64	0.44
65	2.47
66	3.61
67	0.76
68	0.25
69	2.54
70	0.79
