1	2.24
2	1.26
3	1.88
4	3.76
5	3.51
6	3.99
7	0.5
8	2.96
9	3.23
10	2.75
11	1.3
12	3.73
13	1.90
14	3.67
15	3.50
16	3.57
17	3.55
18	1.95
19	3.10
20	0.21
21	2.36
22	2.75
23	2.76
24	2.30
25	0.5
26	3.10
27	0.54
28	3.53
29	3.33
30	3.88
31	0.70
32	1.32
33	3.76
34	3.24
35	0.68
36	0.4
37	3.38
38	3.24
39	3.60
40	2.56
41	2.71
42	3.86
43	3.80
44	2.76
45	0.99
46	1.84
47	3.90
48	3.14
49	0.58
50	0.95
51	0.69
52	1.16
53	1.8
54	0.4
55	0.40
56	1.44
57	2.29
58	2.24
59	2.69
60	2.22
61	1.7
62	2.12
63	3.18
64	1.44
65	3.67
66	1.81
67	3.95
68	0.60
69	0.28
70	0.73
71	1.90
72	1.56
73	0.4
74	2.69
75	0.56
76	1.24
77	0.69
78	3.6
79	3.13
80	0.28
81	0.96
82	3.63
