1	3.39
2	1.66
3	2.52
4	0.81
5	0.52
6	2.79
7	1.92
8	1.78
9	0.32
10	3.15
11	0.82
12	2.35
13	1.56
14	0.9
15	0.47
16	2.44
17	0.47
18	1.59
19	1.1
20	1.60
21	1.14
22	0.72
23	1.81
24	1.24
25	2.85
26	0.76
27	3.90
28	1.71
29	2.8
30	0.10
31	2.9
32	2.11
33	2.1
34	3.36
35	2.21
36	3.31
37	1.9
38	3.35
39	2.61
40	0.66
41	3.29
42	1.58
43	2.31
44	2.20
45	0.6
46	3.60
47	0.90
48	3.10
49	3.69
50	0.40
51	3.9
52	1.24
53	2.0
54	0.29
55	3.25
56	3.14
57	1.13
58	1.13
59	2.62
60	1.43
61	2.50
62	3.39
63	3.64
64	3.24
65	0.24
66	1.56
67	1.69
68	2.42
69	3.45
70	2.20
71	3.37
72	3.16
73	2.41
74	1.37
75	1.45
76	0.13
77	3.60
78	3.87
79	1.39
80	3.4
81	1.90
82	0.73
83	2.72
84	0.26
85	1.46
86	0.63
87	3.50
88	2.40
89	0.77
90	1.19
91	2.45
92	3.47
93	2.24
94	3.64
95	1.60
