1	1.56
2	2.42
3	1.94
4	0.47
5	3.13
6	3.26
7	3.54
8	3.43
9	0.41
10	0.81
11	1.84
12	2.70
13	0.13
14	0.15
15	3.35
16	2.46
17	3.10
18	2.0
19	0.55
20	0.12
21	2.73
22	0.58
23	3.18
24	2.56
25	3.92
26	3.49
27	2.65
28	1.18
29	0.96
30	0.21
31	2.0
32	0.85
33	3.40
34	1.98
35	3.43
36	1.31
37	3.81
38	0.35
39	0.54
40	2.84
41	2.99
42	2.18
43	0.27
44	1.18
45	0.46
46	0.33
47	1.10
48	0.64
49	0.9
50	2.26
51	0.67
52	1.36
53	2.57
54	0.89
55	3.58
56	3.23
57	0.42
58	2.89
59	2.87
60	2.9
61	1.25
62	2.19
63	3.67
64	0.10
65	0.41
66	2.96
67	1.18
68	1.78
69	2.99
70	2.77
71	2.4
72	2.88
73	0.5
