113096949	4.7104663260795
338419416	1.634812076406
381165788	0.040197409708145
288079198	2.6479390043057
633672669	4.3220565837445
1760713683	2.0660919007222
833446384	1.5489323910088
85882363	2.433420025014
1592324582	1.1375919082843
1524245703	4.3781332831728
1194381993	3.7035565444751
1225900215	4.5367590172853
1802005381	1.9655326693158
776765333	1.711015012912
1363267859	2.3026396950253
1786510763	4.4008764016446
2100267773	0.45796505895348
856477314	0.73756400064452
474960073	2.3704095684785
1418223430	3.9387354994839
1452789094	2.3552257066384
2014528412	0.17744302292235
431851895	0.11781915329295
1715908922	2.7833299095665
1604165093	0.25477702741268
668424762	2.2661731472547
147332841	0.45929680366968
1887967225	0.8495435402028
2129810970	2.0841422058102
1601806885	3.5097083977934
898299943	3.1537285089277
244950164	1.2934474373671
970551385	0.83520209455639
2114163295	3.9272380545397
1430346013	2.2408932597567
1763376522	3.2714017961507
589106968	3.9834357863215
1778535068	4.227616740031
385874074	4.8874938627181
80149168	1.4603232249898
1813923253	4.5773941625736
1048537403	1.5179611470168
280847854	3.1590339230183
1041420563	3.1182213211983
2078807188	0.95948685470945
1165569590	0.74666647042458
1481149890	3.2226373735921
1475440708	0.55668676763619
2028366065	0.79593280833025
834372239	3.1412030352006
1038573618	0.39907714836256
483803497	2.8579246778311
1726393263	2.243195593936
1766227635	0.81271424228918
586912749	2.1503964728445
1370728614	3.1066621854467
1785932328	2.5817695644599
2102493712	2.1640519528482
165464012	2.9156248611005
1745653196	1.2632620689754
1945038962	0.18882162644939
1276144656	4.7564075071162
207488248	4.0217555007067
1484792342	0.2568226495091
1893530910	0.71847363874245
1204107360	4.9846408609229
708287800	2.8528723529786
2090082066	4.6686687854438
665164403	1.4421486814703
1998489396	1.9980717948629
359436626	3.3186570058198
1989430682	1.7591960433681
1625847360	3.2379430151721
870251165	2.356127264144
672113744	1.2086489266756
1009772576	0.012165869126174
801051299	3.0730507187885
727997101	1.8111761900648
771865013	3.1861574659991
327608016	0.54242179055811
1754990621	2.6490556041939
651154330	2.6766743779539
1363358044	4.7506149088734
1446601781	1.5311815713212
145949723	0.31545017860618
994652010	3.8098173047462
1245825333	3.7799156777467
1325977662	0.1859433018537
454933650	2.277702040634
1931841144	2.3151632246166
