844869759	1.8193742990584
1517806339	3.2220886290176
1188255039	3.1921003843621
1137933331	1.5854957520894
466548375	0.94310454835328
1974692581	0.4820027088197
679893922	2.0623014830343
1922344467	1.6917754508051
90214878	3.5158545493688
1504486693	3.6792635236305
969093307	2.3787701699784
672514948	0.56119740035441
1635517404	1.0858910815259
1917380601	1.2907626579007
1543444235	2.8141754739052
101979999	3.487282520387
1386191538	3.2367101419888
16259430	2.3080247558225
306421724	2.4180592421526
862506123	0.49692468973665
1923242664	3.8451656949917
470770799	0.98678158176447
13480397	4.726564546454
149572361	2.0855379649836
908137133	0.93189442573669
1999479170	0.87507830274993
986423180	0.12734246678992
2059089954	3.2441372974981
555658501	3.6743074928756
1911427497	3.6810603033197
1295299505	2.0503078014824
842679015	2.0654732045091
1469416289	2.6166924986135
49920355	1.1885071318543
983601478	3.0027784514254
315306712	2.5558348943274
1323643509	1.1155782179514
148783276	0.63791744906358
687357042	0.22987961314147
960561887	0.98517037741149
1916105884	4.025000044622
1604470054	1.2154984433276
164153867	0.31186904772737
1702833661	3.1164806653357
1022146927	3.648199147381
1008291484	2.0346040637394
1542331991	1.6845002661853
1867338463	4.7402665087675
2095414936	0.36739310732456
121518614	4.2231188547905
15999631	2.7601005033404
1810500575	4.559207181241
1037705234	0.26884901815506
765476337	1.3947304344711
965069530	3.653634460016
1312990042	0.39375010430522
2178446	2.1415337720614
953820997	3.6514057492145
288749157	1.8435027971135
1029970543	2.9863222003851
1625495058	3.3823833653621
49024066	3.7970460200669
1007049563	4.1998764053918
1085246748	1.3370959629943
1263743245	1.7691723870901
1720009291	3.2048872500681
569360785	3.1750216466258
1133962403	4.9347475077653
1578106427	2.1074207695701
412454573	3.1870452958099
372218123	4.4440078895744
308353928	3.1585200099081
325013017	4.7374109619937
16899821	4.3792926004991
187325709	3.5778873081216
349833114	3.1005232050552
1500393240	0.32595145065615
329942736	4.2020840589898
801904305	0.47887366520188
287258009	0.026639392611868
890858592	1.757176910414
570645004	1.6927858333535
648139028	3.8350860093884
326323700	1.2640549807176
1092189183	0.97119829197004
1471972848	4.7239956630971
466271545	0.95989990791301
270696288	4.3649594180123
2025390969	1.6879145436398
1896114040	2.5241720921007
343688755	2.9427035934956
942854172	1.7415309915047
352004360	1.6984255293843
1659003040	2.2774257917318
1794575339	1.0967811178867
1836203018	4.3020921034282
