930316614	3.6960869928338
2143111585	3.0527051342897
100832053	3.0800992357918
1391268022	2.7737488494132
1766486519	1.1039292095713
301710359	0.14142810373634
2018896074	0.66334795936167
286005314	3.2787331302086
1264408412	1.5610082198684
764363889	3.3533250765658
1966120506	0.80546723483385
1967660311	2.9304387154665
1836009694	3.6736707709141
427872336	0.98293114266495
705312050	1.3349770271848
1680993695	2.3028074355343
1310960543	3.0447352784894
1172161233	3.354334499852
587643868	1.5851363011567
880960335	1.7230831420622
685288083	4.3344387641803
76458464	0.98939486126853
1982820798	2.796989620103
1357328466	0.13193748431836
381905777	1.3665489276715
246795746	0.035115093940457
1535888834	3.7740137655167
178942229	1.1593543464129
157997815	3.4548548764805
846263505	1.5649949091324
1074964403	4.1126393569227
1184079628	3.7016140128028
