246397507	2.957176278791
741992001	1.2260895088436
404264232	1.2045205413385
1101194719	4.2538979180408
762424923	0.96416311616272
1338933591	2.6430651883795
764715497	1.6530469114208
534710940	1.6864173378266
464868040	3.4083510229403
1052072974	2.90421986622
119989069	3.3171711574854
2146739492	3.456123249352
1849650246	1.4932619251745
356394869	4.4947264271298
473406566	1.5690984747229
2007365338	4.8200641501788
1038843913	1.4692204685273
661299304	2.9603634695338
1038854714	1.7280311704278
1449189861	0.96904573308725
646513883	1.8359738992695
1177811149	2.0069294222663
1795935382	4.448155280877
239685706	0.32551926110197
33819762	2.8429530970021
1973292343	3.7291740340782
1090673247	2.1365249655845
873268756	4.8318497602976
1103996069	2.0819028919013
1541308707	1.5120360285565
249259825	3.0825092657853
233393659	0.4003561057152
428650659	4.9944898299847
789556257	1.6639413226694
778590216	4.1124306545185
668692386	4.2104709680241
532789838	0.49239124892857
2023111993	3.8709043287071
814433127	3.5082489268427
577759239	0.11876095557528
503160564	4.3438006096258
1277720613	3.0489702769783
937840727	4.3959553467091
1284166878	4.285766849893
846549344	0.43365909971002
2060310881	3.9388350881351
1390414971	2.6722797181794
1271124231	4.3349238575133
1180923138	3.5018751344187
1952649976	2.6056973438737
1024941682	4.3583392162613
