568212370	3.943427502617
2139386515	3.5540773782665
1290852799	4.8157564503214
781177349	3.1678661369569
1548788874	1.434376890042
279236345	0.76571852470083
877500265	2.1543081952977
1968019202	2.4397730186767
1439025192	4.6851071713889
84978290	3.1955797472948
1315833859	4.49122386728
1208074191	2.0883308849709
1479859971	1.0327003691498
1138337390	2.2644781960475
857348153	2.7862722742307
1503571603	4.7183543558784
1607482602	0.51558012632447
1537737325	4.338181807817
188990936	2.4206857464373
1355356148	3.1962721344066
2040819472	1.9581781709372
839074934	1.895515316583
442439668	4.110363255772
1942884309	0.69151696781233
1312144640	0.95961632018891
258452478	4.424332503427
1745630855	1.5778464179383
47658272	1.3715669961514
1252631230	1.5082260088568
1693299843	4.2076161546668
785250837	4.8221928602188
356784241	3.4051558763744
147632271	4.3284364111388
1463887881	2.8791034165207
