674825716	3.8029289659126
867230958	4.1953556422123
1725899037	3.5040736354441
1800481702	2.1907887687864
1025332025	4.4773582040692
1682053543	3.9623991511587
1473849011	3.3891875685142
1263018709	3.2783786222704
1863372912	4.1250522127957
620310863	0.43301631949517
1191982204	4.5358862399756
878336215	4.8212540963764
1775770316	2.4947200797008
1978190843	0.11992747435343
2084833067	4.5331867200011
99284524	0.08887094449665
964633079	1.5447019606571
1773461889	1.9370732861278
1036119096	1.5753559030478
154945731	3.7246771150849
1836743655	4.364147055598
2131761664	1.649212654051
1495070606	4.7042476105058
1448804960	0.31227847808612
1751821352	3.6480155837014
1461690177	0.66493385735198
304250816	3.5556030522825
18153722	2.6203754300346
938069983	0.47361789758951
1802683030	0.76023191016178
1231856546	2.9287718995143
849791187	2.5426478951902
610035622	2.2501602057601
1746089947	1.0353225008749
2103009746	1.4131807495901
1925446772	4.6505748781611
645501548	1.9713817871974
981262325	0.81048314031702
1736928196	3.595907748023
1564534503	2.7219851560527
1023434045	3.9053792198679
783404147	4.9246861855149
1970961354	0.29331789598489
1439615566	3.9651896543639
655143047	1.0990328509822
426331036	4.2382962462671
1902031111	2.8747516511356
1720553750	0.38315241708567
1116195894	0.03388448154269
1694909111	0.36087308095809
1581172501	4.3036238170711
576432371	3.5100349613978
1434565727	1.5541576461653
