852870743	3.879344770163
2111533928	0.98359253303315
664574078	0.88074101874639
1569304027	3.4475349953619
1424401835	0.26858033624877
1441341306	3.0101511431905
70412850	1.983995401293
494251651	1.1217708075986
518491682	3.1063616080705
1273339428	2.0960450228751
759098773	0.64645408449995
1937734012	3.7149317742861
142499887	0.87198970879986
969933578	1.5589284857544
166781261	0.18333531924679
254987409	3.8968550594975
1819594686	3.4668321085474
279825158	0.26045306365027
1435487307	3.9854955435663
2097681223	0.63128920767051
1555040566	0.43344627387516
1336276605	0.14674291021505
1800100265	3.6004326486031
1610774456	2.4496461136498
1814332798	1.1891381098838
1152817559	0.34171989669172
1442180900	0.59476406806836
1070663128	3.0210255379886
1858621317	0.2268530825278
1700586820	4.1868402618854
1509675121	1.6749296694412
882346747	0.72084275573531
770345822	4.9993142322634
812803496	4.3554039436185
1828186722	0.28267015716185
2123929575	4.9315744405294
1788591846	0.50344186625604
433333707	1.7490672607669
664972566	1.7355710508933
1398835470	0.63286016724671
335541139	0.41781659723158
443223526	0.56295535320554
1888444700	2.1020488241231
1934849111	3.0174333406693
2137421002	2.7746219736406
1216295565	3.5832487622198
946083203	2.2716546278781
1101643376	0.57669769766587
1761660070	0.70044458410723
1504603826	2.232374568578
468788202	0.723528380377
983878248	1.5393061989636
1213965220	1.1212765384099
1791394655	3.9341343515246
735335595	3.2684812011516
1244501709	2.835278363356
1957828887	2.9680464942791
1089408777	4.8475214768422
960383173	3.5535437816538
765796911	0.5516941475457
705309880	0.87417864747074
1400238546	0.67148262666142
1679867	4.848363285348
1739998614	3.666050955032
1743970283	1.4422455483313
1705902332	0.51643122477291
319769427	1.5297621239581
1310715712	4.0061560408241
279592775	3.6865333810852
812859372	1.3576517469984
707175244	1.5037899052276
1644804277	0.0087502365972615
2026090341	2.2935579169046
1580051874	0.75328793411762
1414897409	2.1627983647225
1989033912	2.2992304699958
137321980	2.3826884466143
1086789548	4.7215704572022
763132512	3.3941908173236
228860808	0.11127647483315
2085697374	1.1118538356907
1694121348	0.51474132366234
2071394461	3.8608939521298
1874117734	4.8790961177457
1630497597	4.356353003232
1143973614	4.9648696929053
919384431	2.8633848917034
1244880877	2.9533240445672
1095341615	0.87907192803876
1896955661	3.5501968108817
819472602	3.379095985265
37253261	2.6588448452106
350624785	2.5398740207496
1473578850	2.7091566811824
1229685030	3.2771245335588
324924261	0.66210067163319
2136776577	3.0971198403729
935976170	3.6091253597332
