1713994317	4.7293404325514
1301095157	0.13536419027269
2017743100	1.5422441445022
1221934642	0.079079652241934
310689206	3.5107816353025
446541832	1.4631358284797
805079662	4.3467530744834
1091393741	2.3620503360229
768469815	2.5568280171402
1509692197	2.4521097203028
1905096376	1.9976073559362
1671889	3.5654586034666
1667397656	2.5650660030381
1090671906	4.8488538362313
619317166	4.4495266277574
1564451233	1.6196878890599
2133428461	0.70564970174136
97899322	4.0899215541267
112091737	0.14797484043426
1812749618	3.1455232473768
680072955	4.4777361999628
531173621	4.0333237983442
2037357001	2.055786206413
1350391244	4.9496378050883
1019393314	2.9615339883424
195141832	3.2576936614968
295088565	1.5263635043643
817968092	1.6205804895705
1370686717	4.352397822939
131118187	3.5178338612979
295044129	0.4488520582434
370984876	2.5370671565351
235199437	3.3950230704597
944221918	2.2967810287591
103617563	3.9904006705575
58155653	3.1074959263706
1009225511	0.5531566033853
619387476	3.1883205441704
735763972	4.0181741439822
1679307255	1.7556600886191
2006913034	3.6818345606708
1547070269	0.88318640407323
1890672626	4.585908255347
1776383757	0.5351976819966
920267496	4.4385745676414
1083099800	0.087616290006608
203235192	3.9845538064766
1071648527	4.0177748510697
742366278	4.8123616491502
934517136	1.0364698530345
1296594786	2.2306789794148
1440709327	1.8593367151261
1803977872	3.8316282065733
369190850	0.71138587347762
270737063	2.5069492135695
399538790	2.4157819931469
1669333942	2.1122640474291
1082662757	2.7780253639342
1141178470	2.6067409629965
522012159	2.579114489527
638955904	4.18564551472
1887492925	2.2061220799601
1817425817	4.051480746852
977509169	4.0371608869346
1668184467	0.56759323252719
193399838	4.372778343676
1411588467	1.8847451111696
1249405469	2.7172456298569
1914884959	1.2433346878939
1704009215	4.1832849565816
1725058024	2.2759860159252
1133544693	1.2950679386477
2103284019	2.9202195969039
880058488	3.2391237924989
1505584792	1.8233196701963
1682386340	1.3069066737345
1675966417	4.8314564837289
434317558	1.82039652803
