1107781859	3.6478383367173
1184025427	4.8130303131477
225289449	0.79957897812108
675647587	2.6945264230922
705411777	1.6288887158171
78464747	4.9822396808221
87556191	3.6369047633544
566877274	4.2146737613784
732628831	4.4054964903768
1906487548	2.165850308801
1678982125	0.94523329098953
271962235	0.093514975203907
745637463	2.0047960532851
133790588	4.5124947161006
2047097620	0.49405950610249
194066936	4.4609638068178
1218433627	3.0180561300451
623072334	2.6656516514093
1756860589	3.4744991098878
1421630707	2.2396307565456
890289387	1.7586544071132
1302418843	1.1437307024113
683297800	1.7383005664397
1389235896	4.1138609890425
1593880725	2.7289275791165
2033790381	1.1215255507834
1797883630	4.3144113008466
933256144	4.5133467132753
1516176596	3.1961613256466
1299555995	0.29259906629687
1738968123	0.80672691613749
167063284	3.9465637546715
30222790	2.6952491899465
814141445	4.1069287220514
1889997883	4.0374090424913
710642947	3.9387674694596
1825863357	0.95358858860731
662202306	4.097021258947
714583729	1.7779388170587
728890146	0.48535693692293
1312676118	1.9211258515348
10397197	1.7781164761531
165287918	2.9741628900981
504303266	4.6318604911826
930866146	0.381865527193
1102304285	3.501482169843
