558218713	3.0494684530652
575244936	1.5499093693448
1874407114	1.1483633197604
966797965	0.90637044324836
1431443581	1.6385548522875
1848874754	3.2129670717814
1050941430	4.9543805280488
256664336	2.0141520057871
267073132	0.19628467047414
494512520	1.5989980295296
480292008	2.8384607019082
1270364474	1.3236389012652
1936687632	0.28748558381921
1595752102	4.7930584032056
256789120	2.1469561672522
422900210	4.894017691209
1272716121	3.5620313806282
1657320077	0.45583855614804
651487119	2.5371634180365
1471705009	1.5023610747896
1639322335	3.150311328075
80356881	1.5445753101001
1391082197	0.012258873326824
984807632	2.4427658749943
1193937039	3.8572607905871
44729019	0.86689174448461
541967724	4.8669667448229
8669657	3.037496529537
1290050828	4.9671866674755
1671167993	0.8630646769251
2006729454	4.0075446381269
1311153033	0.40975976521604
58959644	4.6423561846103
1962295408	4.0605523432887
1331798527	4.0752700642102
1387865325	2.5411466125125
557255421	4.4779901855988
22669138	3.0051206788072
1337523756	2.2932433324369
284447854	1.8945966716365
2104863491	1.9486858774669
837355686	2.1238636118937
1532534192	4.0708759841839
2087013020	4.0776666086529
66768614	2.5263341365039
1782161956	2.8565241758975
1851031112	0.091938958546118
1420375720	0.44371929273182
83150327	4.2200537976902
1938119464	4.5039079918079
1872925962	2.1231807359137
1502163300	2.8423425778012
88831485	1.01039048797
162943957	3.9029450173969
751372120	4.0747254942892
1404035013	1.3846904138963
1032028933	0.44124622616975
438370391	4.8446778509974
620186086	1.2242203910017
15944415	3.6876732337697
302071788	3.2637659196107
1055300299	0.88386080501781
1357657249	3.6769796994873
949345375	3.9262447151943
1879441929	3.3114781269391
