898547262	1.8797591849602
680141300	2.5311898358777
208389880	1.5488400899567
1480534415	0.45199961888231
884606838	0.35582872357025
1459953517	4.1754762964209
967633805	4.9541087797629
183564085	3.9514837059898
2066578406	0.60956773143707
1230004961	0.28826032778633
2053915650	1.0872311615791
1003199630	0.53084620997815
934424422	1.9032134334106
1802973774	2.5753713411164
780572111	4.9919986259155
1327640744	1.0425215359044
723952094	4.896583103061
1519820604	4.3422371565095
431818265	3.1354989451987
1123076114	0.62048526509688
1594312900	0.87801682570857
995094306	0.96681607000847
1746441334	4.2714828668495
1589384238	0.36443300096525
759690993	1.9492994025114
134012564	4.1565450393392
901405351	0.27022563864953
422053481	2.0078263860232
570177973	4.0112430108763
112584671	3.2601955687908
1966499945	3.8310604280937
2089239002	4.2638569251932
942316670	1.8328177122552
567437937	4.6365827180616
1598229128	1.7330311153704
423591047	3.4201902120468
1049462599	0.25412321335362
2038293697	3.0094481390014
1250375360	4.6222933496452
145216131	1.3844973437416
1061994233	2.2089342224453
157396068	2.0660128267789
1498465804	2.1838899269625
1755836594	3.4196489459926
1919249058	4.9640269111674
2142200954	0.36750037473044
1875731393	2.5413405278424
1120099967	4.8542918427169
1149261548	4.2813846721693
1252553621	1.4058569755432
395276531	0.00821131980429
192331930	0.94567787179056
1700163404	4.3610395069053
1160792393	1.0655235154859
613569351	4.9627010035155
1443907864	4.3581553615435
841991914	2.8694527586314
806255172	3.6798546922765
39814250	2.5405112968481
1281141792	3.413760940737
1611597943	4.147280009532
121826927	0.36217290459302
812279462	2.2001890615561
1645386827	1.849183718138
8640545	0.49655397911396
1236559590	4.363974672446
1951249486	4.0101049114066
1574563314	1.7219894736642
1637998560	2.3238405642676
884041751	4.3604697260822
1311665135	1.7157859386484
485805573	4.4346746962679
2014630584	0.045553003459029
1694629863	0.96605705375134
168526743	4.5356246547474
1001929443	4.8788816690812
99206800	1.834721475297
170910005	1.7186090753966
1500905576	1.0825134888676
1582680192	1.9163455916179
2020894364	0.086189915931872
1245058884	1.4918404289018
791525879	3.4541144633918
2112134534	1.7140309194634
585614505	2.8471488658558
1114883248	2.9212782126485
1852190358	0.31522360645012
