1457779518	3.2343014903526
656173217	3.2224491393298
622274481	4.8731509292839
1370984011	0.25390429899744
325590637	3.8661255495931
1351923241	1.7274979184044
127669863	3.0427669654799
374779456	2.6521338115689
1872402294	0.56232200030346
1403184186	3.9689638647106
1027821661	0.57030168621349
486720671	3.1835519001743
1440806027	0.38790639042291
1772491761	4.5645457783549
214261508	4.0378099046824
1674646958	2.6154640003179
1736724730	0.031414148412372
1677255389	1.7550998026296
1986078018	2.1717422628644
680926443	0.30487344381626
2143953812	4.8861213121033
1729129614	2.6428512007198
887444703	2.6376313355927
718836097	1.6699111259868
1793847612	4.0129054053747
575452661	0.72005808852616
336598175	4.665325486411
1246367224	3.1056263731353
1624015652	2.2703963342451
1383369824	2.6560830034577
692142591	1.9369974648287
659180089	1.4066660177925
1212590463	1.0186635940423
1009284451	1.7120428833701
170916206	3.1510523767914
1153973280	3.5339572203969
1686381384	1.0745713282724
315976595	4.9095129081558
999725569	4.3893081761847
99981848	3.5915114374792
1780880017	2.4673936411121
