1656295619	0.097591865387555
417737268	2.865005483788
1585885960	0.42846260612293
450481018	0.84401517214441
1947553114	2.280504099224
1803085219	0.47676970040275
852527301	1.784393348165
550190926	3.3588153349044
1525205127	0.029044426059837
423364400	4.6976763008617
1153229916	2.3712077980727
327436399	3.4831047889232
168443637	0.034256244559892
1499940669	3.7128453788873
505076283	0.67077294488939
166541189	4.826611352538
629441121	1.177940704477
1903614230	2.4036684084701
137841594	1.8939551300807
578221337	3.1560494974982
1611938650	2.31271796269
1699196896	4.0033790953473
3562635	3.154171192159
92764224	1.7781493704664
1363272862	1.2461450585379
315341493	2.1667341991173
1951076087	4.2906293688764
1726625900	4.3901560662268
416272789	3.5094364516015
288992693	0.37674677575787
346194459	1.8549922233704
701212225	0.60427954681417
31117922	0.46608012889795
756583987	3.6059842927409
936167296	2.7447949968021
354958048	0.9096581632782
1020611208	1.7830345671545
1728057180	2.4211442691372
188942681	0.71588005438255
1295848076	4.2768241694555
941673162	3.8082895166279
2083566011	2.0886693927872
472850694	2.6681630814765
1835771592	4.3875271311903
1376851956	2.0840564798955
741347303	0.90406393907222
243238148	0.72123138267604
1736173138	0.91839700747207
795247406	1.6228702671932
2009692531	4.2687785412505
455321456	1.3296650798664
140669231	2.6432293945193
1371479797	0.79820749852723
1724400422	4.8595958062725
641165071	1.0969609027249
709353522	0.59705502381411
623047340	3.4812719740352
471598104	4.0731174936859
702541288	1.6658430461147
527810053	3.2707335233086
1377684544	1.3587126584531
304693756	3.7417786492695
1627398018	4.287130215339
1561644000	0.27531138634091
62222306	2.9263891339891
2105307292	3.4650778251072
1594829697	4.2348976895376
957611332	0.093855913772181
807666838	4.2894648780532
776903117	1.7848933775839
521722039	1.30128173451
140263184	3.4572765573195
963530989	0.91155543034503
1687965729	3.5116431459373
1695744506	3.4567172375772
2057582200	4.0101912147413
1912493209	4.0037331050279
470785744	2.0836413195746
30280780	4.269530600528
895928836	3.2332983139126
836704801	3.5996952180749
107923216	0.12735960778192
1238710808	4.6237270439154
2121797706	2.5166876276567
2077116729	0.58510366156004
874302564	4.4589279030724
1354942369	3.4034807274134
1541769355	1.9280018550009
161487111	2.1757098507023
626606528	2.1371744955597
1797336557	1.7723666302731
929758273	3.9271926339377
367045851	0.27210863785451
242985101	1.9586181463481
805555563	4.0453304485629
773719591	1.7190226967069
1537714703	2.8190127074807
1961546180	0.98849640273885
2099925695	0.72738615829842
381294178	1.6110746197454
