1990002478	3.7869261781624
943754464	2.627362815024
87665510	1.4461268491326
167117763	0.46419392594332
1966504583	1.9133170260644
442884997	4.6499921496259
1953921059	4.9327030079126
1840888887	4.4514630010591
1033748724	1.8030326658874
1082930379	2.333365628651
343365292	2.6536065794777
2096112254	3.3185697432228
1527258123	2.4426509358187
103823903	0.52593493392967
1824633279	1.8557476936168
1419837244	3.3751867540996
552066852	4.5555989744866
426905003	4.5518833094052
1413346155	3.8067147549273
2131593521	2.3516687202974
581905567	0.51708636363833
167120190	4.4904136166398
1349846047	2.8672869470284
799381679	0.85326952899493
649913696	0.98373604285705
841955886	1.5731644265229
189135475	4.9793139821753
1650282278	4.7128733362597
1860054444	3.8646017032976
180094640	2.5207842595506
236392349	0.63154568459445
52628402	0.4333863199844
395682788	3.1962042782438
229260141	2.0274476413743
1492374119	4.2041356042978
930315641	2.3544204874683
1061114069	0.58162111350411
470399660	4.7880861394983
2098847351	2.4367174796931
1241035045	4.3523693267966
1404948969	0.41646598159171
408348974	2.8982469732399
45648608	0.22590402989923
1941597502	3.2566512600783
1174541712	4.3158850885536
1988664254	0.098895970778026
2022580271	1.6784152792201
1236630567	3.2236763873248
927120234	2.0735540693037
403452690	1.0071565355208
856418621	3.4711736573238
1731130235	4.0412570298841
