1279354666	1.8195620909424
1154400143	2.7877044434602
867001724	0.1584149455458
753103648	3.2697382188727
366896558	1.6437586777116
2086187010	1.5830942832786
830746128	2.4121643451099
1819631788	2.3918414941951
939439734	0.046855150743786
938481895	3.773590484063
946791750	2.7933307773403
1356129629	4.5270078044976
922305082	1.6059469136437
421693460	0.56277903987224
2014696000	4.244246526735
1258750966	1.9294247505858
436690876	2.5306146813233
548893087	3.1377584292264
1501930460	2.8457171250348
1083959170	1.0347688715136
1719810783	4.5747932230936
106909840	3.5566906181894
1519504522	4.9513866379631
1120807659	0.60828212676955
504430763	2.3217329323859
722053879	2.0751045165002
107579543	0.42637531199789
1666303339	2.5772032875462
1058865675	1.7205376116189
1655060880	1.5401219281089
733120073	2.9108647130946
396513361	3.4726650959219
768071882	3.3156918214241
2055354801	1.1392092570379
597957628	0.83753869674985
590264179	2.0416904203788
836432006	3.2031611111961
1205207494	0.29840483576916
