210061579	1.7868613134077
952307746	1.554897337479
1650539649	2.2697878546406
1684360343	4.1428773892777
1937438924	1.6592211703114
1781484586	2.984762046479
940142087	0.97628849836825
561982668	4.0851746006334
1146849008	4.6009123975415
1041921920	3.001513324213
1962758964	3.5873814688937
1707756919	3.2348602513014
499535133	2.0197073379623
210434833	4.1802062416357
513920972	3.3101952976129
23839639	3.7699285050714
123064313	2.0910341535187
150110410	3.0936981682171
1670121516	2.9219965114826
796692159	0.52453750070396
760000421	3.3737888389145
2056614592	1.2072865274769
1147101331	4.6695189153168
301864932	2.1561119948309
1883718741	2.5702108641016
1493134710	2.7573269152815
950730084	2.4742078652951
1475676582	1.6128468032055
2068909028	1.5846408585015
1731266366	1.8320521650985
1826828598	4.3418304805373
796449478	4.8658892302149
1460359180	0.13292981085038
1753042112	0.24874278821458
1019870928	0.061927966336686
1043557051	4.7724409027828
1686760347	1.159646937698
2033891396	1.6772165529789
549616335	0.2037234838138
224588665	2.8144564935074
1540542892	4.6357131864111
1990051357	0.45973309104318
1014920622	1.2520768895056
118701534	2.1610639417363
478832229	3.5183322655588
683394979	3.6282145132442
1458778055	3.0585957612184
295603551	2.5038271804824
1663269657	1.9356531239746
568683833	3.2845326179101
1413109571	1.7146800512982
1238705222	0.074874083546397
1323006052	3.3785641511802
890076580	3.7721044750754
1478723990	0.35503946261249
733436755	3.9800515370351
893754602	0.51237349422293
553851342	4.4131608141647
1323067991	4.4836530063691
1924007917	3.2405526508766
387918294	1.9721183446106
280672034	2.5251201714972
123687430	3.0507317572137
1677622225	3.2075015144458
672120822	2.2613417740266
1881009298	4.7266561979086
1350908717	2.7787172062223
940924455	1.6105777754498
1405974886	4.6129185564876
1756457803	3.4680575567615
1213616887	1.6398299725912
659906173	3.8103293761659
1960728285	0.85235757792944
476424262	3.3982195534735
2080192056	3.0923824748455
993504393	0.64167305158529
17717776	2.0394599191097
