470274124	3.7560364458505
822626453	1.9366007423664
955876615	3.7980337598352
934699328	3.859690266596
2108192508	3.0151251927089
1132444482	4.7933029452308
224370511	1.5596415179594
1342702438	1.9988635238255
1976349359	4.1842047749945
3965939	3.8145235640996
735610102	0.337169226416
79291225	1.6714596779418
1693116486	3.5167226118579
511486239	2.0108984094164
694236851	2.7358224465213
1583462243	0.53323396739235
1462301772	2.5628288800655
898685454	1.4216960949924
1995999188	1.8627665805923
176041079	4.644536163958
504114416	1.1541058128486
181033944	0.10437915805
2099476827	4.392117971737
1788421907	3.4673896308371
343053975	3.0462235389493
513254106	1.0280078910422
548709061	1.9888607072592
1583024243	2.3959018021803
1830988871	3.7540301744612
586949481	4.2075984106434
330765870	1.4102916775319
231953880	1.6088183348108
1332281384	4.0758951283413
939024060	2.2885659533965
1680161347	1.8797337295859
1669467753	3.8123678270785
1464300004	1.7676232460735
810731937	3.1542407992083
730181775	1.8767503424905
1188221711	1.933355635001
1168334465	0.73825748671696
1886073949	0.007346433125132
536612091	0.054550662196498
1825740382	1.7551761361562
203164557	1.0382796246737
1808147132	4.0843468807099
262923248	1.761195800156
1038287944	3.6031430324554
980993604	1.8004930935802
1407586375	4.3604564454222
48263577	0.63715613942461
1336346163	0.29155049486624
861298246	3.2325861711207
1965500336	0.91716920068356
1369252014	0.11539996607015
1560153010	1.4385973971517
864800756	4.0149600007641
282886160	0.44795683838798
1533373422	3.214666174359
80950653	3.7675259838661
1818201621	2.3056804678895
322649698	3.7589602143313
126604820	0.8368979398333
432131292	3.4825653901708
2022333670	3.1377234068409
633683476	3.9231065772116
301318979	3.8085264939855
1604206009	0.27831712517809
75704939	1.3668541896003
1371008766	2.038994073886
277849120	3.600667402428
660585870	1.3107627985583
1062967273	2.216607866444
1877165755	2.9683555257359
356228389	2.3857373033584
1246360660	2.7900671482971
2120054930	4.5685734271857
707618370	1.0834981738979
564605979	2.2802006091365
1107854224	4.1572294426883
422581273	3.4248607249115
1229769292	3.6011781956075
379290351	2.8391443927955
1221009671	4.9615812790401
1057768639	1.4712432243262
1437600890	3.6332950851104
2088055708	0.40605458217024
947846773	0.84653307956016
1939335384	2.7995064890941
588009197	0.24960092513338
