2109525701	2.470979407649
2022493618	3.7962968432327
2000833423	4.161914551706
1469267884	0.25822425738826
1521608576	4.8535087308164
1105584245	1.8335721743449
1417861810	4.8551736561838
1557902035	1.4611704700911
1286928261	4.180611930406
717612409	2.4414175573929
2106958673	3.6484243085833
1519543666	4.3682454639898
40479391	1.7598659809492
571400994	3.6338309494936
1710287513	0.087855826172911
1720171810	2.6417201606751
1847908488	1.4536079747852
1193681705	1.184919174381
1548342229	0.25136975816049
2112868698	3.1396434610428
1936115277	3.5722439380233
785507389	1.4634781081525
81983024	3.1702768933821
1981079674	3.9879205329287
2113424028	2.4488386127394
347683193	1.1621264024461
17490792	1.3759537396841
1521090046	0.18268656226931
1646488962	2.3500322747743
696927388	4.1640893272888
1064275854	3.8282048231122
1384104279	4.4198471514601
1088021623	2.0943720299259
216714503	2.0142137780852
926456300	4.0950992349978
1389788047	1.5395535070168
1011235932	4.8411859990289
467356876	4.4910665296442
1661611054	2.0770714022578
1585913778	4.5632059101775
1195242209	0.86045922053068
470890375	1.0385145181969
1337891758	4.4845652508012
1485200279	3.1206310857649
10706138	3.1007083403416
1419265219	1.8280455036219
1195281841	4.6249260728364
568894724	1.0288260532677
1459384075	2.2898807992646
767291054	3.9525728039223
756820292	0.86614637443151
1325085725	3.0435581030527
1747038837	3.6877238884045
654050446	4.0606653406567
793010960	1.7912286854308
1027147165	1.1892865487324
1471125882	2.2490306767863
690422267	3.5901499672747
1688321676	1.8617127658155
1748409380	1.6991212110497
455438889	2.5323033693863
2038802688	3.189908002126
85134352	0.58248891289462
1811093428	0.32926190659835
1405219778	4.1402620166262
288162356	2.5753959047494
213126830	3.5119295602254
73703843	1.3551212271466
1480336778	2.0422701686818
429336666	2.0830885516867
1325668892	4.7531727630427
1738231611	4.2702673279076
2126141410	0.23804407810701
1741164435	4.2133798888947
1010497475	4.7016525080901
218298647	0.94078101727217
2092125408	2.968883038484
2021443254	0.96643684709744
207179623	1.13577896782
1181396937	2.9884916720858
1617418032	2.552836014681
1834377370	4.6831982045822
1292366170	4.1221090588356
467430993	0.049601460364462
880071956	4.9666036595435
2062571147	1.0003081457691
2101794161	4.1252914509388
1089352912	2.584310359128
309801017	2.9459421629766
1749534689	4.8467855131471
1294876877	3.8669661217681
1192642973	3.8517330837677
