1	3.75
2	2.62
3	1.66
4	2.34
5	0.69
6	0.7
7	0.96
8	2.67
9	2.50
10	2.33
11	0.68
12	1.57
13	1.89
14	3.59
15	1.94
16	0.19
17	1.90
18	2.16
19	0.19
20	1.80
21	0.52
22	1.61
23	0.91
24	3.60
25	0.23
26	3.39
27	1.26
28	3.54
29	0.17
30	1.99
31	2.14
32	3.67
33	1.51
34	3.44
35	0.36
36	3.43
37	1.60
38	1.87
39	1.23
40	2.44
41	0.25
42	3.98
43	1.48
44	3.30
45	2.76
46	3.11
47	0.49
48	3.57
49	3.5
50	1.57
51	2.2
52	2.8
53	2.53
54	0.79
55	2.54
56	3.43
57	0.41
58	2.93
59	0.9
60	0.23
61	0.75
62	2.26
63	2.70
64	1.5
65	2.79
66	3.51
67	1.86
68	0.21
69	3.30
70	0.40
71	2.81
72	0.15
73	0.49
74	2.20
75	3.87
76	2.16
