1	2.15
2	0.25
3	1.49
4	1.85
5	1.79
6	3.14
7	0.76
8	2.10
9	2.69
10	1.22
11	3.69
12	0.19
13	3.82
14	3.0
15	3.84
16	2.96
17	3.49
18	2.15
19	0.78
20	2.15
21	1.88
22	1.74
23	1.86
24	2.13
25	0.50
26	1.98
27	1.30
28	1.69
29	0.39
30	1.22
31	2.90
32	0.29
33	0.80
34	2.59
35	1.70
36	1.87
37	1.43
38	3.38
39	0.30
40	0.7
41	3.3
42	1.97
43	0.94
44	0.98
45	1.74
46	1.66
47	3.9
48	3.12
49	3.92
50	0.93
51	0.56
52	0.37
53	0.50
54	0.64
55	2.75
56	3.46
57	3.42
58	2.84
59	1.30
60	1.8
61	2.26
62	3.74
63	0.82
64	0.60
65	3.41
66	0.98
67	0.52
68	1.5
69	1.91
70	1.90
71	0.47
72	3.8
73	3.53
74	3.13
75	0.73
76	2.40
77	1.12
78	0.43
79	1.44
80	2.74
81	1.87
82	2.82
83	3.40
84	2.56
85	0.50
86	1.0
87	1.89
88	2.74
