1	1.64
2	0.39
3	2.54
4	3.89
5	0.90
6	1.28
7	2.5
8	1.11
9	0.65
10	3.21
11	2.90
12	3.91
13	0.25
14	0.55
15	2.3
16	1.74
17	0.13
18	1.89
19	2.96
20	2.46
21	2.71
22	3.92
23	1.26
24	2.0
25	0.62
26	1.64
27	1.28
28	1.52
29	0.15
30	3.29
31	3.53
32	0.85
33	2.61
34	0.25
35	0.86
36	0.42
37	2.47
38	2.5
39	1.35
40	2.17
41	2.83
42	0.68
43	0.37
44	3.48
45	1.34
46	1.51
47	1.87
48	0.93
49	3.2
50	1.22
51	1.87
52	1.13
53	2.92
54	1.22
55	1.39
56	1.80
57	0.20
58	1.86
59	0.43
60	1.23
61	0.80
62	3.72
63	2.24
64	1.52
65	3.7
