1	2.50
2	3.76
3	1.20
4	1.94
5	3.14
6	2.59
7	2.83
8	1.47
9	0.81
10	2.30
11	1.50
12	2.41
13	0.82
14	1.30
15	1.61
16	0.51
17	3.26
18	1.8
19	0.12
20	3.17
21	0.35
22	3.51
23	1.58
24	0.77
25	2.29
26	0.37
27	1.8
28	1.27
29	0.57
30	2.51
31	0.91
32	1.85
33	3.27
34	0.28
35	0.46
36	3.15
37	2.96
38	2.44
39	1.46
40	1.47
41	2.90
42	1.97
43	3.35
44	3.6
45	2.55
46	3.55
47	2.43
48	0.79
49	3.95
50	2.82
51	3.3
52	2.72
53	0.22
54	3.43
55	1.89
56	1.40
57	3.48
58	0.78
59	0.96
60	3.38
61	1.11
62	2.66
63	2.79
64	1.51
65	3.92
66	3.12
67	0.72
68	0.43
69	1.14
70	0.51
71	2.77
72	2.12
73	0.90
74	2.46
75	1.94
76	0.64
77	0.12
78	0.17
79	3.95
80	2.11
81	0.37
82	0.0
83	3.81
84	2.57
85	1.61
