1	0.12
2	2.20
3	0.32
4	2.29
5	2.91
6	3.69
7	2.63
8	0.62
9	2.69
10	3.33
11	0.54
12	2.58
13	3.78
14	0.12
15	1.15
16	1.39
17	2.86
18	3.59
19	3.30
20	1.16
21	3.68
22	3.83
23	0.42
24	0.13
25	1.52
26	1.79
27	0.3
28	1.94
29	1.9
30	3.9
31	0.79
32	1.56
33	1.94
34	2.3
35	3.10
36	2.61
37	0.55
38	0.41
39	2.4
40	1.67
41	3.48
42	1.34
43	3.46
44	3.31
45	3.8
46	1.69
47	2.13
48	0.56
49	0.24
50	1.5
51	2.64
52	1.97
53	3.11
54	0.9
55	1.34
56	0.70
57	2.95
58	0.55
59	2.2
60	3.96
61	3.71
62	2.64
63	0.28
64	3.50
65	0.44
66	1.62
67	3.46
68	3.97
69	2.17
70	3.49
71	3.85
72	1.14
73	0.77
74	1.50
75	3.58
76	2.68
77	3.59
78	3.92
79	2.90
80	1.74
81	2.26
82	1.27
83	3.26
84	2.95
85	3.20
86	0.46
87	1.58
88	3.41
89	0.60
90	0.65
91	0.83
