1	1.9
2	0.47
3	3.28
4	1.61
5	2.94
6	2.88
7	0.81
8	1.53
9	3.9
10	1.10
11	0.21
12	0.76
13	2.84
14	3.15
15	2.82
16	1.29
17	0.13
18	3.69
19	0.41
20	2.21
21	2.99
22	1.84
23	3.85
24	3.55
25	2.8
26	2.28
27	1.39
28	1.78
29	0.73
30	3.82
31	1.39
32	3.58
33	1.39
34	2.47
35	0.74
36	1.70
37	0.6
38	0.17
39	3.79
40	3.37
41	1.25
42	3.8
43	1.7
44	0.20
45	1.51
46	2.37
47	1.61
48	0.90
49	3.32
50	2.76
51	3.95
52	2.89
53	3.55
54	3.86
55	2.48
56	3.76
57	2.2
58	2.22
59	2.58
60	1.6
61	2.78
62	2.48
63	3.88
64	0.25
65	3.87
66	1.47
67	3.30
68	2.55
69	3.77
70	2.30
71	1.18
72	1.22
73	1.37
74	0.48
75	1.9
76	2.46
77	1.92
78	1.24
79	1.12
80	1.91
81	2.89
82	3.22
83	0.35
84	2.15
85	1.86
86	3.86
87	1.95
88	1.30
89	2.11
90	3.65
91	0.54
92	0.38
93	0.52
94	3.73
95	2.26
96	1.44
97	2.96
98	1.52
99	3.82
