1	1.50
2	1.92
3	2.74
4	2.78
5	0.12
6	2.94
7	1.27
8	1.16
9	0.56
10	1.94
11	0.45
12	1.39
13	3.84
14	2.36
15	0.29
16	2.32
17	2.86
18	1.70
19	3.89
20	3.32
21	0.37
22	0.23
23	0.2
24	0.18
25	1.12
26	0.11
27	0.76
28	0.48
29	3.57
30	1.68
31	2.88
32	0.90
33	0.51
34	3.76
35	0.66
36	3.52
37	0.46
38	1.8
39	0.21
40	2.47
41	0.8
42	2.39
43	0.42
44	0.67
45	0.31
46	2.94
47	0.66
48	1.19
49	0.68
50	0.8
51	2.54
52	3.27
53	0.47
54	0.66
55	0.41
56	1.73
57	3.25
58	0.84
59	3.76
60	3.60
61	3.16
62	2.55
63	1.74
64	1.80
65	0.20
66	1.84
67	1.91
68	0.83
69	0.40
70	1.46
71	2.55
