1	0.69
2	0.55
3	3.90
4	3.5
5	2.68
6	2.69
7	0.82
8	1.47
9	2.35
10	0.28
11	3.19
12	2.47
13	2.44
14	1.78
15	1.51
16	3.7
17	2.35
18	3.32
19	2.60
20	3.75
21	0.46
22	2.81
23	2.93
24	3.86
25	1.53
26	2.13
27	0.10
28	0.25
29	1.70
30	3.57
31	2.27
32	3.94
33	0.88
34	1.56
35	2.5
36	2.91
37	1.83
38	1.79
39	2.38
40	0.84
41	3.95
42	2.69
43	0.5
44	1.40
45	1.79
46	3.86
47	1.9
48	2.67
49	1.31
50	2.90
51	2.50
52	2.13
53	2.67
54	3.64
55	0.14
56	0.91
57	3.98
58	0.85
59	2.63
60	3.2
61	1.31
62	3.3
63	0.6
64	2.61
65	1.44
66	1.67
67	2.40
68	1.88
69	1.27
70	3.82
71	3.71
72	1.8
73	0.64
