1	0.31
2	3.14
3	3.79
4	0.11
5	0.87
6	2.0
7	0.82
8	2.39
9	1.7
10	3.59
11	2.82
12	0.40
13	1.47
14	0.52
15	1.75
16	0.77
17	0.24
18	3.1
19	2.40
20	0.67
21	2.84
22	2.80
23	2.91
24	2.61
25	3.40
26	2.51
27	0.82
28	1.69
29	2.21
30	2.70
31	0.44
32	1.66
33	1.13
34	2.20
35	2.10
36	0.76
37	3.63
38	3.44
39	1.82
40	2.85
41	1.74
42	3.5
43	2.94
44	1.70
45	1.41
46	2.21
47	3.68
48	1.97
49	1.15
50	0.9
51	1.68
52	3.20
53	3.59
54	0.94
55	2.46
56	0.90
57	1.57
58	0.68
59	2.68
60	1.69
61	0.56
62	3.73
63	2.9
64	3.34
65	3.94
66	0.5
67	2.28
68	0.89
69	3.62
70	2.78
71	1.47
72	3.29
73	3.62
74	1.21
75	0.14
76	3.76
77	2.21
78	3.81
79	1.0
80	0.81
81	0.27
82	2.64
83	0.13
84	0.91
85	1.73
86	1.0
87	1.84
88	1.14
89	0.53
90	0.56
91	3.13
92	2.67
93	2.63
94	0.65
95	2.82
96	3.0
97	3.51
98	0.45
99	3.27
