1	3.26
2	0.26
3	2.64
4	2.53
5	0.73
6	2.38
7	0.31
8	0.97
9	0.24
10	2.30
11	3.31
12	1.74
13	1.7
14	2.90
15	0.60
16	1.99
17	3.8
18	1.77
19	2.43
20	2.70
21	0.61
22	3.9
23	1.35
24	0.81
25	3.10
26	2.67
27	0.32
28	1.99
29	0.33
30	2.83
31	2.46
32	2.67
33	1.60
34	0.92
35	1.54
36	1.96
37	2.13
38	1.21
39	2.95
40	1.21
41	0.1
42	1.84
43	3.51
44	3.58
45	1.25
46	0.33
47	2.80
48	3.12
49	0.18
50	2.12
51	2.92
52	3.42
53	2.68
54	1.64
55	0.80
56	0.57
57	1.68
58	2.25
59	3.50
60	2.72
61	2.38
62	3.74
63	0.24
64	2.64
65	0.28
66	3.57
67	2.0
68	2.47
69	1.46
70	1.74
71	2.50
72	3.9
73	3.79
74	0.41
75	2.46
76	3.52
77	3.30
78	3.1
