1	2.86
2	3.24
3	0.78
4	3.32
5	2.60
6	1.53
7	3.15
8	3.89
9	1.86
10	1.77
11	0.34
12	3.7
13	1.68
14	1.97
15	3.2
16	0.40
17	2.13
18	0.68
19	3.96
20	2.19
21	2.49
22	2.74
23	2.96
24	0.51
25	2.94
26	0.61
27	3.11
28	0.15
29	2.7
30	2.79
31	2.73
32	3.18
33	3.79
34	1.17
35	1.57
36	3.28
37	3.98
38	3.74
39	2.65
40	2.93
41	1.8
42	3.17
43	2.73
44	0.32
45	0.22
46	3.57
47	2.24
48	3.61
49	0.65
50	2.89
51	2.30
52	1.80
53	1.91
54	3.27
55	0.57
56	0.31
57	3.77
58	2.54
59	1.30
60	2.43
61	2.48
62	3.42
63	3.20
64	2.64
65	1.23
66	1.75
67	1.4
68	1.21
69	2.16
70	1.40
71	0.92
72	0.65
73	1.96
74	1.1
75	0.11
76	1.14
77	2.69
78	3.80
79	1.22
80	0.71
81	0.67
82	2.75
