1	2.69
2	1.8
3	1.55
4	0.38
5	1.18
6	0.9
7	1.10
8	0.8
9	3.90
10	3.49
11	1.88
12	3.30
13	3.99
14	1.62
15	0.11
16	0.75
17	0.8
18	3.31
19	3.13
20	0.73
21	0.93
22	0.83
23	3.84
24	2.22
25	0.94
26	1.83
27	3.84
28	0.64
29	0.5
30	0.66
31	3.91
32	0.71
33	1.37
34	3.18
35	0.34
36	1.35
37	1.47
38	2.37
39	0.17
40	3.2
41	0.71
42	3.56
43	2.56
44	2.46
45	3.79
46	3.28
47	1.46
48	1.4
49	1.53
50	0.91
51	2.69
52	1.99
53	3.47
54	2.5
55	2.19
56	0.7
57	3.44
58	0.69
59	0.97
60	1.19
61	1.74
62	1.32
63	2.79
64	1.73
65	1.22
66	1.53
67	2.16
68	3.5
69	1.84
70	0.19
71	1.25
72	3.0
73	2.2
74	0.0
75	2.24
76	3.71
77	2.91
78	1.53
79	2.16
80	3.85
81	2.13
82	2.30
83	1.32
84	3.39
85	3.44
86	1.88
87	3.80
88	0.53
89	0.67
90	3.73
91	1.97
92	1.64
