1	2.14
2	3.39
3	3.71
4	2.79
5	1.85
6	0.91
7	3.24
8	1.10
9	2.38
10	0.35
11	3.18
12	1.42
13	0.90
14	1.97
15	2.28
16	0.44
17	3.29
18	1.56
19	0.27
20	3.42
21	1.98
22	0.95
23	3.60
24	3.92
25	0.17
26	3.14
27	1.9
28	3.40
29	2.95
30	0.81
31	0.69
32	1.97
33	2.46
34	1.40
35	0.57
36	1.7
37	3.2
38	2.90
39	0.76
40	3.58
41	2.53
42	2.90
43	1.25
44	2.56
45	0.13
46	1.59
47	3.83
48	1.87
49	3.29
50	3.46
51	2.75
52	1.28
53	1.22
54	1.48
55	3.31
56	2.37
57	2.10
58	3.56
59	3.28
60	1.76
61	2.78
62	1.43
63	3.2
64	1.85
65	3.75
66	3.21
67	3.44
68	1.6
69	3.31
70	0.62
71	2.16
72	3.44
73	1.97
74	2.70
75	0.91
76	0.55
77	0.25
78	1.80
79	0.77
80	1.49
81	2.85
82	3.37
83	0.30
84	1.48
85	1.90
86	3.40
87	2.69
