1	1.8
2	3.91
3	2.83
4	3.64
5	2.37
6	0.17
7	3.9
8	0.51
9	0.71
10	1.23
11	3.85
12	3.25
13	1.94
14	2.44
15	1.63
16	1.96
17	3.53
18	2.85
19	2.76
20	1.55
21	0.79
22	3.34
23	0.70
24	2.15
25	0.19
26	2.10
27	0.20
28	2.82
29	0.77
30	0.49
31	1.62
32	1.55
33	2.19
34	3.21
35	0.24
36	3.57
37	1.52
38	3.46
39	1.14
40	2.31
41	2.88
42	2.85
43	3.77
44	1.43
45	2.93
46	3.19
47	2.60
48	3.20
49	3.52
50	1.76
51	3.80
52	1.66
53	1.58
54	3.17
55	3.96
56	1.77
57	1.17
58	3.33
59	2.74
60	1.83
61	2.1
62	3.67
63	2.61
64	2.34
65	1.67
66	3.3
67	2.17
68	1.9
69	2.98
70	0.69
71	0.13
72	1.14
73	2.75
74	2.91
75	0.60
76	3.57
77	2.32
78	3.46
79	2.19
80	1.16
81	1.31
82	3.8
83	3.99
84	2.13
85	1.51
86	1.32
87	1.11
88	2.4
89	0.73
90	1.83
91	0.92
92	0.3
