0      4.13
1      4.93
2      .50
3      3.95
4      1.90
5      .90
6      4.92
7      4.45
8      3.40
9      2.02
10      1.19
11      4.53
12      .33
13      3.33
14      4.05
15      .19
16      4.03
17      1.97
18      1.66
19      2.43
20      .01
21      1.51
22      2.80
23      3.04
24      1.08
25      3.05
26      2.72
27      3.57
28      3.45
29      2.86
30      4.50
31      3.22
32      2.74
33      3.13
34      .06
35      4.13
36      3.92
37      2.04
38      3.66
39      2.75
40      4.44
41      1.97
42      3.30
43      2.74
44      4.17
45      2.57
46      1.21
47      4.74
48      2.93
49      .58
50      3.51
51      .06
52      1.75
53      4.17
54      .28
55      1.01
56      .27
57      3.44
58      4.89
59      4.20
60      .05
61      2.09
62      4.16
63      .05
64      4.95
65      1.86
66      1.01
67      2.48
68      .41
69      .43
70      4.46
71      4.92
72      4.97
73      1.94
74      1.90
75      2.40
76      1.59
77      2.84
78      2.56
79      4.02
80      1.81
81      2.78
82      1.80
83      2.41
84      1.38
85      2.10
86      2.53
87      .21
88      1.30
89      3.25
90      .37
91      3.96
92      .50
93      .84
94      4.01
95      2.79
96      2.50
