0      1.78
1      2.09
2      3.23
3      1.89
4      1.82
5      3.38
6      .06
7      3.61
8      3.50
9      2.04
10      4.85
11      4.46
12      3.17
13      .20
14      2.58
15      1.63
16      .69
17      4.86
18      2.42
19      2.20
20      2.02
21      4.58
22      .33
23      .16
24      2.96
25      .91
26      4.03
27      4.45
28      .17
29      1.08
30      4.49
31      4.17
32      4.19
33      .22
34      .01
35      3.52
36      1.12
37      1.80
38      1.80
39      .76
40      2.91
41      4.03
42      4.88
43      1.62
44      1.68
45      1.65
46      .16
47      4.46
48      1.80
49      3.37
50      1.52
51      .31
52      1.13
53      1.20
54      4.76
55      4.14
56      1.82
57      2.45
58      3.07
59      1.11
60      .17
61      2.67
62      1.12
63      2.60
64      2.22
65      .82
66      4.81
67      1.95
68      2.30
69      2.26
70      .02
71      .15
72      2.98
73      1.48
74      .19
75      4.74
76      4.82
77      3.66
78      4.08
79      .74
80      3.60
81      2.75
82      3.69
83      3.18
84      2.36
85      1.00
86      1.35
87      4.15
88      2.43
89      3.48
90      1.45
91      2.53
