0      .49
1      1.62
2      .78
3      .94
4      1.36
5      1.00
6      3.31
7      .57
8      2.85
9      .66
10      2.86
11      1.19
12      2.69
13      .82
14      4.60
15      .29
16      4.49
17      .79
18      4.41
19      2.80
20      1.98
21      4.18
22      1.50
23      3.46
24      .07
25      3.91
26      1.78
27      .96
28      .85
29      .24
30      .92
31      2.29
32      4.58
33      4.97
34      1.66
35      2.29
36      2.26
37      2.25
38      2.23
39      2.71
40      .86
41      1.67
42      .91
43      3.06
44      4.02
45      3.50
46      4.65
47      1.51
48      .56
49      1.93
50      2.05
51      4.07
