0      1.56
1      2.22
2      2.96
3      4.17
4      1.83
5      4.81
6      4.30
7      3.92
8      .69
9      1.12
10      1.92
11      .32
12      2.71
13      3.04
14      .30
15      3.46
16      4.49
17      4.15
18      3.35
19      2.92
20      .98
21      3.57
22      3.94
23      2.73
24      3.29
25      1.24
26      2.63
27      .27
28      4.77
29      .87
30      2.58
31      .28
32      2.02
33      .86
34      4.41
35      3.26
36      1.15
37      3.91
38      4.04
39      .37
40      1.56
41      3.90
42      3.99
43      4.76
44      2.08
45      1.23
46      4.87
47      .55
48      1.16
49      3.18
50      1.95
51      1.41
52      .40
53      2.42
54      1.08
55      4.08
56      3.14
57      2.18
58      .02
59      4.03
60      2.95
61      4.27
62      2.29
63      3.95
64      2.49
65      4.40
66      3.97
67      1.55
68      2.49
69      .69
70      2.20
71      1.47
