0      3.93
1      4.99
2      1.77
3      3.68
4      .37
5      2.01
6      .04
7      .87
8      1.12
9      3.20
10      2.45
11      3.20
12      1.18
13      3.41
14      2.69
15      4.64
16      3.89
17      4.45
18      4.26
19      .58
20      .91
21      4.44
22      3.81
23      3.65
24      4.04
25      .34
26      .96
27      3.66
28      1.21
29      4.64
30      2.11
31      1.66
32      4.50
33      .84
34      .40
35      1.98
36      .11
37      2.02
38      2.92
39      2.53
40      .67
41      1.79
42      1.92
43      3.67
44      1.31
45      .99
46      2.73
47      .58
48      .92
49      3.94
50      2.80
51      2.70
52      .43
53      2.73
54      1.38
55      1.91
56      4.12
57      .50
58      3.75
59      2.72
60      2.08
61      3.46
62      .98
63      2.39
