0      3.66
1      3.65
2      4.10
3      2.54
4      1.69
5      3.51
6      2.13
7      3.55
8      1.03
9      4.87
10      2.87
11      .14
12      1.83
13      3.27
14      2.32
15      3.99
16      .63
17      3.88
18      4.83
19      .51
20      4.98
21      .36
22      .35
23      .35
24      2.68
25      4.84
26      .52
27      2.45
28      4.12
29      2.90
30      2.72
31      3.28
32      2.76
33      4.58
34      2.84
35      .64
36      3.84
37      3.38
38      4.26
39      .95
40      1.61
41      3.47
42      .97
43      .53
44      1.46
45      .43
46      3.17
47      3.11
48      2.25
49      1.88
50      1.52
51      3.48
52      4.87
53      3.43
54      1.55
55      .28
56      .17
57      2.71
58      4.84
59      3.08
60      2.60
61      3.17
62      2.31
63      1.54
64      1.90
65      1.02
66      1.11
67      2.64
