0      2.53
1      1.94
2      4.94
3      .99
4      2.01
5      1.90
6      3.13
7      2.16
8      3.50
9      3.04
10      .86
11      3.63
12      3.26
13      2.45
14      1.76
15      1.54
16      3.77
17      .69
18      4.91
19      .17
20      4.97
21      2.11
22      2.88
23      3.34
24      4.28
25      2.44
26      3.08
27      1.32
28      .12
29      1.95
30      2.24
31      .86
32      .97
33      2.03
34      4.38
35      .81
36      2.95
37      4.20
38      4.43
39      1.18
40      1.97
41      .70
42      1.08
43      1.74
44      4.10
45      2.56
46      4.47
47      .70
48      3.71
49      .05
50      .11
51      4.19
52      3.22
53      2.33
54      .89
55      2.95
56      2.30
57      3.91
58      2.56
59      3.12
60      1.26
61      1.68
62      4.16
63      2.36
64      4.49
65      .13
66      3.12
67      2.83
68      3.83
69      .24
70      3.56
71      2.92
72      3.14
73      2.79
74      3.19
75      3.69
76      .23
77      1.89
78      1.54
79      1.38
80      4.96
81      .51
82      1.20
