0      0
1      4.84
2      2.82
3      3.12
4      1.19
5      4.26
6      1.42
7      3.08
8      3.67
9      3.12
10      2.59
11      2.74
12      1.10
13      2.39
14      .75
15      4.33
16      2.68
17      4.88
18      1.30
19      1.80
20      3.85
21      4.05
22      .07
23      2.63
24      .58
25      4.82
26      .18
27      4.68
28      1.81
29      1.19
30      2.00
31      1.74
32      4.61
33      1.48
34      2.17
35      1.10
36      3.86
37      1.32
38      3.52
39      .51
40      2.58
41      .18
42      4.74
43      .64
44      4.44
45      4.53
46      1.56
47      4.69
48      3.60
49      1.04
50      .23
51      1.34
52      3.11
53      1.58
54      2.33
55      2.97
56      4.82
57      3.60
58      1.30
59      2.32
60      1.20
61      .95
62      1.19
63      3.02
64      .09
65      1.75
66      3.08
67      3.18
68      2.06
