0      3.38
1      1.81
2      .09
3      .71
4      .29
5      2.22
6      1.98
7      2.87
8      4.90
9      2.42
10      4.45
11      4.86
12      2.75
13      3.61
14      3.70
15      1.02
16      2.91
17      1.52
18      2.77
19      3.53
20      4.90
21      1.55
22      3.02
23      1.78
24      .66
25      .65
26      .82
27      3.58
28      3.90
29      2.89
30      1.73
31      2.05
32      .74
33      3.75
34      2.00
35      4.67
36      .50
37      1.16
38      1.09
39      2.14
40      .46
41      .81
42      3.91
43      .35
44      4.34
45      4.78
46      4.19
47      4.30
48      .38
