0      4.58
1      2.67
2      4.68
3      3.09
4      1.29
5      4.33
6      .22
7      3.55
8      .04
9      .43
10      .07
11      4.81
12      1.10
13      2.70
14      2.05
15      2.41
16      2.40
17      .67
18      2.70
19      3.71
20      4.23
21      1.41
22      2.72
23      .12
24      3.74
25      4.49
26      4.10
27      1.06
28      4.49
29      2.22
30      4.04
31      3.17
32      3.40
33      4.25
34      4.56
35      3.19
36      3.40
37      .44
38      4.18
39      3.74
40      4.90
41      2.72
42      1.67
43      1.28
44      .49
45      1.43
46      .57
47      .07
48      3.07
49      2.68
50      2.94
