0      .01
1      4.87
2      1.17
3      2.89
4      2.05
5      .65
6      4.96
7      4.77
8      2.22
9      3.39
10      1.67
11      1.63
12      2.26
13      1.56
14      .86
15      1.90
16      3.84
17      2.20
18      3.84
19      3.94
20      3.05
21      3.89
22      1.28
23      1.84
24      3.12
25      3.79
26      .49
27      .14
28      2.71
29      3.91
30      4.96
31      1.71
32      2.43
33      3.14
34      2.79
35      1.01
36      .07
37      .59
38      1.58
39      4.25
40      4.42
41      .62
42      .17
43      .69
44      3.66
45      3.60
46      3.77
47      1.59
48      1.36
49      4.25
50      .96
51      1.11
52      2.36
53      3.18
54      3.23
55      .27
56      2.15
57      3.90
58      .35
59      2.09
60      .32
61      4.48
62      3.36
63      2.25
64      3.93
65      4.90
66      4.22
67      2.95
68      .28
69      .44
70      .40
71      2.22
72      3.66
73      4.96
74      3.59
75      4.94
76      1.90
77      4.24
78      2.14
79      .70
80      1.67
81      1.57
82      .75
83      .57
84      1.11
