0      3.90
1      .84
2      2.22
3      .06
4      1.93
5      1.57
6      4.77
7      3.94
8      1.58
9      3.42
10      .13
11      2.69
12      3.92
13      3.09
14      3.57
15      2.36
16      4.44
17      3.83
18      .32
19      3.32
20      4.19
21      2.77
22      2.67
23      1.22
24      .14
25      2.62
26      3.53
27      1.62
28      3.19
29      3.91
30      1.26
31      2.52
32      4.83
33      3.40
34      1.96
35      .77
36      3.21
37      1.04
38      .31
39      3.10
40      1.82
41      4.80
42      1.58
43      4.51
44      3.42
45      3.41
46      .54
47      2.41
48      .75
49      3.93
50      .51
51      4.41
52      1.94
53      .31
54      4.10
55      2.14
56      2.16
57      3.85
58      2.64
59      .64
60      .10
61      4.57
62      2.65
