0      2.55
1      .99
2      .27
3      2.44
4      .42
5      2.92
6      3.64
7      2.41
8      4.74
9      1.93
10      3.97
11      3.00
12      1.21
13      1.73
14      .58
15      .73
16      .23
17      4.81
18      3.43
19      4.27
20      2.79
21      4.33
22      2.79
23      4.65
24      2.17
25      1.90
26      .76
27      3.04
28      .30
29      3.90
30      3.36
31      2.38
32      4.55
33      .94
34      3.48
35      4.04
36      1.52
37      3.43
38      1.64
39      .43
40      4.42
41      .20
42      1.18
43      1.90
44      3.47
45      2.74
46      1.70
47      3.88
48      4.06
49      1.11
50      .88
51      2.94
52      3.41
53      .46
54      1.62
55      4.25
56      4.78
57      3.64
58      1.17
59      3.50
60      1.95
