0      2.50
1      4.31
2      .73
3      4.12
4      4.20
5      3.06
6      3.36
7      2.02
8      .92
9      2.13
10      4.69
11      4.45
12      1.31
13      1.71
14      .94
15      1.84
16      .85
17      1.65
18      2.34
19      3.31
20      3.56
21      2.75
22      4.18
23      4.64
24      1.45
25      1.18
26      1.09
27      3.33
28      .54
29      .84
30      3.14
31      4.17
32      2.86
33      1.32
34      .12
35      4.23
36      3.00
37      .35
38      1.13
39      1.19
40      2.88
41      2.25
42      3.04
43      2.36
44      .11
45      3.11
46      2.89
47      .70
48      4.59
49      .48
50      1.14
51      2.67
52      .81
53      4.78
54      .67
55      3.76
56      .70
57      2.10
58      1.92
59      .01
60      1.72
61      .43
62      .71
