0      2.74
1      4.54
2      3.28
3      1.13
4      2.66
5      2.23
6      1.48
7      .84
8      .55
9      1.52
10      2.62
11      1.99
12      4.92
13      4.02
14      1.36
15      4.57
16      2.28
17      .17
18      4.79
19      .48
20      3.66
21      1.58
22      4.76
23      4.30
24      .21
25      1.94
26      2.42
27      .79
28      4.30
29      .39
30      4.69
31      2.11
32      3.97
33      3.32
34      4.24
35      .79
36      .30
37      1.55
38      4.45
39      2.45
40      4.46
41      3.06
42      4.01
43      1.05
44      3.19
45      4.83
46      3.63
47      .57
48      1.75
49      .10
50      1.20
51      3.10
52      .16
53      3.29
54      2.55
55      2.94
56      3.42
57      1.36
58      3.53
59      .78
60      3.88
61      2.92
62      1.04
63      .27
64      2.18
65      2.73
66      2.92
67      2.49
68      1.29
69      4.35
70      .27
