0      2.47
1      2.51
2      3.88
3      .13
4      1.08
5      2.05
6      .51
7      2.59
8      1.06
9      .28
10      4.72
11      .57
12      1.40
13      4.14
14      4.28
15      1.05
16      4.95
17      2.88
18      1.34
19      4.60
20      4.37
21      1.37
22      4.76
23      3.19
24      1.65
25      3.54
26      2.80
27      4.25
28      2.44
29      .28
30      1.14
31      4.44
32      4.22
33      2.78
34      2.20
35      4.10
36      3.49
37      .46
38      .14
39      .26
40      3.47
41      1.50
42      .21
43      .03
44      4.53
45      2.58
46      4.13
47      4.97
48      .10
49      2.22
50      2.35
51      4.69
52      .61
53      1.74
54      .78
55      1.38
56      1.70
57      2.51
58      4.81
59      2.82
60      .56
61      1.05
62      .44
63      .28
64      3.95
65      .88
66      2.70
67      2.87
68      3.33
69      2.90
