0      3.17
1      .36
2      4.59
3      2.19
4      2.73
5      .02
6      .39
7      .05
8      2.54
9      3.38
10      4.98
11      .63
12      1.72
13      .19
14      1.61
15      4.01
16      .58
17      2.72
18      1.11
19      .51
20      1.99
21      4.09
22      1.31
23      2.63
24      .69
25      .46
26      1.97
27      1.30
28      .26
29      4.96
30      3.77
31      2.34
32      3.24
33      .10
34      3.01
35      .83
36      1.99
37      .97
38      .60
39      3.06
40      4.44
41      1.61
42      3.18
43      3.06
44      1.54
45      1.13
46      .16
47      3.23
48      2.53
49      3.04
50      3.34
51      1.62
52      .73
53      .50
54      .82
55      4.67
56      2.91
57      3.69
58      1.59
59      4.75
60      1.30
61      1.30
62      .24
63      1.73
64      4.99
65      2.38
66      1.28
67      2.12
68      2.57
69      2.87
70      2.02
71      .92
72      1.96
73      1.67
74      1.19
75      .11
76      1.94
77      .35
78      3.80
79      2.94
80      1.88
81      3.92
82      3.58
83      1.78
84      2.33
85      4.98
86      1.31
87      2.36
88      1.60
89      4.17
90      4.63
91      2.72
