0      3.09
1      1.54
2      .29
3      1.40
4      3.17
5      2.14
6      .81
7      .10
8      1.45
9      4.94
10      1.53
11      3.38
12      1.87
13      1.66
14      .72
15      1.50
16      2.74
17      1.04
18      3.93
19      3.20
20      4.72
21      .93
22      3.63
23      .86
24      4.47
25      4.72
26      1.55
27      3.93
28      2.21
29      2.60
30      3.46
31      2.91
32      1.35
33      3.54
34      3.01
35      .91
36      3.14
37      2.43
38      1.26
39      .85
40      4.98
41      2.89
42      .16
43      2.24
