0      2.15
1      1.79
2      3.42
3      3.13
4      4.05
5      3.06
6      1.93
7      1.65
8      .73
9      .93
10      .94
11      1.79
12      3.39
13      1.32
14      3.09
15      1.85
16      1.54
17      2.08
18      3.91
19      .59
20      .20
21      4.14
22      2.21
23      .84
24      4.10
25      2.44
26      2.54
27      3.66
28      3.93
29      1.87
30      1.18
31      3.97
32      3.33
33      1.39
34      .30
35      .91
36      4.40
37      1.83
38      2.81
39      1.96
40      4.53
41      4.05
42      2.63
43      4.54
44      1.64
45      3.05
46      1.20
47      2.11
48      4.22
49      .62
50      2.68
51      3.86
52      3.80
53      1.43
54      .21
55      4.77
56      4.99
57      .49
58      .41
59      2.94
