1	4.27
2	4.12
3	0.04
4	1.44
5	3.92
6	2.59
7	3.54
8	1.88
9	2.41
10	4.83
11	2.76
12	2.55
13	0.11
14	0.76
15	3.21
16	3.47
17	3.66
18	3.15
19	1.48
20	1.24
21	3.42
22	0.12
23	1.54
24	4.87
25	0.77
26	0.56
27	1.55
28	3.73
29	2.76
30	4.93
31	3.94
32	3.75
33	3.59
34	4.16
35	2.38
36	3.04
37	2.04
38	0.21
39	0.86
40	4.86
41	1.46
42	3.84
43	2.04
44	3.04
45	3.99
46	4.96
47	3.23
48	4.93
49	1.64
50	3.79
51	1.26
52	2.71
53	3.96
54	4.22
55	2.84
56	4.22
57	3.67
58	0.05
59	2.91
60	3.12
61	2.90
62	3.95
63	0.10
64	3.62
65	2.85
66	4.07
67	0.61
68	4.89
69	2.97
70	4.06
71	1.44
72	4.56
73	4.16
74	2.63
75	2.65
76	0.75
77	1.13
78	3.86
79	0.03
80	4.66
81	1.59
82	0.81
83	3.07
84	0.38
85	1.94
86	2.76
