1	0.74
2	4.11
3	1.81
4	2.28
5	3.43
6	2.59
7	0.68
8	2.31
9	3.85
10	2.24
11	4.58
12	4.52
13	3.87
14	4.18
15	3.96
16	0.13
17	2.02
18	3.68
19	3.72
20	2.94
21	1.48
22	0.65
23	0.29
24	4.47
25	0.73
26	4.99
27	1.10
28	3.90
29	1.21
30	1.51
31	2.66
32	2.28
33	3.10
34	2.70
35	3.38
36	1.09
37	4.69
38	0.42
39	3.68
40	2.50
41	3.66
42	3.27
43	1.82
44	1.43
45	1.33
46	2.90
47	0.69
48	0.67
49	1.05
50	3.45
51	0.73
52	2.99
53	2.97
54	4.57
55	2.70
56	4.94
57	2.67
58	3.48
59	4.65
60	1.52
61	3.69
62	3.14
63	0.06
64	2.79
65	4.78
66	3.99
67	3.17
68	0.08
69	2.08
70	2.85
71	4.71
72	3.19
73	0.57
