1	1.39
2	0.89
3	3.06
4	3.64
5	0.67
6	2.11
7	4.53
8	4.34
9	1.15
10	4.05
11	1.85
12	0.15
13	2.34
14	4.40
15	4.04
16	1.78
17	1.78
18	1.33
19	1.80
20	4.83
21	3.60
22	3.17
23	0.57
24	0.14
25	2.43
26	0.17
27	1.29
28	3.97
29	0.28
30	0.66
31	1.39
32	1.85
33	4.19
34	1.03
35	4.53
36	3.40
37	4.09
38	4.42
39	3.01
40	1.31
41	4.80
42	2.53
43	1.79
44	4.32
45	4.84
46	1.37
47	1.65
48	4.33
49	3.28
50	2.40
51	3.21
52	2.56
53	3.61
54	0.54
55	0.25
56	2.19
57	1.73
58	1.81
59	2.96
60	4.79
61	2.62
62	4.16
63	2.91
64	1.00
65	3.38
66	3.66
67	4.84
68	3.45
69	3.76
70	3.76
71	0.39
72	4.94
73	0.69
74	0.00
75	2.71
76	4.99
77	0.46
