1	4.50
2	0.65
3	0.27
4	3.99
5	0.93
6	4.03
7	0.17
8	4.75
9	4.77
10	0.55
11	0.82
12	2.73
13	3.10
14	0.92
15	0.51
16	0.08
17	3.93
18	1.26
19	4.33
20	4.30
21	2.79
22	3.91
23	0.80
24	4.23
25	3.46
26	1.54
27	0.40
28	2.74
29	1.21
30	3.09
31	0.42
32	3.85
33	3.07
34	0.01
35	4.22
36	1.17
37	1.91
38	2.67
39	3.07
40	2.70
41	0.41
42	2.70
43	0.37
44	4.95
45	3.02
46	3.79
47	0.35
48	2.62
49	2.97
50	2.94
51	3.31
52	2.93
53	1.79
54	4.82
55	1.74
56	0.94
57	4.47
58	1.32
59	3.23
60	4.44
61	2.12
62	3.66
63	0.20
64	2.04
65	3.27
66	0.93
67	4.77
68	2.09
69	1.31
70	0.13
71	2.44
