1	2.31
2	1.18
3	3.93
4	4.31
5	0.78
6	3.07
7	1.18
8	1.10
9	3.83
10	4.96
11	0.83
12	0.68
13	2.61
14	3.82
15	1.17
16	0.66
17	1.42
18	3.80
19	3.09
20	1.68
21	2.66
22	4.91
23	0.83
24	2.90
25	3.94
26	2.20
27	2.27
28	4.39
29	0.27
30	4.86
31	0.81
32	4.41
33	0.92
34	1.81
35	4.33
36	1.97
37	1.01
38	4.60
39	1.49
40	3.56
41	3.31
42	2.90
43	4.62
44	2.90
45	4.34
46	4.43
47	4.65
48	0.18
49	4.35
50	2.90
51	3.08
52	2.62
53	2.01
54	4.84
55	4.97
56	0.88
57	4.24
58	1.29
59	2.58
60	0.79
61	0.94
62	1.22
63	3.29
64	1.11
65	0.86
66	2.52
67	4.35
68	2.57
69	3.48
70	1.72
71	3.19
72	0.62
73	2.67
74	2.44
75	4.64
