1	2.62
2	3.63
3	1.94
4	0.95
5	1.18
6	0.56
7	1.97
8	4.04
9	2.76
10	3.36
11	2.36
12	3.64
13	1.59
14	2.19
15	1.96
16	2.19
17	3.51
18	4.14
19	1.97
20	0.23
21	0.76
22	4.46
23	1.55
24	1.80
25	2.19
26	2.93
27	0.77
28	2.92
29	2.16
30	4.27
31	2.16
32	2.87
33	1.85
34	3.59
35	0.67
36	1.79
37	3.95
38	3.71
39	2.19
40	3.97
41	4.14
42	3.95
43	0.63
44	1.28
45	1.43
46	4.30
47	1.38
48	3.18
49	1.01
50	0.68
51	2.45
52	3.72
53	0.92
54	0.68
55	3.21
56	2.88
57	3.78
58	4.78
59	2.22
60	3.59
61	1.07
62	4.80
63	4.95
64	3.58
65	1.42
66	0.94
67	1.84
68	2.84
69	1.84
70	0.84
71	4.07
72	1.62
73	2.59
74	3.94
75	0.26
76	3.11
77	2.56
78	0.21
79	2.65
80	1.56
81	0.27
82	4.34
83	3.24
84	4.53
85	1.17
86	1.33
87	1.87
88	4.20
89	2.58
90	0.71
91	2.04
92	0.95
93	3.46
94	3.98
