1	0.67
2	2.98
3	2.65
4	4.48
5	1.69
6	1.26
7	1.56
8	2.66
9	0.66
10	2.13
11	0.92
12	1.23
13	4.70
14	4.55
15	0.25
16	3.72
17	4.76
18	0.99
19	3.59
20	4.58
21	0.75
22	1.49
23	4.80
24	0.96
25	0.55
26	2.48
27	1.22
28	3.78
29	4.61
30	4.11
31	0.17
32	2.90
33	0.10
34	0.48
35	3.49
36	1.12
37	4.97
38	3.71
39	4.74
40	0.51
41	0.47
42	3.54
43	0.35
44	2.15
45	4.49
46	0.56
47	3.55
48	2.78
49	3.86
50	4.61
51	4.89
52	3.25
53	2.50
54	2.42
55	4.25
56	2.31
57	4.16
58	2.27
59	4.12
60	4.03
61	4.40
62	3.53
63	4.58
64	3.81
65	2.54
66	1.34
67	3.20
68	2.74
69	2.76
70	0.22
71	2.93
72	0.92
73	1.98
74	4.69
75	1.12
76	2.72
77	1.03
78	4.81
79	2.25
80	2.93
81	0.01
82	2.70
83	3.01
84	2.99
85	4.46
86	4.09
87	4.39
88	2.07
89	0.08
