1	4.94
2	3.65
3	1.20
4	3.99
5	1.19
6	4.01
7	3.87
8	2.09
9	3.85
10	4.83
11	1.97
12	0.14
13	0.76
14	3.21
15	0.38
16	0.95
17	3.09
18	1.70
19	1.14
20	2.41
21	2.26
22	3.15
23	3.66
24	0.40
25	1.33
26	0.37
27	0.53
28	4.57
29	0.08
30	1.39
31	1.20
32	3.65
33	1.92
34	1.30
35	3.47
36	4.43
37	1.95
38	0.93
39	3.10
40	0.55
41	0.77
42	2.86
43	3.47
44	1.69
45	4.98
46	3.57
47	3.40
48	1.62
49	3.00
50	0.10
51	4.93
52	4.29
53	0.67
54	0.84
55	0.31
56	2.78
57	3.38
58	1.60
59	4.10
60	1.54
61	2.92
62	1.18
63	4.08
64	4.62
65	0.97
66	2.67
67	0.96
68	2.63
69	4.04
70	4.59
71	2.49
72	1.09
73	2.47
74	3.79
75	4.37
76	4.15
77	2.47
