1	2.15
2	2.31
3	4.53
4	2.00
5	2.70
6	2.56
7	0.47
8	2.98
9	4.82
10	4.21
11	1.35
12	1.56
13	1.06
14	0.25
15	4.99
16	4.14
17	0.46
18	4.24
19	4.48
20	3.16
21	1.86
22	2.93
23	3.48
24	3.05
25	3.76
26	3.15
27	1.17
28	4.00
29	1.53
30	0.31
31	2.09
32	2.73
33	4.77
34	1.23
35	0.72
36	0.98
37	1.74
38	3.50
39	0.27
40	3.99
41	3.23
42	1.37
43	2.85
44	3.00
45	0.80
46	3.45
47	0.53
48	3.15
49	0.59
50	1.31
51	0.03
52	1.04
53	4.76
54	4.39
55	3.17
56	3.23
57	3.00
58	0.81
59	2.69
60	2.43
61	3.26
62	2.91
63	2.45
64	4.63
65	3.71
66	4.72
67	1.22
68	1.73
69	3.18
70	2.18
71	0.58
72	2.04
73	2.26
74	4.76
75	3.26
76	1.18
77	1.71
78	2.25
