1	2.98
2	1.15
3	0.60
4	2.64
5	0.95
6	0.77
7	2.18
8	1.38
9	0.68
10	4.41
11	4.63
12	3.67
13	4.90
14	3.60
15	1.29
16	4.99
17	3.01
18	2.88
19	0.02
20	0.70
21	0.57
22	3.32
23	2.41
24	3.03
25	3.29
26	4.93
27	2.47
28	2.36
29	3.75
30	4.78
31	1.77
32	3.90
33	0.68
34	1.17
35	2.51
36	3.89
37	1.05
38	1.92
39	3.71
40	0.47
41	4.14
42	3.46
43	3.70
44	3.92
45	4.01
46	0.41
47	4.90
48	1.27
49	3.81
50	1.22
51	1.86
52	2.82
53	1.91
54	1.64
55	2.19
56	0.12
57	4.82
58	0.83
59	3.33
60	1.26
61	0.60
62	1.93
63	0.69
64	3.02
65	0.18
66	1.18
67	3.01
