1	1.96
2	3.31
3	3.86
4	0.94
5	0.43
6	1.87
7	2.63
8	3.64
9	0.48
10	3.43
11	0.37
12	4.54
13	1.68
14	2.61
15	1.28
16	2.30
17	3.57
18	4.19
19	0.92
20	2.58
21	0.42
22	0.97
23	3.03
24	0.19
25	0.91
26	1.61
27	1.47
28	4.12
29	3.75
30	1.69
31	2.03
32	3.43
33	1.25
34	1.03
35	3.12
36	0.70
37	4.39
38	0.36
39	4.73
40	3.41
41	4.10
42	1.39
43	4.69
44	1.21
45	3.40
46	4.16
47	1.80
48	0.88
49	2.53
50	0.02
51	3.33
52	4.96
53	1.11
54	2.19
55	4.89
56	3.60
57	3.83
58	2.64
59	4.93
60	1.40
61	2.76
62	1.35
63	1.15
64	0.64
65	1.53
66	4.44
67	1.96
68	2.11
69	4.24
70	4.95
71	1.14
72	4.40
