1	0.18
2	3.45
3	2.12
4	0.69
5	2.87
6	3.09
7	3.73
8	0.14
9	4.08
10	2.39
11	3.01
12	0.91
13	2.53
14	3.89
15	0.64
16	4.17
17	0.94
18	1.18
19	4.87
20	0.72
21	0.97
22	0.80
23	2.25
24	1.56
25	3.32
26	0.89
27	3.44
28	1.21
29	0.27
30	4.03
31	1.12
32	0.87
33	4.17
34	0.54
35	0.76
36	2.02
37	3.04
38	3.27
39	2.30
40	3.60
41	4.58
42	1.75
43	4.23
44	0.16
45	0.41
46	3.32
47	3.13
48	0.58
49	0.40
50	1.43
51	2.05
52	4.45
53	1.20
54	1.21
55	0.95
56	4.39
57	0.55
58	2.94
59	3.33
60	0.56
61	3.59
62	4.06
63	1.81
64	3.68
65	4.06
66	3.70
67	2.16
68	4.80
69	1.71
70	0.64
71	4.50
72	2.14
73	1.70
74	4.73
75	1.01
76	4.45
77	2.54
78	2.28
79	1.13
80	2.93
81	2.17
82	4.95
83	3.47
84	4.56
85	4.12
86	1.14
87	1.58
88	1.90
89	1.90
90	4.65
91	1.98
92	1.14
93	0.00
94	1.63
95	1.97
96	2.33
97	0.13
