1	4.07
2	3.66
3	4.33
4	3.40
5	3.07
6	3.67
7	4.21
8	2.86
9	3.08
10	2.87
11	0.79
12	0.96
13	4.83
14	3.59
15	2.96
16	4.67
17	3.37
18	1.00
19	1.76
20	2.00
21	1.53
22	2.17
23	3.90
24	0.23
25	3.50
26	3.62
27	0.76
28	4.82
29	1.55
30	3.66
31	4.57
32	2.79
33	0.78
34	3.77
35	0.98
36	3.62
37	3.13
38	2.24
39	0.65
40	2.08
41	2.70
42	0.44
43	4.62
44	4.09
45	0.39
46	2.87
47	0.78
48	3.25
49	4.58
50	0.87
51	4.11
52	2.00
53	3.33
54	0.40
55	2.57
56	2.49
57	0.16
58	1.14
59	4.14
60	2.58
61	0.54
62	1.63
63	1.85
64	1.83
65	0.62
66	3.95
67	4.11
68	4.67
69	4.94
70	3.90
71	4.53
72	1.27
73	3.34
74	1.23
75	4.25
76	2.35
77	1.80
78	0.98
79	1.98
80	3.46
