1	1.73
2	3.43
3	4.12
4	3.92
5	3.05
6	0.58
7	4.10
8	3.63
9	2.01
10	0.31
11	3.59
12	3.14
13	4.56
14	2.81
15	3.42
16	4.72
17	1.89
18	0.29
19	1.66
20	2.12
21	2.40
22	0.32
23	0.75
24	0.59
25	2.30
26	3.39
27	2.87
28	2.26
29	0.00
30	1.42
31	1.88
32	2.78
33	4.57
34	2.98
35	3.05
36	3.57
37	1.90
38	0.33
39	3.08
40	3.99
41	2.35
42	1.74
43	1.80
44	2.81
45	0.07
46	1.65
47	1.80
48	3.97
49	1.09
50	1.30
51	2.98
52	2.43
53	1.85
54	0.17
55	1.14
56	3.30
57	4.60
58	3.64
59	1.90
60	0.20
61	0.02
62	1.02
63	3.87
64	2.17
65	1.16
66	4.47
67	0.38
68	4.60
69	4.05
70	3.05
71	0.21
72	0.75
73	0.59
74	1.50
75	4.57
76	0.18
77	2.99
78	1.30
79	0.71
80	4.42
81	0.75
82	4.84
83	3.94
