1	1.01
2	2.95
3	2.64
4	3.01
5	2.91
6	4.21
7	2.66
8	0.31
9	2.25
10	4.50
11	4.88
12	1.59
13	4.54
14	0.47
15	2.92
16	1.96
17	1.82
18	2.31
19	1.47
20	3.17
21	4.78
22	4.92
23	0.70
24	0.74
25	3.22
26	4.64
27	1.34
28	3.40
29	4.87
30	3.87
31	0.20
32	3.08
33	2.53
34	2.33
35	4.13
36	4.74
37	1.32
38	1.23
39	4.48
40	1.91
41	1.32
42	3.14
43	2.84
44	2.29
45	0.99
46	4.55
47	3.13
48	4.16
49	0.13
50	3.62
51	0.88
52	1.76
53	1.80
54	3.94
55	2.63
56	0.06
57	1.74
58	1.18
59	0.62
60	0.29
61	4.45
62	3.81
63	4.69
64	3.28
65	4.66
66	1.36
67	3.16
68	3.80
69	0.48
70	3.26
71	2.06
