1	1.06
2	2.66
3	1.74
4	4.30
5	2.90
6	0.72
7	3.27
8	4.56
9	1.37
10	2.39
11	4.16
12	4.61
13	3.05
14	2.03
15	2.18
16	0.87
17	2.96
18	3.47
19	0.30
20	1.69
21	1.45
22	2.38
23	0.41
24	3.16
25	4.14
26	0.62
27	4.27
28	3.17
29	3.18
30	3.34
31	3.46
32	1.83
33	0.92
34	0.70
35	3.16
36	1.93
37	4.32
38	2.63
39	0.95
40	2.01
41	4.35
42	3.15
43	2.13
44	1.95
45	3.29
46	3.91
47	2.50
48	3.87
49	3.75
50	1.24
51	0.80
52	2.47
53	0.55
54	2.03
55	4.43
56	2.14
57	1.61
58	3.65
59	2.45
60	0.82
61	3.93
62	0.90
63	3.52
64	1.92
65	2.42
66	1.23
67	1.55
68	2.48
