1	2.67
2	3.12
3	0.23
4	2.92
5	4.09
6	2.95
7	1.19
8	0.48
9	4.67
10	2.79
11	3.27
12	3.96
13	0.26
14	0.25
15	0.43
16	3.84
17	0.43
18	2.44
19	4.92
20	4.91
21	3.40
22	1.20
23	0.42
24	0.95
25	2.79
26	0.60
27	1.07
28	3.81
29	3.01
30	3.93
31	3.99
32	4.83
33	1.73
34	2.97
35	3.85
36	4.62
37	0.07
38	0.49
39	1.44
40	1.83
41	3.55
42	1.43
43	4.67
44	1.02
45	0.25
46	1.62
47	4.92
48	4.59
49	4.74
50	2.24
51	3.57
52	2.01
53	0.75
54	3.22
55	1.55
56	2.66
57	2.49
58	1.97
59	0.20
60	2.12
61	4.26
62	4.02
63	0.81
64	3.20
65	4.81
66	2.37
67	2.91
68	3.32
69	0.43
70	2.15
71	3.19
72	0.91
73	4.89
74	0.92
75	4.40
76	2.22
77	4.37
