0      2.28
1      2.40
2      3.39
3      4.44
4      4.19
5      4.89
6      4.00
7      3.22
8      4.57
9      2.64
10      2.56
11      4.16
12      1.27
13      .98
14      2.70
15      2.33
16      .20
17      1.45
18      4.29
19      2.00
20      3.20
21      .41
22      .28
23      .30
24      .32
25      3.15
26      2.57
27      2.60
28      .23
29      2.61
30      1.69
31      1.90
32      3.05
33      4.90
34      2.03
35      4.80
36      .10
37      .02
38      3.67
39      1.11
40      .37
41      1.05
42      4.74
43      .48
44      3.47
45      .63
46      3.45
47      1.47
48      .63
49      2.09
50      3.15
51      1.17
52      2.70
53      2.36
54      .12
55      2.90
56      1.62
57      2.46
58      4.26
59      4.07
60      1.14
61      .68
62      3.09
