0      .85
1      3.89
2      1.42
3      1.83
4      3.43
5      4.35
6      3.67
7      4.69
8      2.59
9      2.47
10      4.90
11      3.91
12      1.63
13      3.88
14      .71
15      3.41
16      4.73
17      .55
18      2.78
19      1.04
20      4.77
21      2.06
22      .99
23      3.15
24      2.47
25      4.60
26      0
27      4.96
28      2.40
29      1.49
30      4.94
31      2.36
32      .44
33      4.26
34      4.16
35      3.27
36      3.05
37      1.18
38      4.44
39      2.86
40      .38
41      2.12
42      2.18
43      .15
44      2.54
45      .87
46      1.72
47      3.65
48      3.90
49      4.13
50      4.90
51      3.89
52      .82
53      4.51
54      1.54
55      3.80
56      3.22
57      .67
58      1.46
59      2.84
60      .20
61      .39
62      .81
63      2.29
64      1.45
65      4.43
66      3.33
67      1.21
68      1.04
69      4.47
70      2.92
71      2.24
72      4.44
73      .49
74      2.34
75      .82
76      2.46
77      4.91
78      4.59
79      1.58
80      2.34
81      4.50
82      1.88
83      .04
84      4.75
85      2.08
86      4.11
87      1.06
88      1.60
89      1.68
90      .78
91      1.11
92      3.23
93      1.75
94      .44
