0      4.21
1      .76
2      .61
3      2.62
4      2.33
5      .81
6      4.92
7      2.59
8      4.96
9      1.63
10      3.68
11      2.92
12      4.61
13      2.70
14      3.59
15      1.36
16      1.69
17      4.85
18      2.61
19      1.22
20      3.21
21      4.74
22      .26
23      4.39
24      3.59
25      2.88
26      .87
27      1.04
28      2.73
29      .10
30      .64
31      3.55
32      4.36
33      2.84
34      3.67
35      2.06
36      .58
37      4.85
38      .67
39      2.94
40      3.38
41      4.69
42      3.68
43      2.74
44      4.96
45      4.78
46      1.71
47      1.58
48      2.25
49      4.97
50      4.95
51      .01
52      2.15
53      2.56
54      4.96
55      1.63
56      .44
57      4.34
58      3.02
59      .94
60      1.84
61      1.56
62      4.05
63      2.90
64      1.69
