0      2.16
1      3.03
2      .91
3      4.96
4      3.67
5      3.89
6      3.13
7      2.23
8      .57
9      .96
10      2.86
11      4.75
12      .92
13      4.75
14      3.49
15      3.73
16      2.84
17      3.01
18      .26
19      .54
20      1.74
21      .07
22      .40
23      1.10
24      .50
25      1.97
26      2.33
27      1.84
28      3.54
29      .05
30      2.20
31      4.81
32      2.84
33      4.11
34      .28
35      1.90
36      1.03
37      1.73
38      3.25
39      4.15
40      4.55
41      4.95
42      1.62
43      .77
44      1.44
45      2.86
46      1.88
47      .89
48      1.47
49      0
50      3.55
51      4.04
52      .93
53      2.39
54      4.29
55      3.46
56      .11
57      3.12
58      2.07
59      3.07
60      2.38
61      2.28
62      .82
63      .18
64      4.15
65      .63
66      2.71
67      4.44
68      3.73
69      4.30
70      3.41
71      .83
72      2.36
