0      3.02
1      1.83
2      1.84
3      4.79
4      1.33
5      3.73
6      4.22
7      .80
8      4.58
9      4.29
10      2.59
11      .42
12      .23
13      3.35
14      4.87
15      3.13
16      .52
17      2.69
18      .18
19      3.50
20      3.13
21      2.72
22      2.29
23      .18
24      1.11
25      3.57
26      .83
27      4.00
28      2.62
29      2.59
30      2.14
31      3.32
32      1.04
33      1.33
34      3.13
35      4.85
36      .08
37      1.45
38      1.66
39      3.56
40      2.43
41      .68
42      4.06
43      3.59
44      3.56
45      3.79
46      4.99
47      4.03
48      3.45
49      3.45
50      .75
51      .42
52      .38
53      2.70
54      .47
55      2.16
56      4.98
57      2.45
58      .77
59      1.05
60      3.69
61      3.81
62      3.91
63      1.32
64      3.71
65      4.61
66      3.77
67      4.61
68      1.68
69      1.04
70      .08
71      2.88
72      4.27
73      2.69
74      2.18
75      1.00
76      2.30
77      1.82
78      4.73
79      3.86
80      3.14
81      3.71
82      2.74
83      4.20
84      2.50
85      1.65
86      1.37
87      4.85
88      .62
89      .25
90      1.72
91      2.78
