0      .12
1      .09
2      .53
3      3.83
4      .51
5      1.72
6      4.82
7      3.10
8      3.88
9      3.33
10      2.88
11      3.44
12      4.78
13      .51
14      2.23
15      .26
16      1.09
17      2.23
18      3.08
19      4.71
20      4.31
21      2.37
22      2.81
23      1.57
24      .93
25      2.81
26      2.26
27      2.08
28      2.58
29      .74
30      1.61
31      .40
32      2.65
33      3.90
34      .79
35      2.39
36      3.23
37      3.70
38      .80
39      2.12
40      .98
41      .90
42      4.83
43      3.46
44      3.69
45      1.88
46      1.19
47      1.25
48      .99
49      4.46
50      1.55
51      4.91
52      1.39
53      2.95
54      .57
55      1.43
56      1.25
57      3.51
58      .48
59      4.25
60      3.63
61      2.72
62      3.07
63      1.70
64      4.71
65      4.16
66      1.95
67      .05
68      2.92
69      3.73
70      2.61
71      .49
72      2.17
73      .33
74      1.10
75      4.57
76      4.72
77      3.72
78      .99
79      4.22
80      .96
81      1.65
82      4.22
83      1.38
84      4.29
85      2.07
86      1.57
87      4.13
88      .15
89      .45
90      3.84
91      4.65
92      1.72
93      2.98
