0      1.43
1      3.36
2      2.64
3      .83
4      3.74
5      2.45
6      2.99
7      2.77
8      3.35
9      3.41
10      .56
11      .11
12      2.87
13      2.34
14      1.85
15      2.31
16      1.24
17      .06
18      2.95
19      .23
20      3.60
21      .96
22      2.62
23      1.44
24      4.86
25      4.38
26      1.06
27      3.12
28      4.73
29      1.67
30      2.85
31      4.10
32      .81
33      .56
34      4.81
35      2.11
36      1.58
37      .14
38      2.29
39      .01
40      3.05
41      3.33
42      .32
43      4.75
44      .12
45      4.96
46      3.62
47      2.41
48      3.44
49      2.17
50      1.72
51      2.70
52      .45
53      .58
54      .97
55      3.38
56      .38
57      4.40
58      4.54
59      3.46
60      2.80
