0      .66
1      1.45
2      4.69
3      1.86
4      1.16
5      3.31
6      .03
7      1.95
8      4.09
9      .56
10      3.37
11      1.22
12      1.48
13      2.61
14      .10
15      3.65
16      1.71
17      2.77
18      2.89
19      4.36
20      2.00
21      4.63
22      2.91
23      2.41
24      1.06
25      1.15
26      .85
27      4.88
28      .80
29      4.20
30      2.65
31      2.77
32      1.13
33      4.86
34      .59
35      1.57
36      1.90
37      4.99
38      2.62
39      2.55
40      4.85
41      4.27
42      4.19
43      3.22
44      .10
45      3.90
46      4.79
47      2.50
48      1.34
49      2.88
50      .70
51      2.46
52      4.26
53      .47
54      4.70
55      .53
56      .70
57      3.28
58      4.87
59      2.60
60      2.99
61      1.15
62      3.14
63      .83
64      3.51
65      2.16
66      3.48
67      1.90
68      .99
69      2.84
70      4.31
71      .46
72      4.72
73      1.56
74      1.93
75      .40
76      2.32
77      3.85
78      .46
79      3.42
