0      .76
1      1.34
2      3.72
3      .76
4      4.73
5      2.93
6      1.13
7      4.95
8      2.00
9      2.58
10      1.32
11      4.47
12      3.84
13      .28
14      1.66
15      4.89
16      .16
17      3.92
18      3.04
19      4.14
20      3.30
21      .20
22      2.42
23      1.31
24      4.20
25      .15
26      .23
27      3.45
28      .25
29      3.50
30      3.47
31      2.65
32      3.23
33      2.89
34      .45
35      1.06
36      1.77
37      4.22
38      .62
39      4.02
