0      .18
1      .92
2      .80
3      .49
4      .74
5      .13
6      2.57
7      3.90
8      4.74
9      2.74
10      1.50
11      1.95
12      .32
13      1.93
14      3.08
15      1.02
16      4.68
17      3.33
18      4.95
19      2.83
20      2.63
21      3.94
22      .91
23      4.25
24      3.39
25      3.77
26      3.88
27      .71
28      .66
29      4.20
30      2.48
31      2.33
32      .18
33      2.55
34      4.43
35      4.24
36      1.61
37      2.41
38      4.30
39      3.41
40      3.70
41      2.63
42      4.60
43      1.86
44      2.49
45      4.09
46      3.70
47      1.07
48      4.12
49      1.43
50      2.46
