1	3.53
2	1.93
3	0.89
4	2.22
5	1.93
6	3.43
7	0.13
8	1.2
9	1.91
10	3.67
11	1.26
12	3.30
13	0.98
14	1.38
15	1.26
16	0.29
17	1.78
18	1.72
19	3.52
20	1.96
21	2.62
22	3.53
23	3.75
24	0.73
25	2.9
26	0.13
27	2.97
28	1.56
29	2.34
30	1.41
31	1.78
32	3.85
33	2.44
34	1.6
35	0.59
36	3.2
37	2.94
38	1.50
39	2.92
40	1.14
41	2.30
42	3.14
43	2.38
44	0.60
45	3.7
46	1.31
47	1.17
48	0.13
49	2.20
50	1.32
51	3.71
52	1.66
53	0.31
54	3.40
55	0.56
56	2.64
57	3.3
58	0.79
59	3.85
60	2.62
61	1.70
62	3.51
63	0.17
64	3.97
65	2.94
66	0.61
67	0.60
68	1.92
69	3.48
70	0.68
71	2.53
72	1.57
73	1.50
74	3.0
75	3.49
76	0.31
77	1.12
78	1.92
79	2.98
80	2.29
81	1.63
82	3.73
83	3.73
84	0.45
85	3.33
86	1.68
87	2.43
88	0.44
89	2.74
90	1.68
91	3.29
92	2.9
93	2.79
94	2.40
95	3.47
96	1.68
97	0.56
