1	1.59
2	2.0
3	0.11
4	2.84
5	1.6
6	1.18
7	0.32
8	3.45
9	1.69
10	0.62
11	2.55
12	3.76
13	0.47
14	0.82
15	2.49
16	2.50
17	0.0
18	3.68
19	1.10
20	3.30
21	0.74
22	3.53
23	3.89
24	2.49
25	0.90
26	0.64
27	1.8
28	3.69
29	1.27
30	1.52
31	0.45
32	3.64
33	3.73
34	3.6
35	3.86
36	2.15
37	1.85
38	2.26
39	2.36
40	3.77
41	0.98
42	0.74
43	0.11
44	1.78
45	3.5
46	3.53
47	0.0
48	1.41
49	0.99
50	2.78
51	1.34
52	0.51
53	3.0
54	2.24
55	0.63
56	3.29
57	3.86
58	0.13
59	1.30
60	0.67
61	3.36
62	1.70
63	3.28
64	2.64
65	0.14
66	2.64
67	3.75
68	2.35
69	1.40
70	0.24
71	0.80
72	2.50
73	0.96
74	1.72
75	0.35
76	0.97
77	3.81
78	1.10
79	0.2
80	3.77
81	2.49
82	2.97
83	1.83
84	2.82
85	2.80
86	3.98
87	1.80
88	2.56
89	1.11
90	1.61
91	2.38
92	1.71
93	1.7
94	1.87
95	3.42
96	2.26
97	0.63
98	0.47
99	2.1
