1	3.4
2	2.68
3	0.51
4	1.10
5	1.58
6	3.89
7	3.46
8	0.63
9	1.43
10	2.71
11	3.51
12	2.58
13	2.80
14	0.75
15	0.76
16	1.14
17	2.82
18	3.88
19	3.12
20	1.61
21	1.24
22	2.79
23	2.80
24	1.55
25	3.16
26	2.99
27	1.9
28	2.18
29	0.38
30	2.78
31	2.34
32	1.80
33	2.29
34	3.3
35	2.43
36	1.38
37	0.45
38	0.93
39	3.50
40	1.72
41	2.23
42	0.98
43	3.55
44	3.18
45	2.98
46	2.34
47	1.91
48	3.88
49	2.57
50	1.96
51	2.97
52	2.66
53	2.44
54	3.23
55	2.42
56	1.58
57	0.92
58	1.92
59	3.67
60	0.11
61	1.11
62	2.25
63	0.40
64	3.79
65	3.14
66	2.87
67	3.40
68	3.81
69	0.4
70	0.82
71	2.54
72	3.69
73	2.46
74	1.48
75	3.97
