1	2.80
2	1.90
3	0.83
4	3.5
5	1.13
6	3.97
7	0.68
8	1.38
9	3.55
10	1.71
11	1.22
12	1.64
13	1.29
14	1.18
15	1.80
16	2.91
17	0.99
18	0.20
19	3.89
20	2.14
21	2.68
22	0.11
23	0.50
24	0.15
25	3.23
26	2.44
27	3.32
28	2.66
29	3.42
30	1.62
31	2.24
32	1.96
33	3.0
34	3.12
35	2.46
36	3.34
37	2.44
38	3.35
39	1.8
40	0.0
41	1.9
42	1.39
43	0.67
44	2.30
45	1.29
46	2.12
47	3.93
48	0.9
49	2.87
50	2.13
51	1.10
52	3.62
53	0.82
54	1.17
55	3.93
56	0.40
57	1.87
58	3.92
59	1.51
60	1.23
61	0.98
62	3.32
63	1.67
64	1.55
65	0.24
