1	2.49
2	2.70
3	3.44
4	0.94
5	1.11
6	3.67
7	0.97
8	0.82
9	0.83
10	2.86
11	0.81
12	1.81
13	1.93
14	0.64
15	3.0
16	2.90
17	1.62
18	3.47
19	0.1
20	0.12
21	0.20
22	1.61
23	0.44
24	0.12
25	3.84
26	0.40
27	1.3
28	2.34
29	1.66
30	1.23
31	2.3
32	3.17
33	1.84
34	0.0
35	2.36
36	3.58
37	2.44
38	3.17
39	2.69
40	3.36
41	3.85
42	3.41
43	0.84
44	3.38
45	0.49
46	0.81
47	1.10
48	2.89
49	3.78
50	2.30
51	3.76
52	1.14
53	2.35
54	0.51
55	2.70
56	3.4
57	0.71
58	2.48
59	1.41
60	3.7
61	0.17
62	2.19
63	1.55
64	1.33
65	2.54
66	0.32
67	2.50
68	1.46
69	3.51
70	2.67
71	1.49
72	3.27
73	3.49
74	1.22
75	1.87
76	1.57
77	3.59
78	0.2
79	3.61
