1	0.50
2	0.95
3	0.93
4	2.25
5	3.67
6	0.44
7	2.66
8	0.10
9	1.40
10	3.68
11	3.63
12	0.22
13	1.9
14	3.93
15	0.43
16	1.26
17	3.58
18	1.60
19	3.9
20	3.16
21	0.53
22	3.87
23	0.12
24	3.29
25	0.17
26	2.5
27	2.62
28	2.78
29	1.48
30	1.69
31	1.4
32	3.95
33	3.82
34	2.90
35	1.0
36	1.38
37	1.47
38	3.50
39	2.20
40	0.25
41	1.84
42	3.77
43	3.24
44	0.16
45	2.27
46	0.62
47	2.75
48	2.29
49	3.58
50	0.76
51	0.33
52	0.89
53	2.51
54	0.91
55	1.15
56	0.67
57	1.36
58	2.6
59	2.40
60	3.13
61	0.86
62	1.84
63	2.71
64	1.14
65	2.26
66	2.59
67	0.32
