1	1.7
2	0.93
3	2.26
4	1.49
5	3.15
6	3.43
7	3.36
8	0.17
9	2.12
10	3.70
11	2.61
12	2.23
13	0.79
14	0.29
15	2.76
16	2.25
17	1.84
18	3.46
19	2.23
20	1.68
21	2.19
22	0.67
23	0.5
24	2.15
25	2.90
26	2.69
27	0.37
28	0.95
29	2.40
30	1.61
31	0.41
32	0.90
33	0.42
34	2.11
35	2.94
36	2.93
37	0.90
38	0.51
39	2.53
40	0.51
41	3.4
42	3.82
43	2.50
44	3.75
45	2.34
46	0.75
47	3.85
48	3.81
49	0.65
50	1.67
51	0.82
52	2.74
53	2.76
54	2.78
55	1.90
56	3.5
57	0.77
58	1.17
59	0.68
60	2.98
61	0.55
62	1.15
63	3.45
64	3.73
65	1.57
66	1.79
