1	2.54
2	1.66
3	1.84
4	1.39
5	3.82
6	0.60
7	3.7
8	3.76
9	0.22
10	1.59
11	3.57
12	0.18
13	3.92
14	2.13
15	0.46
16	1.45
17	2.28
18	1.73
19	2.30
20	3.15
21	3.41
22	3.16
23	2.64
24	3.21
25	3.6
26	1.44
27	1.3
28	2.75
29	1.98
30	0.25
31	2.6
32	1.64
33	1.37
34	1.97
35	1.75
36	2.83
37	1.40
38	0.68
39	3.85
40	2.61
41	1.23
42	0.32
43	3.24
44	3.75
45	1.67
46	3.43
47	1.64
48	0.42
49	1.58
50	1.69
51	2.79
52	2.61
53	2.1
54	2.83
55	2.24
56	1.77
57	0.68
58	0.29
59	3.32
60	3.34
61	0.65
62	2.73
63	2.84
64	1.81
65	3.40
66	3.53
67	2.10
68	1.3
69	0.18
70	2.7
71	1.71
72	0.9
73	2.31
74	1.97
