1	3.11
2	2.90
3	2.13
4	3.34
5	3.68
6	2.87
7	0.11
8	2.50
9	2.17
10	2.66
11	2.56
12	2.77
13	1.85
14	2.6
15	2.85
16	3.22
17	3.47
18	2.35
19	3.63
20	2.45
21	1.72
22	0.54
23	0.59
24	3.48
25	0.17
26	1.38
27	1.63
28	1.23
29	3.55
30	1.77
31	3.83
32	3.26
33	0.91
34	3.60
35	2.25
36	0.24
37	0.29
38	0.19
39	1.26
40	2.63
41	2.77
42	3.75
43	0.73
44	0.19
45	2.46
46	3.52
47	0.98
48	0.3
49	1.98
50	1.81
51	3.20
52	3.95
53	2.90
54	1.64
55	0.23
56	2.59
57	3.87
58	1.73
59	2.97
60	2.50
61	0.4
62	2.49
63	1.67
64	3.17
65	0.24
66	2.78
67	1.96
68	3.83
69	0.99
70	0.27
71	1.23
72	2.39
73	1.33
74	1.11
75	0.64
76	1.58
77	2.3
