1	1.56
2	3.11
3	3.77
4	3.75
5	3.55
6	1.22
7	3.59
8	0.18
9	2.54
10	2.43
11	3.67
12	2.15
13	0.11
14	1.67
15	2.41
16	0.65
17	1.41
18	0.90
19	3.77
20	2.28
21	2.34
22	0.82
23	1.65
24	2.90
25	0.58
26	1.22
27	3.84
28	0.54
29	0.66
30	3.1
31	3.18
32	0.28
33	2.79
34	2.58
35	1.63
36	1.83
37	1.74
38	0.36
39	0.76
40	1.10
41	3.10
42	3.80
43	3.30
44	1.30
45	3.84
46	3.33
47	2.57
48	3.26
49	1.68
50	0.74
51	0.47
52	1.60
53	1.9
54	1.67
55	2.45
56	2.8
57	3.34
58	0.26
59	3.74
60	1.82
61	3.1
62	3.82
63	2.47
64	1.58
65	3.83
66	1.19
67	1.9
68	1.29
69	1.63
70	1.9
71	0.65
72	2.18
73	0.49
74	3.13
