2032	3.92
6556	1.59
3932	0.19
7326	3.78
5734	1.90
3904	3.39
5236	0.40
8039	0.88
2384	2.12
3251	3.80
2155	3.90
2551	4.51
9491	2.45
6589	2.39
3524	0.84
430	0.56
5962	2.55
1486	4.53
8270	3.27
853	1.79
4709	3.09
2372	3.20
9392	4.39
1100	1.67
5375	2.23
7758	0.46
4796	3.72
836	1.04
9869	2.55
1740	2.50
7845	0.82
8138	0.33
6516	1.62
9523	3.52
831	1.40
6393	3.83
3702	0.40
5872	3.62
9324	1.45
3163	0.61
430	2.70
3095	4.25
6015	2.33
9051	3.10
960	3.86
1861	4.96
28	2.20
7271	3.06
3805	3.78
3776	2.86
2165	3.82
4298	1.42
9544	0.16
8739	4.43
9240	2.26
324	3.90
