9039	4.62
6553	0.12
1270	4.85
6188	1.43
6267	3.32
2517	0.12
9540	0.04
1189	4.17
591	4.65
2218	1.03
5716	3.41
9668	4.60
5328	2.80
505	1.90
448	3.93
3646	3.35
1347	2.25
9930	2.17
6041	4.63
5967	1.78
967	2.77
7869	4.74
6902	4.36
7270	3.96
8355	2.72
327	1.74
6954	3.23
7180	3.61
1892	3.53
6399	3.68
9444	2.37
3611	0.19
574	1.25
9247	1.88
5994	2.59
9733	2.52
4506	4.00
1833	2.78
2977	0.34
7634	1.49
1417	3.37
8104	2.86
9869	1.56
9827	2.50
3145	0.71
3860	1.23
2027	0.05
825	0.01
2255	0.58
3059	2.35
4827	3.73
5380	0.92
4998	3.49
1154	0.47
781	1.33
3981	1.61
4472	3.23
4471	2.58
2868	2.12
868	3.84
1101	1.70
9533	4.69
6256	3.72
4623	1.87
5647	0.32
1952	3.42
1872	4.78
4236	0.99
9918	0.73
2074	1.72
6844	4.87
22	3.39
1077	2.64
4122	3.05
1364	4.37
9275	2.36
2358	0.43
3982	0.37
8020	1.25
2586	3.31
