9998	1.55
8081	4.88
9665	4.10
2795	4.12
2629	2.54
5322	4.18
3928	4.77
621	1.19
8317	0.67
1106	2.19
956	1.81
109	2.84
7693	2.01
905	1.31
8687	4.71
6706	1.73
549	0.46
4767	3.83
5719	3.47
7562	4.95
7199	1.36
1972	0.45
5765	2.13
3270	1.47
5412	1.36
2991	1.58
1363	3.43
7759	4.48
2267	1.77
5870	3.75
6115	4.39
6270	2.28
1116	3.72
970	0.50
233	3.73
9972	4.63
9149	2.55
3092	1.85
7017	2.95
1916	4.34
479	2.52
2297	3.28
1527	1.97
2287	0.36
8800	4.92
7432	4.57
5692	0.34
9472	2.27
7389	0.47
2760	4.25
4170	3.27
2421	2.15
8540	4.54
711	4.35
5895	1.65
