5631	3.90
1149	2.16
4212	2.55
8830	1.26
5346	3.30
5810	0.73
3945	4.68
9020	3.74
4012	4.85
7489	1.11
8184	0.05
1129	1.70
9149	1.94
6407	3.43
3803	2.92
3602	4.88
2656	0.70
590	1.75
7814	0.28
4276	2.61
8681	4.19
8219	2.48
8076	3.58
5861	2.01
9458	4.63
5453	3.11
2666	2.37
8122	1.48
3444	3.70
4969	1.79
8361	3.89
1038	4.20
2180	1.30
1268	0.94
7171	2.83
5767	1.71
4360	2.98
6384	2.92
269	4.17
8521	1.14
9106	2.65
9034	3.64
6218	4.06
8521	4.42
4387	1.07
9190	0.67
4898	1.53
2016	1.60
6768	4.08
5852	2.84
4681	0.10
3690	2.17
8742	1.09
6846	3.88
6466	3.61
5402	1.20
5229	4.53
7218	0.06
1723	4.69
1551	0.76
2178	2.70
1164	1.83
