1503	3.56
434	3.91
4053	0.40
8110	0.35
8449	2.67
9971	0.38
868	3.11
7828	1.00
6594	1.44
231	0.35
3360	2.85
4548	4.33
2430	3.94
9837	1.68
3853	1.92
2583	4.17
4340	0.54
2877	3.03
6509	1.36
6514	0.81
7806	1.75
7035	1.04
7202	0.52
508	4.05
8915	3.90
3490	0.46
8035	2.54
3500	3.89
8405	3.32
1886	3.73
7553	3.79
4405	4.63
1631	4.89
2018	2.84
9266	1.59
4267	1.65
1947	2.27
4719	4.72
1067	4.71
4434	2.92
6392	2.42
8633	1.44
5375	0.27
1696	1.69
135	4.01
1206	3.68
1514	2.85
5590	4.19
6831	4.49
1901	1.99
3853	2.19
6164	4.12
4883	1.32
2975	2.60
121	1.22
1680	4.57
1309	0.99
8996	1.85
5712	2.32
898	0.75
8923	2.78
9839	0.05
2293	4.51
51	3.94
1715	2.22
103	2.79
5700	4.51
3415	3.35
1131	3.02
8138	0.35
867	2.26
4487	4.10
3	3.15
4902	1.62
7900	4.10
8570	3.74
437	2.03
9960	1.50
8393	0.65
6709	4.99
534	0.09
35	2.16
5815	1.93
2819	0.04
3443	2.81
8401	1.06
4495	1.35
7259	4.44
2854	3.53
318	3.31
111	0.08
7018	4.17
5006	4.61
2656	4.11
6473	1.91
3100	3.91
