2216	4.60
4259	3.97
1618	2.48
1861	0.31
5539	2.68
3348	2.61
2087	2.49
3609	0.98
7121	3.64
540	0.87
9389	2.33
2157	0.38
5652	0.63
7519	0.60
5755	0.48
1694	3.97
6240	2.97
7150	2.85
113	4.95
6072	3.16
2976	4.68
2992	3.27
8449	1.19
5204	0.42
7764	2.67
6226	2.45
9193	4.99
2115	4.82
3274	3.01
8467	3.50
5554	4.81
4225	1.07
3029	0.59
8076	2.20
9419	1.99
835	0.14
8794	4.70
7829	1.74
6791	1.87
911	0.31
1567	4.37
5254	3.40
7265	1.20
4672	0.98
4599	3.72
5082	4.07
6778	4.22
4449	4.00
9445	1.88
9312	1.65
2504	4.84
