2840	3.03
4064	1.10
9334	1.00
6231	4.64
9658	1.27
8919	1.23
2020	4.08
7305	0.09
1066	4.70
6161	0.24
271	4.15
1071	1.96
233	0.44
5870	2.33
9328	0.30
6041	2.94
1861	3.74
2705	4.27
6814	2.61
1181	0.66
461	2.64
227	0.89
8923	1.93
8922	4.14
3330	4.25
5878	2.26
5625	3.99
1648	3.98
5397	2.97
2007	1.14
7277	1.27
8472	4.26
181	3.34
2544	4.11
489	0.52
6705	3.11
3812	4.38
8849	1.82
738	2.55
7476	3.81
7330	2.14
3942	0.37
6756	3.50
3077	4.39
4629	3.59
7860	2.82
855	2.66
9055	4.21
2444	4.98
6700	3.55
8578	4.71
8839	3.60
9311	3.98
4126	3.05
7076	4.73
4332	2.73
7351	0.45
1556	0.23
4723	1.45
1330	1.15
5083	0.96
4749	4.12
8361	2.49
3485	1.89
6715	0.58
1065	3.88
5292	4.06
4043	3.66
3706	4.96
319	1.49
9491	1.71
3529	3.16
1095	2.03
1368	1.53
9105	4.06
