5917	1.93
3987	2.54
5730	3.86
1669	0.39
6446	3.89
7216	4.32
4463	3.10
6899	3.38
5048	4.98
9534	4.71
1253	0.63
5335	2.70
2314	2.18
9657	1.22
1898	2.81
258	4.13
965	0.31
4460	4.49
6928	2.25
1765	4.44
8536	2.10
6740	3.20
2188	4.78
1555	1.65
1168	1.00
5394	0.21
2633	2.86
7984	4.66
2154	2.99
2069	0.64
8446	2.30
2891	0.67
4657	4.16
7781	2.34
3899	2.07
677	3.69
9528	0.48
4283	0.35
2351	0.17
2584	4.10
6426	3.14
5844	4.33
562	1.09
4411	4.14
1499	4.57
9080	4.77
6013	4.38
896	3.65
7008	2.08
4012	1.45
9744	1.60
3669	3.31
4031	0.57
3651	4.45
1757	3.03
2309	0.03
5539	1.03
6129	1.46
489	3.61
3228	3.33
6707	1.88
5349	4.66
234	2.81
3424	4.40
5751	3.78
4980	0.56
6297	1.64
2046	2.10
8026	2.72
6499	1.98
7983	1.16
838	0.46
4263	3.26
