2656	2.31
1088	3.34
75	2.43
4441	1.13
2772	1.60
8202	1.89
9805	0.67
520	1.51
1354	4.82
9067	1.66
270	0.04
5706	3.16
6346	4.45
2153	4.99
8407	2.80
868	4.16
1930	3.69
7892	2.10
3519	2.46
9436	0.54
391	4.36
1317	1.31
7975	1.10
5688	0.86
6404	3.68
2100	3.83
268	4.05
5686	4.70
4125	4.00
3753	0.69
3689	0.58
6088	4.01
1296	0.17
8766	2.82
4053	4.86
7310	2.66
8481	2.36
9533	0.23
9475	1.07
5484	2.54
9494	1.73
2474	3.79
1158	3.68
1472	0.15
7242	3.96
8646	0.09
5375	4.03
4491	4.17
2843	0.62
1699	3.77
2354	0.61
7654	2.98
669	2.91
1854	1.30
9980	4.00
9382	0.68
9288	4.17
698	0.29
129	4.10
3001	3.08
5848	4.70
2924	3.03
6379	4.88
3595	3.86
9177	0.71
2441	4.77
3227	1.51
3002	0.87
4152	3.58
9706	2.79
6837	0.03
3169	1.05
2492	3.56
9908	2.58
9724	4.27
2140	3.43
9901	1.30
2745	2.89
2883	3.02
2789	1.36
9773	1.94
697	4.48
405	1.54
6172	1.40
6014	3.46
4508	2.52
