3016	3.45
8323	1.91
4803	1.46
1008	0.13
6718	4.68
9478	3.45
2891	4.00
4430	1.46
1049	3.72
1737	3.77
9960	2.36
8206	2.28
301	1.81
7231	2.92
662	3.11
6525	2.39
3208	0.44
6086	0.48
4434	0.44
9593	4.45
8387	2.10
9742	4.23
9072	1.79
4628	2.61
6515	2.88
1339	0.06
5909	3.53
379	2.20
7120	1.47
7350	2.65
5637	4.05
9497	1.73
2309	0.16
4273	4.90
6123	2.51
1773	0.81
7308	0.86
607	4.25
2964	3.05
3960	4.18
8248	4.08
4394	3.04
3973	3.00
5466	3.67
1467	1.27
3725	1.98
4420	2.42
3712	2.76
8579	1.82
7642	4.20
6545	0.00
7413	2.39
8841	0.41
6756	0.10
8818	1.69
2478	2.96
1610	1.52
8945	3.52
2755	0.99
8475	2.84
