1750	1.46
1078	1.87
377	0.13
1762	3.73
2391	2.16
3336	1.67
2581	0.38
4876	4.12
5806	1.99
1597	1.35
9534	1.40
4942	1.36
4356	2.11
2530	3.26
72	0.94
7642	1.92
3517	1.89
9738	0.60
6595	3.13
4098	4.31
7105	3.39
2695	2.62
1309	2.54
2105	1.24
7839	4.42
3453	3.09
5817	4.33
3392	0.72
1625	0.29
7091	2.91
3850	2.26
4236	0.60
3006	3.80
2792	3.29
8883	0.55
3188	3.81
4859	0.28
9660	3.82
2445	1.17
4981	2.32
6616	3.25
1006	0.09
5270	4.44
9534	2.58
4215	4.66
2740	2.05
9302	4.40
8549	3.38
1573	0.23
4821	2.06
3880	2.60
2165	4.75
7716	0.72
8363	0.93
7270	0.76
6253	2.18
1130	3.95
6193	0.34
2160	1.26
2587	1.77
8313	1.48
9263	1.88
4985	4.26
4769	0.61
