9871	4.57
5052	4.56
5200	0.85
1419	2.90
5946	4.99
3901	1.55
2212	4.37
7059	0.14
361	1.76
2018	1.26
6529	2.94
2252	3.47
1895	2.96
490	3.78
4578	3.77
8846	2.94
3996	3.13
5412	3.99
261	2.38
1088	1.90
1609	1.71
281	2.08
831	0.34
60	1.88
8154	1.07
7549	3.59
1627	4.85
6834	2.15
6384	0.75
373	3.25
3130	4.59
3366	2.90
3972	4.18
5276	0.95
128	3.93
2709	0.05
1660	1.14
1914	1.29
140	1.95
5455	4.90
6990	1.08
8293	2.24
5522	1.34
8315	1.58
5321	1.13
1365	1.12
1187	0.85
2134	4.91
9313	1.37
7239	0.77
3329	2.50
2332	2.39
5783	3.12
2161	4.55
412	2.41
4332	3.00
364	2.38
9683	0.52
3688	0.58
2518	0.19
1131	3.30
8136	2.58
7421	4.37
5703	2.22
8430	2.48
2319	4.63
7840	0.76
4230	3.90
5392	4.74
8970	1.46
1492	3.36
4706	0.94
5613	4.68
5908	3.62
4232	2.09
8780	0.96
8073	1.11
5141	2.57
4064	1.68
9965	2.29
675	3.65
1924	2.55
7265	0.05
9282	4.59
141	1.88
7196	4.76
7528	1.56
6065	1.71
9459	1.58
2590	1.34
1250	0.89
8156	0.71
2115	1.47
2299	0.65
7280	1.36
