7699	3.18
2668	0.81
3748	3.02
4098	1.92
654	4.13
1209	0.19
656	1.47
9752	0.93
8307	0.18
4896	2.42
8899	0.17
8565	2.40
8851	0.33
3212	0.18
1631	1.45
8558	3.63
4262	1.60
7205	4.31
7844	3.83
8039	4.58
1530	4.97
4883	1.32
6837	4.69
2224	2.46
7792	0.42
1785	0.35
7240	2.75
9687	3.42
4397	2.72
1881	4.95
4467	3.96
8410	4.07
8853	3.95
1240	1.63
5242	2.91
8850	0.03
2251	4.31
1530	2.23
7361	4.41
2847	0.67
8639	0.81
6791	0.95
139	1.33
8003	0.30
4995	2.91
3358	4.63
5372	2.16
7317	3.53
2382	3.14
7158	3.13
1647	1.71
2196	2.10
7741	0.44
2844	3.74
8573	1.55
3644	3.93
3640	1.76
7236	4.65
7665	2.88
3866	1.32
4127	1.95
5854	4.49
2074	3.72
4310	0.66
8253	0.44
3092	1.32
7442	4.87
5915	2.79
8033	3.87
7603	0.50
6813	0.69
8813	0.14
5621	1.97
7072	0.51
8031	4.57
9639	4.90
3112	3.86
