1373	4.35
8632	4.74
6572	0.89
6041	4.78
859	1.90
248	4.11
3857	0.72
8646	2.33
2292	4.84
2077	0.07
4113	4.47
6747	1.11
464	1.48
1814	4.88
8013	3.19
772	1.18
3377	3.17
7129	1.62
7449	1.31
8723	2.43
5340	3.21
8004	2.69
8912	0.81
9878	2.40
7828	2.59
6652	2.43
9585	0.87
9373	4.59
9992	4.86
1460	3.85
3856	1.05
9198	0.86
46	1.35
2535	2.13
1600	1.51
1271	2.16
3631	4.16
5919	1.73
2060	3.66
4730	3.35
4199	4.55
4954	2.23
2109	3.75
2111	2.50
1766	3.59
4868	1.60
2703	1.85
10000	2.10
4276	0.54
2262	0.61
5758	3.90
3316	1.41
263	2.84
3966	1.13
5616	4.84
3356	4.01
6116	3.61
8358	2.46
5836	2.37
6598	3.00
8696	2.87
5856	3.90
5507	0.58
4798	4.11
4719	1.32
4455	2.01
1183	3.36
1116	3.41
166	1.63
4115	3.76
5489	4.19
1789	4.43
7906	4.69
5431	0.23
934	0.34
2334	4.13
7579	3.67
1459	2.98
4026	1.67
3661	0.39
76	1.41
680	4.03
5163	1.11
1780	0.31
8610	0.24
2593	3.79
9845	0.61
1952	2.45
9132	4.59
520	3.62
912	4.36
9797	1.47
1674	4.49
9295	3.40
690	0.62
902	3.84
426	3.74
