3278	1.68
8047	1.00
9971	2.77
2377	1.80
1250	4.03
1485	0.51
8577	2.05
2345	3.31
5217	3.88
1959	3.28
2751	2.69
6348	3.73
2213	4.96
3204	2.51
3418	0.84
1388	3.98
2528	0.19
879	3.51
4342	4.39
520	4.34
1293	4.03
1911	0.61
5463	3.64
2533	0.70
5417	2.65
4487	1.72
2150	0.24
6168	1.37
6035	1.74
4049	3.71
2698	3.30
1660	0.78
9676	4.32
2668	1.23
3836	4.42
1703	1.73
525	0.22
4774	2.26
3257	2.58
3332	3.81
1141	3.53
7173	1.60
6018	3.07
6849	0.72
1702	0.59
6589	0.53
1901	0.04
2131	4.52
1327	4.96
5383	3.95
3094	3.82
3820	4.24
784	2.12
371	5.00
8906	4.49
2580	4.71
4776	4.54
9241	0.56
4104	2.00
7509	3.51
4748	1.02
5635	4.02
5339	4.53
2802	0.33
8925	4.58
