3035	2.35
5006	4.36
2988	3.47
1669	0.30
8898	2.90
792	1.83
6040	4.10
1683	1.06
5224	3.23
1001	3.31
5805	2.82
2937	0.49
5903	2.18
3039	3.00
1365	0.04
5174	3.48
3893	4.53
1294	2.38
8618	2.96
8468	1.97
5399	2.56
7666	2.72
7531	4.88
2218	3.39
7014	0.77
2158	4.17
2020	3.21
2379	4.32
520	2.40
7179	1.92
3151	2.38
1673	4.02
123	3.89
9394	4.27
3915	2.86
310	3.71
9790	4.79
9168	2.31
2854	3.43
8584	4.53
488	4.50
8490	0.07
9393	2.49
5854	0.32
4514	3.17
8351	2.06
7272	3.28
7722	3.19
1299	1.85
9769	1.47
7201	1.52
9583	4.85
8526	1.30
9661	2.66
1378	0.52
4850	0.12
9678	3.64
2171	1.45
1665	1.24
4663	0.16
2229	4.58
4838	3.10
334	2.15
8899	3.38
4660	4.16
2946	2.85
