577	0.51
577	1.85
4510	2.58
6461	2.56
1040	4.91
7981	4.67
7931	2.79
3041	4.52
9803	2.45
1696	0.56
1881	0.56
9053	1.08
6424	4.62
1213	3.44
1219	2.70
6580	2.00
768	0.84
6659	2.93
2555	3.05
5388	1.23
3610	4.50
2401	2.99
6509	3.03
7594	3.21
1600	4.20
2852	2.12
5143	2.64
3087	3.38
2199	0.84
988	2.34
282	1.46
8577	0.71
4261	1.34
3773	1.78
4139	1.61
7790	2.65
7219	0.98
2924	4.85
1940	0.95
7216	2.43
319	3.99
59	1.11
4965	1.52
5994	0.09
9082	3.20
7758	0.26
9496	4.57
1485	4.34
5447	3.94
1429	4.80
6565	4.27
1431	1.76
1955	2.01
4823	1.71
8369	4.00
513	1.43
7321	1.33
