13065	4.5377
8465	1.3048
27392	3.7170
24538	3.3744
3672	.8050
17112	1.0898
9445	.0952
26104	1.7165
5977	2.4402
32161	4.6044
4246	3.0664
30605	1.8654
2255	2.1375
29235	1.3634
29655	2.1933
16177	.1034
19591	2.3697
27049	1.9432
24641	.9425
26837	.3175
3186	1.2604
8701	3.4218
8045	2.0836
23727	2.0589
27770	4.7535
21297	2.7611
25306	.6453
4283	.9099
1466	1.0231
9877	4.1170
6295	.5887
4690	.7741
27679	2.5138
29407	4.1514
8229	1.3476
25304	3.8703
31281	.6299
19603	2.9200
32062	.4042
30130	1.4233
4746	3.6100
13430	2.8279
13397	3.2976
29242	2.7541
17784	1.0623
25682	3.5929
31918	.4377
7909	4.2648
3113	3.8448
30299	2.1733
3975	4.7067
16307	1.1023
12989	2.4239
16439	2.5482
21758	.8192
26580	.3178
19881	1.5684
16908	1.1220
27315	3.4148
26596	2.9082
20335	1.7151
22494	1.3855
31068	.2153
9287	.3158
29343	.7669
22839	4.7781
21602	.2467
7903	2.1407
28987	4.5724
