8690	3.1791
8653	4.9752
6789	2.2301
20063	4.5231
21462	2.5366
7307	.6581
31930	2.6639
6844	.7296
22459	4.0484
21258	.3222
15363	2.0410
10762	.4303
895	2.3299
17533	4.9633
10182	.6105
25472	3.1646
3335	3.7383
31704	2.3081
13730	3.5547
22348	4.8474
27071	3.0173
32298	4.5164
13918	1.7854
25392	4.5155
5030	1.6676
5193	2.9792
28102	3.5570
32636	2.2333
20493	.3520
12405	.6105
21777	2.5959
3955	1.4185
28275	4.6807
30644	1.6487
23134	.8041
24609	.9910
15916	2.3950
30004	1.4877
15452	3.3484
32006	.4744
17684	3.1057
10377	1.7442
24478	3.1019
486	3.0602
15029	1.9077
29540	4.0133
16066	1.3721
20846	2.5045
17078	2.1274
15562	4.5345
32040	.3070
27641	.2613
18077	2.2930
6613	.4652
5101	4.2106
12135	1.6791
10245	.0251
25312	.2204
27463	1.6855
5730	4.1732
11853	3.3875
31115	2.2435
12422	1.3945
27326	3.6942
4443	.3350
9187	3.9686
4472	.6187
4506	1.5637
7829	3.1534
23687	2.8882
13881	3.4972
24385	3.0651
16390	4.2864
21500	4.0104
30839	1.2594
