25972	4.2220
25050	3.3567
7228	.6779
2651	3.8340
1175	4.8551
7420	1.0379
22045	4.2522
20052	1.0487
6038	1.7693
20457	4.1541
6273	4.2124
23116	2.5734
30884	.3593
32554	4.7099
26110	3.5718
18568	2.1500
32722	.4261
2485	2.9554
26919	2.7788
12008	1.2810
8469	3.0758
16373	4.8980
17325	2.9920
25820	2.2156
17604	2.3064
18572	2.1321
32742	1.7067
29385	.3794
13420	1.7450
31844	3.3016
24657	1.4571
2158	3.7524
3951	4.9552
28369	.3727
31581	2.3143
22922	3.6892
6021	2.3699
20618	4.7924
19736	4.4029
10790	3.1353
21924	3.0384
18316	3.6727
32679	4.6673
22407	1.1529
1830	1.9336
32083	3.5126
11994	4.3879
5135	3.2825
13131	3.4694
14303	3.4542
22800	2.2220
20317	4.9899
5066	3.0256
3370	2.3862
7453	3.5435
657	3.7365
15959	3.7598
32172	.7115
29407	.5790
11893	2.1091
22387	1.9768
5936	4.6607
28114	2.7808
16636	1.6396
