28572	3.3193
5699	1.2649
14549	4.4541
20817	1.5433
22745	2.9181
4432	3.7920
22770	.5191
5525	1.9023
668	2.6149
764	2.3111
4268	2.0502
5381	3.4003
8906	2.9502
2657	1.6295
4990	2.7466
28115	1.9437
16827	4.4631
2823	.1919
10208	4.7410
26793	.5392
20561	3.9274
2182	.5342
6099	1.7012
16991	2.9120
1976	2.7550
26847	1.3663
5692	4.5139
26375	3.5218
10686	2.5283
2851	3.5587
14928	3.3668
3854	4.8707
7976	2.6477
15009	2.9810
21312	2.8939
11389	4.2156
3705	3.9132
6983	1.4064
6341	.4399
27743	2.0258
5231	4.1398
23510	3.3448
4264	.5365
11064	3.3304
9765	.4965
8134	2.0345
10594	4.2347
6428	.1783
20795	4.2558
10758	.5252
17668	.5658
25606	4.1259
28653	.4918
26695	2.6580
13972	3.0938
24892	.6038
1919	1.8761
24101	.7017
9295	1.5854
3022	.3178
11032	2.0632
21521	2.3708
21629	.0019
6327	3.9927
21914	.6340
15109	2.0517
3168	4.0972
9485	.0770
21652	4.6531
27883	.6830
22999	4.1061
21562	4.9636
20029	3.8084
14986	.2171
27835	.0685
16001	.9353
12875	3.7559
12268	2.6686
31367	.6698
21672	2.0703
4666	4.9761
