29038	3.4186
5845	3.1958
3743	.0688
6697	1.8980
7982	3.8564
5365	1.1818
1884	.7266
11777	.0648
24284	3.5905
26705	3.0797
19741	1.5167
24571	1.3420
27355	3.2364
26652	3.5856
17586	4.7018
8122	3.3471
2004	.0224
7705	.8516
8352	.3944
2391	1.3545
19851	1.8150
31526	2.4764
2638	4.8654
10643	3.6654
1352	2.8113
23295	3.1189
7974	4.5254
9385	4.7552
24183	.8157
4138	3.4540
24621	4.4381
26312	.7783
2010	.4777
31232	4.7393
11654	3.2345
15312	1.5352
30044	2.0642
1053	4.5188
10536	4.0888
7023	1.0904
18824	.6276
5348	.6724
2154	2.4370
9951	3.3645
14714	1.9710
12804	1.0823
29740	2.9079
24373	1.1067
11363	3.4426
28989	2.8112
31138	3.8453
18959	2.5148
31617	.2703
5208	1.5787
18957	4.2617
30901	4.6874
1938	4.6609
23765	4.4903
24485	4.5468
27446	.4370
17631	4.9566
