32191	3.2935
11110	1.9624
24121	2.8649
8198	.1152
1545	1.8979
18827	3.3613
29290	3.7084
13482	2.9079
2526	1.0815
30553	1.9031
11273	1.6260
7489	3.9580
11273	2.4298
12596	.8804
30116	.3942
8664	3.6878
30686	2.5173
10614	2.5974
16668	2.1240
7126	1.5773
3260	3.8135
13284	3.5531
16663	3.1531
27828	1.3109
22465	.8934
17174	4.8066
6198	4.7448
6966	1.8054
5521	2.7260
4999	3.3243
15659	4.1061
28680	2.8902
21005	4.4006
3553	2.5501
23580	4.7656
18949	2.7239
11875	1.6391
32503	3.4934
4882	1.7795
15489	2.6528
30970	1.8512
3273	1.7647
5106	.6666
4562	4.6789
10806	3.2831
29183	3.5628
19188	2.8461
31501	.2984
12130	3.6590
31405	3.1240
9339	.3698
15334	.2877
152	1.2941
8105	2.8670
16174	1.2358
958	4.2046
18843	1.8250
709	1.2201
3749	.7551
887	4.3986
1863	.9300
1509	.2626
6226	.2864
25872	2.6618
7147	2.5452
