25236	4.3179
6659	3.8427
16027	.9900
13825	2.2627
6467	.4463
10267	4.9502
5038	3.8215
8078	4.4613
18643	4.2727
12818	2.7744
27938	4.1618
2716	4.4816
7992	.1124
16372	3.2653
13659	2.7393
32060	4.4972
2052	.0814
32544	2.1536
15478	1.3846
539	2.8717
30701	3.9629
7672	2.0325
6490	1.3335
27140	4.1201
27295	2.1529
3692	4.5382
31676	3.2840
11808	4.6081
23672	.9241
28631	1.2535
19028	1.5216
32140	.4049
306	1.6940
31736	1.0841
29173	1.6647
4518	4.8382
14848	.7054
5687	1.6551
11832	1.8631
32574	1.7377
17928	.6169
21582	.2461
28963	.1365
21115	2.9781
11310	3.5914
9305	3.6422
28428	1.0852
2161	4.5925
13700	4.5144
543	4.7921
20725	4.3955
7807	4.6911
10259	2.3830
2821	.9532
6263	4.2100
17223	3.9634
31050	3.0774
