20676	2.7204
12516	3.1626
25238	4.3762
8958	3.9440
31662	3.3213
29283	.5012
537	3.3794
29667	3.6184
20738	.9926
4173	2.2363
17378	3.7542
12508	3.8618
24878	2.8556
5143	.8026
7819	1.1400
22972	2.6126
26451	2.7710
10563	1.1384
8751	1.4091
31456	3.1237
4009	3.2555
8931	1.0473
30949	2.0674
8725	1.3199
16343	1.5219
16201	4.7186
23569	.6067
31893	4.3191
6807	3.4147
20956	4.5471
19704	.9617
20507	3.6741
12536	.1316
8231	3.7778
31761	3.1949
25915	4.9238
6156	.0373
31941	1.0901
6594	1.5919
5614	1.2689
30505	1.4413
14620	2.1254
31357	1.1294
24768	4.5678
26543	1.9188
7457	3.9786
7276	3.5299
30601	3.4977
30644	3.3559
26126	.3775
8875	2.2914
12367	3.3542
17304	2.7549
24057	1.1839
11620	1.1474
