13390	2.2307
4540	1.7259
20528	1.5036
16103	2.6598
18551	2.6294
7565	.2810
9565	4.3276
13037	.8346
8892	1.5071
29295	1.5540
29388	2.4240
13138	2.8760
24870	.4325
13362	2.0801
19247	.9218
32567	2.4028
9704	.7203
10104	4.1630
24402	3.2290
13918	4.7105
22779	2.9847
1524	4.7412
1686	1.0533
4262	1.9835
5353	4.1729
28482	.8458
2884	3.0608
12808	4.3209
14710	1.3695
6936	.7966
26739	1.9077
29229	.5001
28707	3.2064
8686	.2810
8143	.3448
29033	2.5231
10054	.4184
3622	2.1250
2557	4.0231
24847	.0076
21880	1.6899
20259	4.8147
13351	2.1251
6661	.2497
29095	.2427
5596	.6169
17583	.4202
27899	2.2969
4600	3.4633
594	4.3855
10402	.7629
21720	2.1349
529	2.1474
3211	1.3660
12711	.7580
30075	.3633
15079	2.5443
25993	2.6831
25258	.2424
23079	1.9215
32016	2.5884
24901	4.7149
10147	1.4479
5512	.3764
15446	4.2240
24693	1.4743
