14031	1.8872
22029	2.5841
2079	1.5062
18450	.5830
7844	4.2098
20920	2.7784
11401	.5455
22945	1.3188
28431	.0148
27583	.3089
19834	4.8274
12300	.0169
8674	3.3165
6224	.9817
19345	3.0014
19779	3.8999
31232	4.3673
7821	4.7192
20809	3.6986
12954	3.8288
16578	1.3748
3774	4.4250
28485	1.1880
16144	3.9176
17367	.0357
32143	.1261
26871	3.4933
26681	2.5543
8154	.5615
11459	2.5461
17915	4.7109
289	2.9783
22858	.6237
16145	.5111
30217	4.0525
2504	3.2772
22660	1.5765
28018	2.3847
4901	.1016
31346	4.2274
28126	1.5851
18418	1.2915
28898	1.4534
2763	1.2369
14558	4.8799
32506	1.9522
23039	3.9806
6369	1.5683
169	4.0487
5698	4.1465
26597	3.5822
9922	.3373
18730	.3230
20034	1.9360
9690	1.9325
19001	1.3429
21680	3.3385
28183	3.8308
18134	1.3896
21335	3.4629
19513	2.8560
20175	1.4874
15704	3.0169
2263	1.7479
5339	4.2039
28346	.9491
20736	3.5898
2591	1.6795
10876	.5693
23597	4.8930
12864	1.5053
17468	.7261
24772	1.9071
9669	.1609
24140	4.7419
30055	4.4880
1608	2.4529
2363	1.8486
23715	1.1372
28263	4.9685
31663	2.6543
22111	1.2823
21116	3.2439
7609	2.9676
9042	1.0299
10238	4.3922
17647	1.6067
19914	.8882
20885	1.3563
19902	.7882
18034	4.4883
1322	4.4935
15275	2.8182
