14107	2.3545
20857	4.4289
32469	3.9779
4274	.1252
14673	3.8024
2698	2.5264
1626	1.6708
8972	4.6195
29007	2.3532
1937	.6024
23001	1.3476
22359	3.5386
9962	1.2140
31675	4.7047
24467	4.4442
27671	3.7899
28195	2.1747
26996	1.5279
22995	3.8479
13747	.0692
6558	1.5457
3533	.2925
16603	1.2977
6002	3.8102
25417	.7065
30256	3.6385
42	4.4903
24508	.7840
23981	.9802
3006	3.9652
26908	3.8785
23933	1.0582
21718	.7911
25156	4.5908
32463	2.1517
18668	2.7077
11731	.0598
3504	.3341
9580	.4116
27120	4.4276
3900	3.0225
13281	3.3982
525	3.2981
19433	1.5831
24596	3.6370
30932	4.7019
15629	.2998
22798	2.1906
24910	1.7662
21334	1.2076
21407	4.8265
30802	4.2654
26046	4.3237
13313	3.3739
