20235	4.3096
5567	1.1107
12353	1.8050
15438	1.3267
22579	3.2058
3371	1.0428
1376	4.0575
4185	2.8211
17959	.5226
18882	4.1309
7375	.7823
32614	3.5529
5376	3.2544
24025	2.5582
22771	2.6673
15609	1.2114
11446	.9646
30664	2.3277
5594	1.5065
20891	2.3281
6059	.4060
31768	3.9371
15424	2.6281
4957	1.0812
16632	3.0147
5074	2.4321
26283	2.6293
1212	2.8217
2359	2.0839
9339	4.3874
1872	.6031
14896	.3831
25178	1.8408
16040	.8798
17832	1.2144
22501	.0376
26180	3.9332
9529	2.5234
28188	.9704
19955	4.4140
32516	2.9482
10581	1.8231
23514	3.1821
3293	1.6763
18162	2.3763
169	.0428
30236	.1998
28460	3.7166
26177	2.9190
22324	.4570
21862	4.6932
18380	2.9245
30615	3.3314
4078	2.0091
3910	1.3263
30273	1.7848
23047	4.0003
21847	2.8464
3788	4.8970
6387	1.8877
6651	4.0882
27123	.8720
32511	3.7107
25034	3.8303
15227	1.2993
19868	2.7518
455	.5139
25079	3.4017
30552	3.6449
30330	3.0553
26106	2.9682
17431	4.3653
26360	.4463
26351	3.9654
31464	2.6935
17697	1.8848
8166	2.0407
27537	2.7608
9163	4.1752
