7154	1.8181
24191	3.6730
2535	3.7600
22379	2.8881
28202	.7522
12120	2.9290
25020	1.6795
12063	2.9712
20069	3.3124
561	.0048
2213	2.4159
15964	4.3749
18142	1.2785
9633	1.7912
6600	.3454
18144	4.8628
17616	2.0796
22528	2.4182
32605	2.3390
16456	1.8355
30615	1.6714
27154	1.6545
30762	4.7602
7100	4.4944
23163	.3421
18830	3.3788
2631	2.6740
15984	3.3675
26185	1.9254
20421	3.5636
19499	.5467
22594	.4403
30523	1.2401
27675	2.7014
26864	.8070
7533	1.1995
25670	4.7738
22630	2.0331
6796	.4747
2387	.1058
14931	3.7876
23498	.7423
12647	3.4063
27286	.3160
14120	2.6810
25260	4.8748
30121	.2316
30338	1.0750
3164	.7301
13061	4.4386
31554	1.9985
28842	2.6696
29910	1.5001
19622	1.6530
20829	4.4770
31884	4.3978
3713	2.4423
3028	1.2216
25226	1.8555
6775	.2209
9540	2.6364
25815	3.8561
4589	3.4276
2241	3.8462
3651	4.6378
6421	4.4296
30665	2.8905
21262	1.7091
5724	.5891
16991	4.8651
11424	.3126
5586	.3952
26590	1.9809
17774	2.4848
26938	3.0285
10815	1.2962
16952	.7426
9138	.2110
9743	1.7835
20818	.0198
10391	.2063
5696	2.3662
25291	1.0371
8009	.3297
5774	4.4534
5902	2.0584
28404	4.8577
8508	.2510
7131	2.4517
28100	3.4374
7065	2.7552
7489	2.6194
