22380	1.0284
11838	1.7882
6046	.2471
1900	.1818
30272	4.1755
2255	4.3922
24297	3.9854
9058	3.3019
2255	3.9494
24518	.8493
30313	1.8694
29878	4.8353
719	4.9932
7732	.5693
3033	4.3890
21905	4.6539
25398	2.9015
152	3.0219
7968	2.8531
3961	3.9461
25572	2.5455
6463	.8188
32479	1.8517
31826	.0634
28121	4.9151
28320	3.9466
20397	2.7938
4237	1.1432
20183	.2377
10825	1.3431
16415	.6888
16114	3.3756
7454	2.2902
19305	4.3067
24845	.1597
22451	4.4734
18845	3.5946
5953	4.6827
16837	.1985
3025	.3904
23618	3.0401
8953	3.8477
3331	4.7906
22791	.8731
28429	3.7859
22983	3.4090
7674	.2613
4059	.8709
11599	.6814
22144	1.5892
1551	3.9727
24005	2.5183
18849	3.7617
31437	4.4068
17471	2.1079
10080	4.7109
11349	3.5100
5065	4.7930
12028	1.8239
19590	4.2097
29977	.9422
26351	1.0180
3845	1.4859
10478	.9268
21837	3.2285
15347	1.5598
29321	4.1267
7281	1.4336
26081	3.1316
16878	.0370
4259	4.4250
28580	.3840
5228	2.4994
19293	3.8528
21891	1.4258
3552	1.0156
32178	1.8941
17575	4.9728
27119	4.2016
19429	4.0929
14260	4.9620
7414	4.4177
4299	.4628
4487	3.8598
16628	2.0572
4518	3.8384
13418	.5710
14935	1.4287
19484	1.7166
21091	4.9954
25279	3.4504
9971	1.0049
15369	4.4602
30703	4.0925
7530	2.1558
18579	.6537
22707	4.8519
24950	.6300
9614	3.4684
