8724	4.4750
3179	2.8365
868	3.2485
30760	1.2907
15323	3.0025
16826	2.8269
24983	.8206
3537	.7722
20930	3.1458
17983	2.6281
4495	4.0453
5429	1.3927
4562	1.9319
9873	.5082
10782	.6663
26498	4.9488
20454	2.5040
12546	1.5713
9689	1.7737
29053	1.0844
27123	1.7947
9167	4.2886
12552	4.7360
22724	1.2743
20405	3.0858
20039	4.3852
28134	1.1877
22311	.4985
5483	3.1023
29548	1.1734
22668	2.0300
11642	2.4327
26135	4.5286
14542	.3445
31503	.8581
26342	2.2763
24031	.9985
198	2.6316
6344	.0199
14846	1.5164
31076	.5746
15987	3.6803
11893	1.6475
15629	2.8742
25094	4.4886
12810	.0128
22963	.3363
5897	4.3890
818	2.5002
1548	.3559
11359	.3010
18794	2.1657
31882	3.2721
2705	3.1394
1297	.9341
17252	2.9018
4908	1.0403
23426	3.9638
32346	1.7497
5764	4.2776
28499	2.3216
1887	1.4073
13199	2.1791
5839	4.9922
14254	2.1242
23421	1.1320
7644	4.5547
7781	4.5431
17571	1.4770
24673	3.6260
21643	3.2886
14655	1.9264
30802	4.5661
30951	2.7906
18532	3.6230
23513	.6674
13999	1.6275
24673	2.1933
17894	.4005
20573	2.9726
16430	.0436
13006	4.7656
