1	1.83
2	0.88
3	1.02
4	0.47
5	1.34
6	2.98
7	0.53
8	0.63
9	4.65
10	3.67
11	3.45
12	1.72
13	2.32
14	3.24
15	0.73
16	0.44
17	0.66
18	3.07
19	0.24
20	1.50
21	2.77
22	0.55
23	4.63
24	2.83
25	3.82
26	0.13
27	3.68
28	1.60
29	2.10
30	1.80
31	0.14
32	1.37
33	2.26
34	0.57
35	3.02
36	0.18
37	4.56
38	2.47
39	3.39
40	4.96
41	4.07
42	3.44
43	1.75
44	1.47
45	0.13
46	0.30
47	4.78
48	0.72
49	2.48
50	3.34
51	0.48
52	3.33
53	1.68
54	2.50
55	2.25
56	1.71
57	3.77
58	1.30
59	2.64
60	1.92
61	4.44
62	3.45
63	4.42
64	2.69
65	3.30
66	2.31
67	4.43
68	0.63
69	1.95
70	2.93
71	2.70
72	1.79
73	4.52
74	0.45
75	3.76
76	3.53
77	0.68
78	4.29
79	4.93
80	4.56
81	1.64
82	1.48
