1	2.13
2	3.28
3	2.54
4	4.41
5	0.59
6	2.89
7	0.55
8	3.22
9	4.75
10	0.93
11	4.03
12	0.56
13	2.10
14	0.94
15	3.61
16	1.33
17	4.85
18	2.15
19	4.85
20	3.72
21	3.68
22	0.24
23	0.24
24	2.54
25	4.83
26	2.16
27	4.47
28	2.53
29	1.76
30	4.07
31	1.38
32	4.46
33	1.35
34	2.14
35	0.61
36	1.36
37	1.81
38	0.37
39	0.23
40	0.09
41	1.11
42	0.43
43	2.18
44	2.77
45	3.23
46	2.69
47	3.28
48	3.51
49	0.51
50	0.75
51	0.99
52	2.38
53	4.42
54	1.95
55	3.35
56	4.72
57	2.49
58	1.58
59	1.82
60	1.31
61	2.16
62	2.40
63	0.74
64	4.06
65	4.30
66	2.86
67	0.41
68	0.21
69	1.83
70	4.06
71	4.65
72	2.99
73	3.99
74	0.22
75	3.15
76	2.29
77	4.81
78	3.54
79	2.86
80	0.78
81	2.55
