1	0.45
2	0.50
3	2.82
4	1.23
5	0.03
6	3.13
7	2.28
8	2.31
9	1.93
10	1.99
11	3.41
12	4.17
13	2.69
14	0.40
15	1.18
16	4.97
17	3.42
18	1.11
19	4.47
20	3.32
21	4.56
22	3.43
23	0.24
24	2.55
25	0.28
26	4.50
27	1.71
28	3.30
29	3.32
30	4.49
31	4.77
32	3.68
33	2.58
34	4.07
35	3.66
36	1.32
37	0.25
38	4.10
39	4.39
40	4.42
41	4.42
42	2.18
43	3.97
44	3.15
45	0.53
46	2.08
47	1.63
48	1.60
49	0.51
50	2.06
51	0.07
52	3.90
53	2.75
54	4.35
55	1.20
56	3.88
57	0.44
58	1.45
59	4.96
60	1.18
61	4.25
62	2.63
63	4.93
64	1.56
65	1.48
66	1.04
67	1.40
68	3.45
69	1.52
70	3.68
71	4.08
72	2.25
73	3.11
74	0.04
75	1.81
76	4.94
77	2.31
78	1.48
79	2.97
80	3.35
81	1.50
82	2.36
83	0.84
84	1.47
85	4.95
