1	1.02
2	2.67
3	0.93
4	3.76
5	3.31
6	0.24
7	3.87
8	2.12
9	2.68
10	0.67
11	2.33
12	0.16
13	1.11
14	1.80
15	2.34
16	3.59
17	0.30
18	2.88
19	1.47
20	4.38
21	3.71
22	2.09
23	1.86
24	3.53
25	4.51
26	0.17
27	2.91
28	4.58
29	2.06
30	2.59
31	0.19
32	4.58
33	0.86
34	4.91
35	3.24
36	1.85
37	0.47
38	3.32
39	1.67
40	1.88
41	1.97
42	4.06
43	3.96
44	3.36
45	3.12
46	3.68
47	2.44
48	4.11
49	3.18
50	2.50
51	3.20
52	0.64
53	1.95
54	4.02
55	0.47
56	1.01
57	4.57
58	3.95
59	0.02
60	1.71
61	2.99
62	4.71
63	2.88
64	1.27
65	1.39
66	3.53
