1	3.39
2	1.04
3	1.71
4	3.17
5	4.70
6	0.06
7	4.56
8	2.16
9	2.46
10	0.66
11	0.88
12	1.97
13	0.45
14	4.57
15	0.31
16	1.41
17	1.70
18	1.71
19	3.55
20	4.59
21	3.83
22	4.91
23	2.90
24	2.08
25	0.90
26	1.66
27	3.12
28	1.83
29	2.66
30	3.35
31	0.99
32	1.69
33	1.16
34	1.18
35	1.43
36	4.45
37	0.97
38	3.23
39	2.79
40	0.38
41	1.06
42	1.88
43	3.39
44	0.98
45	0.16
46	3.95
47	0.49
48	4.22
49	0.67
50	3.39
51	3.28
52	1.34
53	1.62
54	1.88
55	0.36
56	2.18
57	0.96
58	3.28
59	3.94
60	3.17
61	2.27
62	4.10
63	4.88
64	3.62
65	4.37
66	1.60
67	1.13
68	2.27
69	2.54
70	0.99
71	3.19
72	4.23
73	0.37
74	3.74
75	3.67
76	2.51
77	0.10
78	4.71
79	2.69
80	0.88
81	2.27
82	0.52
83	2.67
84	3.81
85	4.74
86	4.62
87	3.21
88	4.71
89	1.12
90	4.71
91	4.57
