1	3.93
2	0.09
3	1.91
4	3.90
5	1.26
6	2.71
7	4.45
8	3.94
9	4.55
10	1.35
11	0.81
12	1.48
13	2.46
14	3.52
15	4.34
16	1.11
17	4.26
18	2.82
19	0.68
20	4.76
21	1.25
22	4.55
23	2.15
24	1.97
25	0.89
26	3.99
27	3.45
28	4.36
29	4.98
30	3.88
31	4.71
32	2.24
33	0.27
34	4.75
35	0.75
36	2.14
37	0.56
38	1.76
39	3.17
40	3.20
41	4.42
42	3.21
43	0.37
44	2.86
45	3.17
46	4.55
47	4.14
48	2.20
49	1.30
50	3.70
51	1.82
52	4.46
53	3.18
54	1.87
55	0.17
56	0.81
57	4.99
58	2.33
59	1.42
60	1.49
61	3.05
62	3.80
63	3.22
64	0.76
65	2.18
66	0.15
67	3.74
68	2.76
69	3.98
70	2.31
71	4.52
72	0.02
73	3.71
74	2.96
75	2.96
76	2.40
77	0.76
78	3.31
79	3.16
80	4.91
81	1.72
82	0.03
83	2.19
84	2.61
85	4.13
86	3.04
87	1.91
88	0.19
89	3.27
90	3.03
91	2.62
92	3.27
93	3.35
94	3.94
95	3.61
