1	3.66
2	4.18
3	0.11
4	2.12
5	0.02
6	1.22
7	0.31
8	4.63
9	4.40
10	1.13
11	4.36
12	2.69
13	2.75
14	3.91
15	0.45
16	4.92
17	3.81
18	1.47
19	0.16
20	0.29
21	2.04
22	1.85
23	4.60
24	2.55
25	3.39
26	0.19
27	0.92
28	1.39
29	0.85
30	2.06
31	4.51
32	0.57
33	4.07
34	1.24
35	2.46
36	1.12
37	3.95
38	2.16
39	2.59
40	3.88
41	4.98
42	1.68
43	0.33
44	0.84
45	2.07
46	3.82
47	0.17
48	4.15
49	4.68
50	3.22
51	2.28
52	1.25
53	1.48
54	4.24
55	4.00
56	3.39
57	1.99
58	4.38
59	1.86
60	2.71
61	0.25
62	1.45
63	3.52
64	4.64
65	0.85
66	3.51
67	1.82
68	3.23
69	3.14
70	2.15
71	2.88
72	4.18
73	2.41
74	1.52
75	0.20
76	1.32
77	2.15
78	4.02
79	3.80
80	3.42
81	2.91
82	3.72
83	2.17
84	4.95
85	3.85
86	3.83
87	2.80
88	1.03
89	4.62
90	2.41
91	2.26
92	1.04
