20014	4.5136
20305	3.6426
20371	3.7539
30617	3.4589
29608	1.3252
15405	3.8703
26451	3.0639
5722	2.1919
11789	4.9775
5043	2.0542
21052	1.9988
8404	3.2831
2200	4.7871
23473	4.3122
955	4.5962
20066	3.1226
26541	.9469
26403	4.2652
27339	2.8000
30955	3.9985
24894	4.1412
32576	4.7976
5155	4.8541
20011	1.4467
16546	.4956
30491	.6613
22766	1.5874
16863	.4873
23525	4.9353
26182	3.7282
14875	1.0884
2802	1.4725
28863	1.0400
24613	3.6907
23092	3.5859
21827	2.5263
19930	1.2414
26937	.0645
23646	2.9447
16600	3.2262
325	.9135
30106	3.7495
8020	1.3086
32507	3.8276
27239	3.9455
15433	3.9046
12557	2.5858
9211	3.2061
31510	1.4906
13082	1.2556
11525	3.9170
16797	.1799
21073	3.8174
8624	1.2111
24023	.6407
4127	2.4935
10150	4.0226
24106	1.9203
19546	1.4401
28714	4.0784
10167	2.2127
867	2.5115
31737	3.8090
18806	1.2199
6543	3.0851
6701	3.7313
13498	1.6379
28334	.1762
14015	2.6691
24194	4.0607
30114	2.4452
11107	1.6684
15948	4.4372
13077	1.5462
18781	3.2158
14447	.7263
20290	3.1847
15032	1.4653
18921	1.4299
11789	2.9506
11205	4.6137
15349	4.2158
2271	.0485
15257	.1788
28466	1.8724
24523	4.7051
