20192	1.4404
4903	2.7573
7738	3.4363
22178	1.5948
19029	.3291
946	3.1394
11621	.2209
774	3.5937
20670	.6421
1689	.2366
30867	.3749
20757	.4257
31885	4.7940
17693	3.0130
11429	4.9490
18729	3.2183
22416	.7919
31655	.8651
15467	.4168
19304	1.1055
21725	.8119
7792	1.6364
7878	4.7721
575	3.4369
18178	.5327
30365	2.6357
2584	3.4751
19524	4.1196
21552	.1269
27379	2.7596
5841	2.9929
6312	3.1783
31695	4.1071
3122	4.8309
31005	.7312
102	2.3560
21597	2.7962
23609	2.2379
19281	3.3951
28507	2.4570
687	2.7579
23500	.4939
25579	1.3116
11981	1.7758
14319	3.2262
25977	2.2287
6411	1.2123
25402	4.9819
19806	.9018
11774	.7783
16426	2.9047
20441	.1327
25146	2.8580
9738	1.9533
10849	4.7642
31507	3.3577
28012	4.7025
32767	.4928
29962	1.3246
6966	2.2971
9969	2.7425
16937	2.5577
26602	.1118
30644	4.3742
5764	.7437
21212	.2862
13479	2.4541
28756	2.1320
20798	4.7462
27983	.3468
32423	3.2276
15090	.2485
9717	.0999
10776	3.8352
14888	2.2299
14712	4.8936
7570	1.9634
1956	4.8471
18941	3.3050
14850	3.1736
9390	3.9973
