25022	3.0103
6264	4.1294
4138	2.3407
15493	2.5141
23443	4.7569
9499	4.1933
9885	.8378
16575	4.1161
20154	2.4500
11919	4.4975
27608	4.7691
25099	.9123
26893	1.6789
26805	2.5492
17611	2.7483
27991	4.6790
6917	.5410
9368	1.4500
8131	3.4420
18496	3.9957
6880	.5137
10252	.7655
26789	.5278
13336	1.3109
9728	.9869
19652	2.8191
24961	3.2674
28589	1.1410
30733	2.8458
23666	4.8203
32319	1.3318
955	.0189
31236	3.6255
20632	1.0345
26999	2.6213
2886	.2716
16291	4.3858
3424	2.6816
18271	2.3465
25037	3.0196
24170	1.0417
2320	.9224
9956	2.6543
27834	.4699
16671	1.6306
24767	1.5890
14097	1.9415
22896	.1957
22798	3.2030
21069	1.1084
24286	2.5052
23199	1.8774
6410	3.9983
2383	4.4026
8962	4.4636
