9985	3.3486
20157	1.7593
23713	4.0659
27807	1.6513
24469	2.6142
28430	3.3181
14850	3.6162
29021	.7049
10707	2.2797
24389	3.7365
27177	1.8352
15916	4.5750
29014	4.2558
32728	1.7323
27899	4.4033
2210	.9439
29514	.0738
80	3.8543
16931	1.3243
13061	4.5204
5766	3.7022
14585	.1467
2791	2.7483
20080	2.7678
20008	2.7494
19614	2.0400
19286	4.5179
31730	.8326
29737	4.6998
14944	2.6615
5005	1.3379
14263	2.1890
3656	.4898
8814	2.0810
29589	3.1076
24174	3.8198
14342	4.0269
15987	1.1435
1094	.5198
10363	1.4386
11627	1.8515
30906	2.8949
3924	.7792
22246	2.0511
5872	.8323
10011	3.6703
30810	1.4131
5653	2.5470
30689	.5743
23248	3.2045
5552	2.1874
1641	.7794
25131	3.9713
10502	1.9420
23891	.4814
11333	.9393
26930	3.1981
2754	4.7286
20031	.6649
3912	1.7204
17253	4.7563
8902	1.8805
30045	2.6606
13184	.5137
19171	4.0891
12075	1.0069
18360	4.8768
6049	4.1607
23300	1.7540
6682	4.2934
8826	4.4898
11918	2.2766
11070	4.7322
19839	2.2896
30451	1.6087
27280	1.9046
24126	3.2195
8997	2.1149
32078	.7621
27173	2.6888
30965	3.2335
26321	3.4070
20575	4.7445
12579	2.2379
19592	.3643
20651	2.0868
11831	1.2685
18439	3.4151
31011	.4336
11212	1.5124
2378	1.1850
30499	.0152
17673	4.8387
7108	2.8557
