32354	2.5455
29901	4.3327
29615	.7544
28854	3.5883
23389	.9402
24571	2.6244
24290	4.5458
26387	3.8593
9748	2.6592
30151	.7135
31454	.2768
14874	.2194
809	.5259
31481	.4000
10959	3.8711
14657	4.0169
27760	1.0554
25550	1.5918
5715	4.2574
17682	1.7058
10596	2.4436
27505	2.5319
27254	2.4187
4105	2.1208
18053	3.4919
31831	2.5014
22493	1.8750
10893	1.9672
16246	3.4450
26894	.0140
12333	4.8304
23144	3.3782
8163	4.1904
7498	.3167
31659	4.3568
7681	1.6048
26918	3.1192
25448	3.7894
22186	3.6454
22220	4.6841
6953	2.7570
16373	2.9633
10795	.0450
6726	4.6433
30554	3.4157
26513	3.8491
28233	.3178
