25687	4.4065
3620	.9074
5364	3.0703
23745	.8275
10497	3.4200
11729	2.6859
11212	.2797
2536	1.7281
27970	2.7127
3977	.0218
1792	1.9866
13734	2.4005
20591	2.1703
15886	2.9224
16242	.1713
31478	4.3307
25895	1.0371
32420	3.5775
28582	2.7628
14402	.1998
30682	2.1138
4603	1.8396
1449	.3410
13102	1.6161
7094	2.4968
24227	3.6521
17139	.1605
31650	.2490
18872	4.1982
32062	4.6276
2867	1.1181
24084	4.3099
7657	4.3554
25972	3.1189
8975	.1083
23613	2.6338
21086	3.0155
15862	2.7306
591	1.9164
6970	.6601
5906	.5095
13594	1.8805
26330	2.1503
1870	1.2483
10759	1.1993
22657	1.2332
11469	1.6750
1255	.9231
25766	.7702
2033	3.7784
27001	1.2422
12238	.2975
8634	3.3043
23679	3.4385
8364	.5499
14914	1.0872
19476	1.4082
22236	2.0122
1472	2.7390
16093	.0935
15400	4.7528
4490	4.1967
12293	1.9988
14653	3.7916
26843	4.5274
5961	1.9399
22967	.8493
9267	2.6235
17882	.9755
8493	.8571
14503	1.7114
32256	.8883
17992	.4667
19970	.9733
3084	.6685
2767	2.7791
14137	3.8969
11704	3.0883
6017	.4187
22066	.3692
11014	4.0835
14549	3.8227
25200	2.5424
26426	4.4470
6089	4.2187
15869	1.6547
22723	.5601
8253	.5180
2060	3.9358
19894	1.8730
626	4.9913
3541	2.2499
16879	2.3934
16302	.4094
29056	3.2297
12631	3.8258
26180	2.9337
13681	1.5085
