22458	4.7271
30346	.4130
30382	2.1832
16744	1.8575
18592	3.9759
15473	.7519
23405	4.1781
29908	1.1935
4199	.0639
4387	3.6700
18038	4.6578
580	2.4405
16889	.0663
26229	3.2909
6846	2.3599
12938	1.1384
9377	2.9103
19009	4.2924
1494	.2917
10219	2.8279
24491	.5563
26578	2.0346
16587	1.1272
31535	2.7884
300	1.1116
3779	4.2406
24160	1.9998
5663	.1858
28782	2.2862
20153	3.5053
1246	1.1145
16478	3.5613
32233	4.8628
23577	4.0864
3641	3.5866
29295	.6921
31175	4.1187
7187	1.9376
10750	.6726
6527	3.0886
31949	4.1398
4568	3.5494
6459	4.1702
32618	3.7676
14439	4.0026
7675	4.5805
23090	2.2716
12407	.6062
28833	3.7739
3200	3.2914
25918	3.4708
28821	2.0329
32742	2.7880
1547	3.8048
28050	2.2025
3345	4.1990
22716	3.6033
22865	.1066
1418	.6675
13351	.2616
1040	4.4610
18992	4.8655
9900	4.3818
30334	2.1539
19449	2.9911
1859	4.3871
19789	4.3540
4542	3.8610
23095	3.7220
1014	2.6277
12407	2.0931
31567	3.8976
898	.1893
1064	.2520
5658	4.3099
7616	1.4459
23404	4.8660
8439	1.0419
14491	.9910
20786	.7486
21452	.7696
13383	4.8841
11375	1.5236
15086	2.3940
