7769	.8061
2450	.9059
25806	.6286
17184	3.7917
9513	2.0171
16076	.0788
22042	3.3826
20950	4.9099
29527	4.1251
23633	1.4986
30983	3.0608
22937	1.5947
22366	2.2052
30484	2.8717
31080	4.9885
14021	2.5144
23392	4.7770
9757	3.3874
26580	4.6774
14690	4.9156
31299	4.1541
24754	2.5957
19124	4.8724
4138	1.4964
19786	3.8108
30182	.5365
20781	3.5392
727	4.1376
3110	2.8785
14082	4.7436
32267	.4915
12964	1.0972
17904	1.6113
14718	4.6467
13428	3.2174
19868	4.8915
28706	3.3783
569	2.2827
11160	3.1682
16016	4.8167
31046	3.3529
3048	.3721
14998	1.0600
29172	.0148
31364	1.3383
8048	1.6562
8083	2.3232
4245	1.9354
13060	.0811
25543	4.2886
13056	1.3670
29412	2.7065
22622	.3563
9378	3.7603
7242	.4202
17810	1.9219
2493	1.2909
4851	2.1675
19248	2.7488
28017	.0798
13073	2.7278
18414	2.3126
613	4.4859
26341	2.7639
