5360	4.2023
21211	3.9298
25277	2.6821
1956	4.0925
22028	2.6352
26235	4.1302
12864	.4139
8423	1.4894
23211	3.6547
16100	2.1074
10816	3.3730
8475	4.0913
11467	1.0110
30589	3.4774
31790	2.4100
7709	3.5125
15940	1.1986
2396	1.0481
8015	3.3739
13091	1.4851
29053	.1008
5347	.5865
28109	.9932
28560	3.2871
32095	1.6786
16179	.7107
32221	3.3466
4712	.2954
4325	4.7717
29640	.1590
6794	2.7086
707	1.2938
4632	1.3884
5566	4.6035
8966	.7051
7356	3.0828
17197	2.2360
30888	.7226
163	3.2134
8012	1.4363
32104	2.9010
28822	2.8067
10252	1.3132
1792	4.5757
20728	1.8788
1029	.0434
7341	2.0073
16147	1.8785
