17329	.3386
20959	.5511
2936	2.5997
3758	1.7455
26275	.4274
2542	1.8018
1726	2.7840
16635	4.1142
9378	4.4254
8096	.6750
18493	3.1736
7924	2.3661
14844	2.2551
23013	3.2078
32411	.8569
1885	.8975
5946	1.0800
2482	1.1928
10853	1.6370
27406	3.1794
726	2.2989
21327	3.1994
7822	3.7170
14744	.1742
16530	2.6976
13070	1.7958
4681	4.8196
6303	.3283
5899	3.1528
31345	.1553
13495	1.1091
6544	4.2480
27612	2.6993
20829	1.9870
17714	4.8039
4963	2.1631
24927	.2500
9287	3.3411
15267	1.3628
311	2.8807
20797	1.7824
2600	3.4955
21933	.6443
1366	2.7773
25943	2.8691
28617	1.5370
13147	2.6998
10388	.1068
16038	2.7672
3427	4.7238
32640	.4141
26350	4.4425
8606	3.3301
11174	4.8605
17052	4.9435
6709	1.5802
14757	4.5214
4174	4.9446
4833	3.2879
1870	4.8129
17305	.9173
30488	.5836
21780	2.2118
5427	.2186
19809	2.8450
18263	2.5789
17818	.0372
1234	.7878
30987	4.1732
29144	2.9261
12412	2.5922
17013	1.2552
10580	2.0543
2050	2.2063
17899	4.8760
955	1.1505
7068	4.0997
20245	2.8417
9595	4.8448
15126	.1889
10279	1.9383
22343	3.1911
4973	.5499
26656	1.5445
8627	1.1062
2044	1.4120
21709	3.7469
31393	3.5580
3299	3.3907
3178	4.4666
