10372	4.3673
2308	1.1154
4705	4.7346
15837	1.6182
7391	2.3505
11706	4.3325
11342	1.4563
20931	3.6776
5658	.7918
1355	1.5823
11491	4.5016
29792	.2653
31388	4.4532
21463	3.8134
32280	2.4399
28218	4.2078
17824	.1358
3865	1.9165
14968	.0285
9060	.3794
14387	1.8623
16899	1.5181
1982	.4713
27380	.8746
30833	4.4129
836	1.0467
5742	2.4294
24996	.7579
6095	.8944
10662	2.4063
32377	2.8189
6185	.9556
20683	4.1636
28130	1.6190
20246	4.4576
26424	.3627
11101	1.1050
16941	4.7450
29868	4.7477
5114	3.4458
15825	4.0017
7276	2.0622
8891	2.7878
22478	3.0478
28129	3.1084
1243	1.4661
32369	1.7815
24249	4.9125
29	4.3090
12844	4.0098
16362	.6976
17168	4.9688
832	2.5156
2849	.2020
28740	1.5013
24182	2.2870
26351	1.6020
9393	4.3983
32152	.6189
17930	3.0077
4501	2.4034
36	4.1613
3146	1.0403
10128	4.8796
