28004	1.1842
31585	2.9854
12385	3.6144
13443	.6787
11945	1.0779
3329	3.3017
25324	.6108
2900	1.0838
28060	1.0684
23479	1.2356
6354	4.6186
13304	2.8638
2769	3.0297
4246	.5652
24816	1.6612
27500	.2510
23871	4.8501
905	1.4447
18308	.5949
30899	2.0801
20882	4.1143
26488	4.6227
20207	3.0092
26967	.0256
27970	4.5237
22610	.7948
14148	2.9917
2015	.3361
30158	.4680
1291	4.9336
24968	2.7724
30321	.0041
16100	3.5660
17773	4.1033
8908	1.1365
22852	2.9134
14443	1.7328
11141	3.6944
20626	3.4734
30431	3.6579
29243	3.4075
8807	1.6109
16951	.5995
19499	2.2031
14620	.6656
4309	4.0684
