31746	1.0560
28588	.7699
8267	2.1332
7300	3.4740
13974	1.6127
17225	2.9102
11359	2.2969
16095	1.0332
14198	3.4305
15260	.2522
1843	1.9798
13063	1.5218
15552	3.5920
25342	3.6587
6144	3.3884
11354	1.7522
24374	3.0739
30615	3.2598
26077	3.9030
11420	4.0643
30104	4.7144
30070	.9852
13745	3.3230
7626	4.9989
27963	.7361
29112	1.4827
29459	2.7797
31137	2.0984
19572	2.8194
28289	1.6380
31429	2.3758
19084	3.2171
20891	3.8430
16806	3.7116
6293	4.3893
28420	4.8857
11262	.2789
21346	2.5653
28132	.5059
8316	3.7990
17754	.6118
21862	3.3210
17219	2.9221
3119	.3552
3837	1.9193
6625	3.2680
8794	3.4293
29735	1.4818
26368	1.1011
25847	.7367
13983	2.7304
16243	3.1411
5992	3.0181
26403	.2270
13189	4.1921
7955	.5575
11967	2.6375
9255	4.2098
31862	3.0024
13364	4.4439
697	.9892
26911	.9865
9203	2.0580
11499	4.9298
7434	2.8284
8225	2.6197
707	.4228
30293	1.2901
713	3.4327
26990	2.1488
28836	1.3803
8495	2.3162
7696	1.1693
18175	4.2480
15592	4.5463
24979	.8175
3983	3.8785
10580	2.3267
24836	4.4239
27278	4.2492
11757	.7786
20817	4.7521
8239	4.2759
31567	.9256
12814	.4666
17734	.4210
