1761246859	4.4115588904412
1035233514	0.42706942438477
2127292018	3.0480980910585
845613443	1.4429625991932
391729249	0.091209763237839
205637328	1.1187731666112
277998127	4.3398777113016
1395486105	2.7764695779311
1208634106	1.4722233062946
1779863297	1.1703480273347
1886011830	3.9253518795247
229044763	3.7462277681316
1891975190	0.26001734438353
1995763755	1.5157922527361
1495036166	4.2250221964088
177771390	1.5582144011549
1373196780	0.050623642769933
663335707	3.9495768230174
1454053183	1.635602957865
199677796	0.98998657240997
512464015	2.6981636684845
1840327432	0.2768172045596
402002026	0.16893759377717
1114538094	0.18289328095638
1884830358	0.30008662040349
77148552	0.046621521490915
1669083698	4.7398621378186
1562400171	4.9884222354686
226043019	0.42278147555086
1113759564	2.5439119979478
1119168234	1.5332817293393
469336003	0.7493425932477
1797245606	4.7320075681116
586398843	3.6086525598581
1104539885	2.2887149207707
1221639820	3.0981126139397
1143398955	4.8959505068585
831083260	2.5330427161106
1059651604	1.2898289301851
1154161916	1.1092760232786
1701423185	4.1973724794562
21266391	3.4669338159575
1646190605	2.4411877325928
51929054	3.891319913739
1238157401	0.89545388514896
462864663	0.86922983213758
1257109616	3.9948078449791
68451982	3.5987189778121
1903662813	3.8156037935128
943530066	3.6976460710623
1744951974	3.5741702786527
1833278973	1.7068301265625
1058654060	3.133549382041
2141042795	4.9700608430291
1355913177	0.25792187557459
215049993	1.2075498333236
1270010007	4.2304789737009
692033438	2.1231912668437
1805097111	3.244963774106
886201333	2.7178117738654
1262492528	2.2293638285386
1745096395	2.2334420412003
2063482097	2.9668106688032
413578096	4.7361720421986
1401016146	2.1139637809777
1089824278	1.9038758365921
846384493	3.9159356751088
1405068385	0.90028838994926
825482713	4.9451906955546
95031650	1.9677498433589
1488309167	3.6978438374111
1909617493	1.245491405132
642586482	4.6121689256337
2110531874	0.1977488120076
419356917	1.6194044526757
1796145935	1.3750721008401
401670392	2.7678926837481
1533998626	4.684021246938
608227052	3.7902624876193
1468955321	3.7201123934798
800042253	2.7470853867694
1746055751	0.49504457297504
