2050213641	2.3727840522177
1874639058	1.9494136990744
944251634	4.999584557954
334891144	2.5400966650527
2001972756	0.40951343970816
1993638888	1.2096358678349
586118360	2.3803718026636
1374908818	4.8584157018263
486993807	3.0732325595213
1096186164	1.651178380312
1051998777	4.4625349270471
168016575	3.7612377310923
25081581	3.2877534037865
26984791	3.6207716323532
1778682896	4.8156295576206
1815938857	0.033379062094437
2134827232	0.52072801651467
1316771748	0.86019257123591
1751572948	0.71830809149812
1278397678	3.078695632554
1156822501	4.9048833897826
199823669	3.0352067775257
760724204	1.2983327737536
2002794352	2.7369133093101
1397754472	1.5691787617138
1608735862	4.8784883715578
1788569544	2.7476215282211
63793352	1.4902804891999
1876789611	0.22474982553383
1187761102	4.1182025354906
179672146	0.047349291875655
1247835039	0.51642903150824
106796971	1.9797686450089
322692196	0.65089135461063
235919500	3.7928193103489
1169281405	1.2026308389393
1118006525	0.32991829809263
2121787872	3.4435479195991
537398227	2.0602621217539
856267610	4.7494165784444
2109590250	0.25200112268888
1386461235	3.590610771715
258355648	0.90356270126233
984447720	2.1576843886439
1769181819	0.52437924105878
557537700	3.8537456741807
1794603374	2.8462560138881
2024598411	4.0622033803082
225204306	2.0782904173612
717013300	0.032509313911437
11604955	0.88016306091108
1548981202	1.6204314802868
644284166	4.4039636963997
843219951	4.4190917976289
318380375	1.819573355289
463796829	3.8076681614889
1990332996	2.4252195015667
1542418692	4.6154557795336
821842108	3.519158630408
464496163	3.7851647794178
1580964904	4.4393792629425
1867771632	4.9777274625272
2010625591	2.5913640286733
382966180	4.6840167253669
526701137	0.42226985349426
580190474	4.4930057434798
1937622527	2.8772209202299
1293436382	2.7599519480765
179907940	3.4024181791592
954884985	4.7703276899505
1858533419	3.5240049350653
