706351508	0.85012842940638
1430521544	3.8876714063285
966236213	3.9195024123972
1906909296	1.5984123510301
616187968	2.9766598218012
625112591	3.108310470408
588319715	2.5341461028597
1069064990	0.5884107018767
2009057215	2.9833781267439
222447402	4.1444504908959
910751247	4.1682694266402
133637966	2.7054052719406
1323478126	2.9785988097911
1542183590	1.6279235629495
666921065	4.5030957853902
920942919	3.4493310882008
831229818	3.0476510888187
1969243298	0.36050096869492
1562144283	0.028961321818159
1028879697	0.2888891940419
2036354884	2.010237009735
837486988	4.9249468231224
1078813834	4.6229869614462
1814900614	0.43733503224204
826606711	3.0323979598621
587369212	0.33680904905163
95018592	4.1441977439188
110479655	0.29468064675791
803256044	0.111670026142
1199900599	2.3304347634923
287168789	3.5372137737168
1060699836	0.18648530132439
1366685021	4.0405293037372
1243154333	2.1696533156418
697949030	2.18241892391
1068420636	3.5294885554023
1643489394	0.36837578302639
1484804324	2.5298966409312
1049285114	4.9845057865533
528551391	3.876507882437
1248575037	4.8178749856622
2115563402	1.6033031542801
987396323	0.038967349119004
1726540630	0.72705018135116
1915267675	0.41639807420615
1057763186	3.3622484623279
791498349	1.7262697390869
1141053668	3.5149962611101
1529455354	3.6320903495104
2147348326	1.0884662326837
572416204	4.1168878269926
819425335	3.5279335330836
1062308047	1.7836168323567
1167927699	2.6397713355905
1772527136	1.2997931131626
686775891	0.51714954223351
743451884	1.7799000217486
1338171764	3.730459352364
396575955	0.27361386933998
1948649073	0.67112754595984
1954514946	4.0904524010096
1996235647	4.9661816446884
81811026	1.8956517483553
1716730393	3.439846806433
1991901374	2.9041367526651
521563702	2.6621918998017
774072405	0.056005662798884
1864396519	3.6088823380921
1017911609	0.23417276806858
1335062069	0.63872536674083
1012699633	0.2342857980329
290366861	3.3344559363716
1716111386	3.3954091758446
2079878316	4.9743841355547
1587372067	2.9837356824352
67998714	1.6551663245331
416948433	1.2695076788168
1306618626	1.8656531753324
1740352517	1.8239087456949
415467258	0.5783539850164
108562825	4.1399464216735
1171124451	3.3593726034087
135889626	3.5723500971554
386106363	3.25022877811
396109905	1.2326073046926
1390495333	2.0347683839662
1922658085	1.6116206495145
2134228204	0.80326822390932
345417523	3.6690498742596
1263919053	0.6365454176611
1823955919	3.6289267631382
936106961	2.9567049597188
350880183	3.8772545423718
111538673	4.7175327896688
346517886	3.7384418322418
