43504536	3.4455411315176
895214695	3.7280961492695
219094916	2.6703391865223
932158699	3.218524739248
814781895	3.6721877305173
129523332	2.5535666931204
765140411	4.8764874552733
520523211	4.9347790865855
445285361	2.4004522559235
1660010673	2.3074171400198
1012812063	2.5876808690781
100134593	4.7130976755699
1272498127	4.9351084162179
50534072	0.94539562982758
78156003	1.714743143746
1117440322	4.7187549270311
2007623351	1.6332735524668
1500134834	0.432205971066
997525627	3.8906515594063
164611026	4.0799450055137
1154948362	2.5719108514357
1122706843	3.8565957866873
1542615565	4.7786585682904
1752248875	3.0847947337128
1350403437	0.37214238679602
1596741083	2.0199752515275
1701931366	2.4167733138505
328745253	0.87216994998612
1389682278	0.40608757892907
916083196	2.4064427928098
1882858891	2.063292598847
1461183002	3.8251812028816
1048549215	1.9727699071973
1810550679	4.3043320343384
1966115584	3.5868345147869
1164196273	3.8772560208464
9039212	2.903247272085
1315730225	1.6638427770994
2057067297	0.8070180638726
1541559519	4.0479827155583
1955692085	1.1900641029654
1995589683	0.90193995083773
1971104555	4.387692385068
1327314019	1.2621029728381
990807183	0.3587957519846
