345562025	3.1211070032423
1340885304	2.1352423830588
2043824162	0.63263748801902
2145845645	2.2117866795565
1362967863	2.083573442457
994773386	3.7222897464979
1315424140	1.6091821443332
1239468827	0.32741200659769
1443666219	3.256777263366
1241334525	0.066970777729047
890191566	0.2133848938222
2029024795	2.8705060728223
1718814470	0.14186880790716
803358180	1.6424684723106
1460289072	3.6981301492537
1011733318	4.3404016617408
1240145010	0.58255393085189
1021068263	2.1974876277137
118450170	0.97981862070962
982592013	4.8981637809883
1514291481	0.098234522202161
