1357318709	3.9127668430623
1478557792	1.9189347941051
547111010	0.22639981248714
461367636	1.7211357442295
174742065	0.41896869913627
983034878	3.9031346765827
1795814662	0.43327156707331
1621622955	3.0808958448846
2069381052	2.251091602841
1292937542	1.9626599047159
622737601	4.5844110239225
1676165479	1.6407340679507
1471764889	1.5060844069841
699666390	0.60215387754243
198396337	0.79005321058913
649716632	2.3962650575658
1721891521	3.9844362316581
1691332159	2.984125107985
1436558372	2.2721832023338
2070807354	4.2913010037929
357083893	0.92379428954972
1377511033	3.4801229874045
2117095159	2.6498322736704
1304742113	0.18672584331908
2090867727	3.7707196542857
1920929286	3.6638332734182
425325125	4.3525003405998
1818895300	2.890868546856
1263893990	4.8109568188949
314825758	0.81395386057624
1435655887	2.0832983530514
1429029447	2.8837467883172
1830417292	4.3792271681033
495175638	0.55893804904024
1063392997	1.6826466432226
1862999392	1.8608022396736
271003478	4.2590259896866
383549472	0.95664643028595
2033296834	2.0153525970016
2143566873	3.0463250717364
561045412	4.7267984457904
1956564403	0.79061091215844
1536693227	1.2855157751057
1287157697	0.19668641276503
1391648458	3.0253361202894
1137576142	1.1677283636144
393898324	1.7052565848945
1345708962	1.6773732433456
382604042	2.9977998081584
730010851	2.3702338465351
1651665116	1.4881126752534
