195439803	3.4432853751086
2135891294	2.6251272939263
1559832938	0.79972938206034
1569071681	3.1158627002108
626729523	3.4292143832097
51909151	4.6922064035629
2125335979	3.0637496258429
1243854032	3.3410419725538
2041090526	0.093862961555767
624584506	0.46988816488063
37509427	3.2333853623054
666010461	0.83066799018097
1885888306	1.3357450260482
2137774189	0.92969233911936
1357409774	2.8452948307829
860506347	4.179688137574
855680052	3.0753557701015
1943948227	3.2984394851599
672067839	1.8070271852459
1066177034	4.9557970324325
600050390	2.7963900905086
1986762680	0.41197342584467
55937778	1.4854666667457
370045136	4.1321226182078
59553348	2.9706499972244
308645979	4.0262261284637
1784326019	0.36603064991815
1342051191	1.0317052416651
174292132	3.5543270542074
1983970257	1.8891776105804
343349443	2.9673883286153
1998039605	2.4230137408818
1692073800	3.535381629381
1680792894	4.3891715092534
149027014	2.9022702844358
1028585876	2.0637779296673
2141263271	1.1299495800072
761465807	1.9682735237145
1686355084	0.069168093646489
334188396	2.1297318102465
1817195985	3.5848020476218
1565284323	2.4527509219259
663507843	2.9541480694684
1868733765	0.080064772665531
310783351	4.3893644676494
170247156	3.2884230736124
479263349	2.1481566071269
702920988	4.8341486858363
1023856591	4.2138569612121
1987330380	1.7742537435956
495484561	0.91655593408111
1909919711	1.732122326145
34832639	3.9451845939947
811410822	1.3889212330752
753700854	2.1576094288182
1300488694	4.5784223194134
748777840	4.3803541103286
211812026	3.0855038427215
1075955743	4.9427178641514
1463510139	2.8346305493427
535483007	1.2034492852182
