1987263114	4.8959298920333
1086442295	1.2374202260922
2046608947	1.1028690524878
1309535579	4.1422372866153
304811741	0.62851433205815
1560646597	0.9237409713323
1548575858	3.4732333447194
1388589910	1.7215402735032
894220897	4.1984723737456
2110177619	2.8977298540518
1675782872	2.722547940315
1495995932	3.6979529185677
1386822185	4.5448083195578
1142181078	1.9503745538883
1880543512	1.5899274622043
842400114	3.3422532623365
1464960088	1.0020989673222
1951571877	4.1589250062401
310377758	3.2013053531765
25568894	1.786612489627
1214152953	4.8406569123457
904648453	0.95254712316792
1013681340	4.3925644314813
1550765587	0.021171220588112
93024786	4.2780717645204
1242762917	2.0267259711524
506606609	3.4254221424579
1672483096	3.7818667077375
153872245	4.7762532577739
1101053846	1.2322613625937
881580289	2.5326128571912
1688207991	2.9120707944557
