871842663	1.3970910787569
1979204833	1.9873549402633
2040545976	0.29965637964181
363347480	0.4136928615224
1578296694	4.3985730220557
1567776077	0.62856925680701
1912504253	0.84410846272675
389033650	0.89060716139647
71236376	1.5781493236209
1284266613	0.3292340763515
1118867536	2.9687094492692
1641503147	4.0864223260835
1160521054	0.14692095115172
253695529	0.53270947911437
1511041645	2.8816120922014
364492267	0.14794363879969
1334856328	1.8712691529055
425586826	4.1568684178204
1687535524	2.8133507249008
757609068	1.3379127445342
1676453729	2.4238688230626
1271842138	4.4736702085816
543467839	4.9481417075489
746294398	3.6685363476484
2012634281	4.4671711090334
1627339835	4.652128899308
1475475356	4.5347848392719
1178302798	2.2476196346095
259226976	2.460712251468
466527366	0.25509637559536
1210147686	2.3273899067786
280580451	3.4007090508941
1050216177	0.23013569658163
2134833614	1.4577751706623
1144100908	1.4001474070363
1488000633	0.23264403698623
1589617105	1.7896392111618
2108987574	2.9147060694707
1949220735	0.40515316436307
1283739061	3.1949959943048
1037974853	0.3757945426627
1113028124	3.2203681665568
2075152365	0.10144533128545
1124837326	4.8164230723942
925737476	2.7472730110154
101287805	3.6566416703428
1286317074	0.86988018167665
1962463609	1.1241303063576
451771150	4.4657167417303
1624216886	2.6030903624385
1550487210	4.2987232232926
1420203436	3.7937314989016
999061448	1.610444242419
560946255	4.2474016008188
1458702833	1.7221840246218
1973794244	2.6050722657726
3717321	1.6567857058983
1350328106	2.710354613471
1327715907	3.9484096173888
452348913	1.2093937635465
1498329276	0.34022178749564
493554261	1.4522186440659
865327684	3.0155505603252
1837315091	1.9646536428317
