1986346535	2.8208054685131
140709418	2.4534748692314
1460337984	3.6406987549927
1005887472	0.31227273182584
1892626478	4.6114439445601
1904765145	2.1163697271218
196651783	3.8199238520208
1826661796	2.7064189327445
1098413810	3.0473449095373
1825263618	4.1675068527309
902793477	3.774420928105
1077653024	4.1586852349149
1612543962	2.2361242199485
1974857789	0.58054158491108
710239221	0.37471180100679
1133290628	1.5358727455772
1548069576	3.4128870411836
390634497	1.8919490728955
2115655584	4.4072680382092
1171097701	0.4685734028316
624483038	1.8426629467135
2002893701	0.95342235916919
992450141	2.0672838981577
2070225964	1.8851441502968
646963771	2.7087172575801
1963019515	2.8128937901058
1858470289	1.1960768006724
474599971	3.5467747731818
71786832	3.4829870208553
2143642858	0.1075342018658
436093943	1.4829364821701
381549685	1.7396522088627
1775535584	2.3545896366027
891432628	0.49666044092582
1751690315	4.7150348917185
808065225	0.40334084788493
1169000618	2.4750962864957
1327831823	0.83973187992337
1489533080	1.6346635886629
1244355537	3.846676533039
698494659	3.4308339485111
2042343621	0.95231676285729
912923584	3.980019830158
961013701	3.0368338539437
1071849184	3.4778774033663
953007911	1.6287965125538
1582967497	3.5373478981375
783653148	3.539130973415
543150950	0.79100387673406
1046656275	1.176246970974
2126818783	0.74210046825097
2074830831	4.2207733817495
707697056	4.8320505441316
1700978465	0.17463595847349
1479766025	0.75366483570713
1515642316	4.7283008088024
1072297142	0.78523993295861
877054603	3.0434902911277
2125004277	2.0961439572722
839821353	0.43059966081316
189906905	4.246390121638
370690002	4.8067441651629
842060644	0.86790363111901
1009039871	4.0866545141147
298972073	2.3809931741008
2111620052	4.8617107327384
1374400665	4.3403389930447
398801141	1.4790293767485
1176096998	2.4206802027396
19852645	3.3244385259805
1109101776	0.41162463157048
1918429350	3.2704314953976
720282354	3.814234069462
500813902	0.89875898598636
183418036	4.4406746953915
1406516806	0.66295051046785
2063520673	2.4215999629449
318408237	1.9606839408915
1107495152	4.0556278098634
1056886101	1.3593562698734
427059879	0.62215016950953
1230563753	2.5443889305668
689548527	1.4001450880431
675558884	0.058566285324547
1978018351	2.4229376238878
1438375479	2.7461289790208
914066066	4.2008709298451
97644745	1.3719934464302
617086243	3.4056346436989
1249863100	1.5059729300002
2138916956	1.4265708305997
1682357406	4.1268446036274
1428512717	2.1838141568861
1739351649	0.31849117964436
2059582334	0.35849217109312
