869148731	0.71797827059309
1313930685	2.677165299038
949392581	1.4305823023573
312017376	3.882058129591
971956546	3.5382570040125
671037080	1.6064717860923
1499077114	0.27249938122579
1843685550	2.61540538986
2138741949	2.9675298570504
462940732	2.5444342044855
1402415747	1.212426773837
1376992363	4.580292710839
593561370	2.9856010214359
51216652	3.1572240629034
97514147	1.4018656156966
1856087894	0.96629018241833
1443556162	0.034661404804635
1765544524	3.3980319920918
2112848963	4.3214303577884
770567237	1.8029702020823
1668654193	4.1020450527324
83829693	2.6317718218229
992966677	3.4573954755708
213993256	1.7234442507492
2011502879	0.62933197507138
1627101376	4.7883377269787
304633249	0.031611803002475
875893285	4.7300613740133
782427765	1.8862029569625
2100565320	2.572816760546
497588250	2.6822085644501
632332473	1.7225774129492
417884964	0.039875684324594
1608110012	4.4047603031643
1811533577	1.2384240474731
2102941351	1.5356719012073
502501031	1.3484064775279
1034723878	2.9116113334483
1853824080	3.1948035295097
1639440459	1.1271398286927
397958688	2.9061441043886
1189398844	4.6042232935337
1751844619	1.9052103333665
2023261896	3.2547804565424
1379461546	1.3433802250509
2112814500	1.389332388709
325563951	1.6990531197279
1040993517	1.949813904683
4460438	3.0600079233106
623639788	3.5823371254757
824235305	3.6474276583863
995656832	3.6287082143262
371097589	1.365000531713
1589506533	2.7528289299239
1071812013	4.4862069233722
293716849	2.4023822310392
711119157	1.3205932971652
632643598	1.330726005291
553614187	3.2694895813565
922119161	1.3836940291262
585392101	0.41301945010806
689266135	3.9868142241551
752495046	4.4769958287836
575438554	2.3860574757615
1404264833	1.878175354506
151795418	2.6991047326937
