596097457	2.8447188403666
1476902515	2.9755826634241
2112670443	1.6495472060747
1121347597	1.9474633396359
21339404	3.9175374661188
580412892	4.698334568971
391059479	3.5513472364058
2135451936	1.3052956952272
1703299455	0.32135717120085
2031482991	4.9476698599512
1424277424	2.8423492879804
1139048538	4.7139998547332
1266460322	3.920250811577
704780430	2.6792030677568
458876168	2.8408949090358
208090753	3.4341990451488
1383603437	0.82571710964
1589420239	2.9543492188465
1095542453	3.1265614545562
723750462	3.9515922493076
889520948	4.3082022919823
642737463	3.4893349457948
1127146404	3.7278796284124
1142034628	1.659540616283
755125346	0.098148556471871
1720845453	2.9913952914027
1619570999	0.14969098155838
1399568881	1.3258792908517
993604047	4.5847740790736
74810758	3.8068727538022
839337231	4.4179154603825
779562092	4.0730949603362
906947310	2.4992617929817
495346770	1.0702655399545
2107347846	3.7451625050722
1839092241	3.4034183101744
1797757335	0.79533070595718
434840016	3.0479774521887
1755812343	0.85350513265166
648499112	2.6673334337153
231058734	1.0372935962106
182254556	1.7886199344828
1396495642	2.0931324721748
661489681	3.7068628606884
