1748499006	4.2906346052376
1886053345	0.38357006403784
708914769	1.1462779651146
1510737720	3.9991062153127
867593388	0.96258150924117
624815025	0.29993236544539
656430718	0.58514392496326
733457368	3.0114000141674
610849014	1.2458737712567
1487661134	3.119449744988
1443585078	4.2462222391023
1304584725	4.1292816792285
1620544910	4.038523807674
606647456	3.7389785418003
603931377	3.1235337155515
1162092665	4.4308125923531
705797215	3.3602522375808
1001474891	0.52951678192686
1064398614	3.7738702091267
1496358471	0.33161941232701
1162886828	2.9611080037249
1237027027	2.7255565872069
745307297	0.057484167654758
235209215	3.9455700660802
1227989359	3.7467871763496
1820675826	1.5478041030223
639806843	4.62593816669
1326579401	2.0641580676027
1520134043	4.1846222752634
1253722479	3.9489070647158
1221928955	2.3994045506229
1387289106	1.1845780285935
354729341	2.5573035644169
833318549	4.4927859955899
1006333650	2.135722440265
1881143984	0.95222455959405
1887493928	1.8224508184113
2000987155	2.775967259787
456220611	0.88898963103489
1194735020	4.0462809168018
1140053422	0.60119341621231
1433977433	2.3352717502673
2134911651	4.3654389769609
1947280976	3.0876607904619
407441559	1.1519800225049
557310315	4.4550126648764
305501074	2.566158500298
895182362	3.8674341975094
302753595	0.71084048166445
1569652245	4.5219794053221
1072851670	0.42956091017908
910031136	4.1026543216327
74716387	3.892004840957
528814385	3.9437461336813
2081909366	3.7406238092764
1740418469	0.25551977812104
1732476242	2.7583429788977
1610669364	0.97507775108101
417843224	3.268545080567
711310983	0.53772954528114
189163445	0.96052309542919
1205134821	4.4411499958677
109991942	0.69669377789679
2120033979	2.3344643192061
1854285825	4.1138843349711
616427269	0.53344376642883
1243105667	3.912334979471
459214435	0.17368780457121
1193296853	1.6157455004825
904612777	2.9153489870556
1431053541	0.32895733850494
1621553381	1.1085749702102
2091958726	3.7774684251181
906469162	3.7193326226991
1299174439	4.535595772106
210967264	0.60114924125427
279357021	0.34976308017492
1854327584	2.5792617502526
2137009283	2.0354593158865
998560272	3.9694620757222
1166749287	1.3495810336199
694185931	4.9347929353522
1975813607	4.3202296292038
1821951291	3.0157365687265
788260133	3.7230508209779
1716201281	4.2960797503107
1377498613	3.0667034667296
183715462	4.6631973677609
674718123	2.1081847078671
1656397474	4.2012756896211
884103233	2.3526922810602
92451835	2.1067556748664
381381480	2.7968569345758
28077595	1.1419111006623
