1095221832	0.93231427293844
341287336	0.68188034728257
1520385043	3.2478524154275
768187245	3.3931135774558
731510681	3.9304479951646
753238961	4.1257564719421
789565567	4.0559574864134
1307403680	1.7050838199002
406729190	4.1277370108886
920871564	3.150253499928
684604587	0.91098298128274
538451751	2.7939884587163
239008424	4.333431543472
1752496629	2.2955625747775
497527801	3.2335132957592
348926603	0.065367736418437
895926541	2.7248768451274
576200490	3.2048410215438
2010181718	2.0912407231942
1474733534	1.0279644006062
1884249181	1.3578175713112
142519560	0.17579651911547
1537055928	0.14386969858029
688846368	2.7960535221715
1460204256	0.9053819351389
1272214960	2.1007364532448
1249882018	4.7473083970823
500163485	4.657082317703
998695571	2.3920699243397
1758085726	1.382893375765
2127393609	1.6893366173326
1706348851	2.3015629510868
681849088	3.8045920938275
126853934	0.085702058899078
639495090	2.3077877644951
1518390683	3.4751598203905
691358362	1.8618177794208
1455764077	1.9253653064023
1748105797	4.9502750299639
1292758086	1.169033002187
1551819486	1.9910355224232
396128766	3.185656644956
