180974469	1.1860795394453
1835429984	1.0676430869231
1539149671	2.4438933736849
880845014	0.35601295780205
1667254070	0.5185300766111
8364618	3.7757477717361
1540158959	4.378735029315
76735786	1.4256839321115
1183521057	3.2199399816896
1216538072	1.8199974539783
525185869	1.6516793992611
1034535138	1.7499503664439
1777456759	1.0989620588249
1845645628	4.3708297025276
1091457936	3.3745293451355
1579641109	3.1311162692174
1781264640	2.8466466385157
931055949	4.9125832970778
1172691647	2.583089143775
1633686171	4.4664166050341
916157454	0.22261825866188
1220306150	2.5150429585553
1474450642	3.9841875964702
1999863448	3.8814379362769
393931501	3.4979762944849
1403465011	4.1661878042697
452979816	0.11165943700432
997569457	4.7644526789731
781142402	1.1495206277582
1477234607	1.47115444833
1897487108	1.0185280051169
868367697	4.0978241777503
960269691	0.9227978791682
984758001	3.5691474301597
1295184551	1.7076068728732
1678188256	4.4968727671061
39252831	2.3261429915792
1651144735	3.8279997435529
1500960735	2.7634773951785
213753384	3.5189634065698
2091909576	2.7461751935753
762594464	3.4927906112246
1170488164	2.7595386271177
1929562109	0.88746633654808
956657477	4.6109411840378
1963829518	0.9625701983285
547517512	4.5359684990421
518405193	4.1360692023933
203374519	3.7128823593785
