1676259152	2.6650886273315
2013443651	4.3381553093615
641460942	2.1819058955563
1828145577	4.1973355385462
1926050149	2.9981031888156
1899854817	0.72288953267172
905250670	0.029560017878916
2015720761	2.5827757094907
1494618413	1.6713694188145
1109405928	4.0938555445028
449741834	0.50466604787142
1991565500	4.4291918186607
459501890	4.4341995471316
667804865	4.5160074785892
472023806	3.0954244933535
1532619780	4.3479944855664
560826810	3.0327232405696
2076799076	0.27619629645543
1675607062	2.1595268357357
1757436762	2.5987885415548
1426314369	4.4130047733956
2051543990	0.84712066028599
243937657	2.5534868135832
2115402114	1.2177812942387
312491864	2.3237733786571
1086854723	3.1233600378611
945477976	3.5636126150208
907412520	0.14689634560929
228795327	0.23001811943483
1137682472	4.1652097525844
624650362	1.1213963577158
1040613910	4.4372449021029
1931294683	2.0174281611188
1698862113	4.8629377059932
1538059058	4.6324514293263
1737080834	0.48086270246695
499024331	3.9233812591636
290756828	0.71112884940166
1744859626	0.1465611160484
1575691150	2.2134510344888
524193410	0.53409124516607
1900023662	2.9494703039292
459496337	0.49265461996787
1802805675	3.7565039744398
2132389009	0.70779589037774
146048021	3.7693871319151
1976198107	2.7210832423163
1823803315	4.5759629060402
2048013218	2.6083616738247
1721093521	0.55099832152529
1125818057	0.36780197190484
2086196626	4.5550542904786
1731060016	0.87163388769684
371516440	1.5486976674519
645246671	2.8959660571515
1639674258	1.2016501120299
598315081	3.756586140374
942822655	1.1523473594116
2073002786	1.5146066302036
1636638235	1.4639781026468
1093743429	0.61461409582506
921834227	4.343140946861
483480618	1.4675162599736
620915841	0.25336724019301
1761739998	4.1285073683264
171948499	3.8572544273256
1278916897	2.6782868721887
1018203553	4.7846619550999
405728188	4.2295951881584
1773395825	2.8346987431099
1047773785	4.4629902180578
1268175425	0.31385527938318
108897359	1.3493378443408
1357764960	2.2245274121987
1565648596	1.6259034963445
1535535375	1.6802502408066
360636701	1.0628721658433
1411471954	3.1791487886473
402525533	4.4192620317541
1448428478	3.9720804798287
