64645209	4.0763168242184
138361080	1.6882187345476
929072743	2.8056371644166
1023418830	4.3663061407238
634839678	4.3675991237944
2122557997	0.76637627825438
1729546546	0.72051973115677
261638383	2.8315058387031
228427930	1.8007351000797
165584477	3.013550945564
1469953048	3.4352051994927
909609302	4.7870288602016
1440266383	1.5026668233344
1226362339	1.118201546426
1145784926	0.26215091359902
1602904068	1.7688837120165
1682539569	2.4073975544457
1139629337	0.47684929821494
1761369665	2.8784094321907
393289091	2.7806198470204
1741916177	4.6697027746913
645591696	2.9782348675552
1323536825	2.6146775426411
1479006105	1.5945699189764
2050219822	2.2426239155431
1300422348	3.6625785257959
1323274855	2.148651479347
609261957	4.8186257387598
691140069	1.3234952191466
207610300	4.3695139416352
202965091	3.758208567164
630498235	1.7803515362462
1416983911	2.8313800030534
507852693	0.4845420436396
558369786	2.590362635716
30189590	1.8096813661091
563840544	4.9523198278399
1210599611	1.4271980600558
53009768	0.53116208432762
1863577741	2.9219084176803
886484657	0.70625994853036
1069814445	2.1356418948321
324391503	1.8406350989084
1535707875	1.8313288208243
283538573	3.0449892129027
1396416803	4.8325122240151
782992897	1.8141961478694
1709865721	1.6397718254662
