2109035006	2.9320759223458
1087057769	4.494354279942
1238633663	0.95226288351801
1083386798	2.1288983370778
857396278	2.4904673977245
918606012	4.13900082658
1713874880	0.83917338440156
1655568134	1.6567276309508
492309506	2.2537944569503
584488152	3.7571526522549
2103293674	0.27940751066404
76356802	1.6824036681477
850852614	0.38945516356707
274199348	3.4707025338294
1240858839	2.9257045234208
24248620	3.1844825847933
1852137023	2.6421930606673
1290247731	1.2002424133011
1915389334	3.0867418148959
791971748	0.8730293465187
