1455975714	2.2763369755244
1740797566	0.64350192465051
1207898978	0.063889876503446
587418090	2.1153135747254
221054645	3.1738004359295
1174489408	3.0662202965777
1101486626	2.4781246518149
980913231	0.50724767870607
154755226	4.6370488426821
55762417	3.7962773506512
871516509	4.8145848977447
1318931402	1.2867599266054
121046326	4.4469112457926
1407100248	1.2229257268938
1330113380	2.156117647959
508158063	0.98643898544202
1528443614	3.2363992176188
1255753262	1.3915146311706
1015322237	2.9101764401003
717014791	0.96734275155111
1538186447	2.5904975471043
336741533	0.97648495388054
584248989	4.747951647615
77911483	0.97960082394052
1613230413	1.6526370875783
433493766	2.8287558061205
1237809494	3.6279395146426
1299842253	2.7835431335417
409327174	3.7825401005254
2114892863	1.8217609086175
1943171684	4.2968783221659
526345364	0.23468565672389
1303502999	2.1246476132072
521784213	2.2552278368991
1379630680	3.2585223476675
2126601420	3.7555048096718
2086076577	3.082504127213
531706783	1.6048532336042
1652178676	0.045741165543786
938911941	3.64482697502
