1038737445	1.0949944570172
48596395	2.3655608493674
963336166	2.5818789110435
133097374	1.6966824101734
1772185278	3.7734861293684
1143627911	3.590786824278
1863624218	0.98235279367415
2105616877	3.1674448718165
467055211	0.51781283948469
752714081	0.13096852699805
1649834054	1.4238904795721
627723960	1.7166317006185
687873775	3.2211105400795
581874365	4.7077111130151
1851845312	0.18853770344916
1059316181	1.645836507271
1212367633	2.5891423027912
1156205008	2.2223766274854
1074695574	0.37842624372729
1933677742	2.9933262490636
1193680335	1.2759656721148
776238179	3.9730434743562
301934440	4.4352343163617
792919107	0.35574377530988
18717448	3.0313665736613
1516650533	3.0442688232494
1578638161	0.98051148046763
1777995473	0.153345104844
480891116	2.1831006264235
754993816	0.45586195562773
1487952420	2.4335716932237
485878414	2.6501437684755
1096355354	1.3220712804804
1057307194	2.2696513995853
1228337423	3.3475047528499
984963456	3.1897240216796
2015038095	0.82219438898479
697662907	2.0102053354542
1506404259	3.4007963879969
1966625189	2.6313571457897
76369	1.5685168893861
837339282	1.2395025259999
916916725	2.7505354665921
873930926	3.8165553467425
733369282	0.69055291856199
2132560276	4.4916170763278
2016609901	4.3576670015965
593239606	2.5893117965149
590107097	1.948505836515
1034468501	3.3215511372879
659567589	2.3354192228687
653463912	1.1847561300661
168831573	0.31610834659827
268492998	4.0533097130495
689210101	0.4256439420514
1090730468	3.1247484256163
566828176	1.2721905816683
535366702	2.8144387704387
663380525	0.06819055651696
1528558278	0.25873682240897
258434959	3.2454286041881
416672788	1.803405518552
973735599	1.095795860093
865336978	3.0623214869119
894151983	2.2740200661467
370690098	1.2283067341094
941442779	2.1086833309888
253025496	3.0142380474202
588813999	4.1374886427715
859152653	0.61190471081618
2090994546	3.416663991947
1799981688	0.35179931686809
1446593433	1.4801263746247
1118446089	3.8316056499405
305819124	1.3777010219068
1036900336	0.68126963716059
509202497	3.5330137836435
242040629	1.5132431413574
140950880	2.2580938191424
1119394782	0.23888921609097
1246816598	0.71531765196254
677967338	3.885723705816
1132562861	2.913448271767
776235676	1.3917210774458
1188491028	1.4514814300702
1126076800	0.73861554066586
694385399	2.039448547661
1561201828	2.8605271633065
1597600094	1.3925691607374
1808650802	2.6331571431985
