709858309	2.3011348966049
2127191662	2.9039646791778
1980077504	0.77152901365027
1032245020	0.48905762866561
2046008585	1.9624397912819
702160811	3.980654368168
1941189690	2.4044484190664
466829955	0.90303358663946
1070050617	2.2419349161172
298990026	3.0196663471962
1061221317	3.5308478532968
341436830	4.2323225570062
1522943545	2.3191679652404
540003446	3.8240413338989
1824423638	3.8600444671978
1627733759	0.36237120878062
740162732	2.9497104640816
1652476636	3.409828014397
2023593616	4.523904169688
1147412048	3.1664737328731
2042515841	2.6532114146525
248929041	1.1836660868412
1957823149	2.4614812701296
1433100825	3.0183167886074
585802432	4.5930004280959
537532425	2.5198222615383
1059593318	2.0613886169444
1169086456	3.771890915824
884087674	4.4677310807014
1250302760	3.2482323601135
2104465967	4.3983806387514
267424374	3.7605921848494
1561694895	2.5517532241306
1186828664	1.3937897241645
436025981	2.2255579951338
285314753	2.3344685217992
296609911	4.4363408742642
1619938599	0.17306115951997
1886497384	2.3732075944418
932773622	0.69446412180293
1321557517	1.5332517128127
1293355732	2.545923845631
161018870	4.6688288029604
1065145044	3.2663605912898
1273802307	4.9240867606942
1354293140	2.091343643652
624034297	4.2867152319694
1449444623	1.888144859992
1132699072	1.3080775464457
1893735207	0.99309888248942
1640301156	4.9204658576848
2126296299	3.3085853971115
816687590	2.4601947178413
762515612	3.959688392449
1357816257	4.5088680202648
1679870522	3.0900656795549
219584444	1.5249819501885
1522522210	4.8740770527507
305120990	3.7238944874722
2077751674	3.0006257086064
1085611269	1.1366486391689
1916182165	3.3098060373728
1403908699	0.39992203256112
1033155715	2.2867989993127
1766713548	4.380728776744
397330527	1.1095801722769
215563893	3.2002055613325
584450801	1.8034143824146
361625871	1.8049541287147
11636660	0.79173531652975
1717992887	3.0018468610951
1493684955	1.0042044385356
129576044	1.8829994145236
185258524	2.9369497429286
577552585	0.82331139166994
2039324414	0.58939720298601
1429158039	3.3780262006344
1431219317	4.9415650032189
1304081228	0.70958647910021
1742692066	3.2319399496689
955706580	3.4378524769274
1173584196	4.2659278489956
811810699	0.83663877138711
1424089382	2.5585670338751
1383849869	4.4542505775831
1813532216	2.4954259267521
617100635	0.40946035664969
1282796476	3.6840019299109
1779882192	0.42471917365897
1333989182	4.7377704874323
1628775434	0.12993086368308
604833813	4.5666226067425
1210372247	3.4400728896447
1714983274	2.6118711184766
1631111150	4.2659314997801
750502579	3.8989477762482
1685356094	1.1156332404891
