601252117	3.3210521835466
897918809	4.6711444690224
63865815	1.4016347082339
1066748178	0.61816336848688
554156914	4.2872691453841
701683973	2.5524351594748
581367227	1.0657697990843
396177582	2.4612863047334
1272518292	2.902378655459
1591612956	2.9354106415694
289213479	2.3663812188275
1947853096	1.9669632296855
1895452389	4.2302729185812
301649268	1.7823153393261
646627222	3.6280140646864
151749240	1.8107623289389
302533242	0.33208685476896
227827212	0.37562016880867
2067868786	0.23090993996286
845986589	1.6271391611673
617291146	4.3546094975223
705422536	0.041784483493205
856967986	4.9592911219035
496068525	2.4092529539062
1781577533	3.5155496832521
1440080655	4.3081195439716
654491538	4.5900531902863
1947118102	1.7981343864455
1874590859	0.79008404667959
1467246778	2.7698057064646
2101345249	1.4848533652187
2078063175	1.7930222916384
1728381227	3.083906014489
564980564	0.70556115159093
2056032588	0.72380739530726
1738204382	2.459836379839
1035168908	0.43638153487648
1814442076	0.66573158170363
1534335465	4.3556088764945
1559206128	4.8243643994557
2053490934	4.0283981147354
1785291853	1.2500694190385
255675494	3.2384589492522
39520184	3.4509082713401
266608255	2.2733144682242
1385744080	3.7505054142096
928533250	4.7241545374152
1447730991	4.1580269342093
1021586656	4.7531928144177
555051151	2.1228216901062
2054753807	3.8745685940956
1073230150	3.3767718162279
1604377083	0.8254589866034
328229080	2.3501366667217
876999153	0.51925361646305
2037343628	0.31526129008981
1892573949	2.650701106829
1444990304	3.6222965729527
1153595687	3.1725900751411
13662891	4.8017930611045
1568727472	4.4927728942096
262772843	2.3796702396961
1797485604	3.156487929242
1314109937	2.4251953942819
1039579237	1.2226081365825
734916081	2.4858538259221
