1119231989	3.7571526732096
149600098	4.3604914002868
1939854051	3.8994654449166
2110001231	2.4273966706485
1326022925	1.464315348521
1859845956	2.7280838381164
663320449	0.35969769831733
1646202323	0.48277646325658
2004806177	4.0361479921435
124973481	4.5135561816923
297095719	2.9298674375424
147740690	4.8243597265446
294888281	4.7436170255503
2083292564	1.0090627525975
850733905	2.5569317105957
665303951	0.92604944292738
829482044	1.1323912889382
213985308	4.7530651114662
829712059	2.3099493432371
1068233285	2.9940067990655
2124743396	1.2125477735943
1383328797	3.8653100439651
637194122	3.4269662310495
1387367600	4.7865431615089
1687053179	1.5522958368772
761170168	4.5859998532506
1317699708	2.6750390779576
1768099668	1.4113134990499
461535070	0.41575329630438
157154171	2.47561316354
874491125	4.858567104609
1584527870	0.14733740601099
313636761	3.6581356188553
1337937132	3.7690799165373
15347586	0.55087798067875
1016539288	0.58102708336945
1689938580	1.0216130833242
967124668	4.0108825052208
514827287	4.7696120337442
1654013172	3.9643600694669
369245664	0.35230277588233
2003672348	1.7757042202985
985605426	3.002598368564
238398298	0.9455345901407
655375789	1.0226421947696
1703225515	1.5380422964404
1027970421	2.9144959910375
255576187	2.9227845943173
1175234039	1.9612519452168
