1	1.94
2	2.30
3	1.56
4	2.16
5	1.67
6	3.40
7	2.82
8	3.7
9	3.45
10	2.23
11	3.45
12	1.92
13	1.82
14	0.4
15	3.93
16	3.27
17	0.53
18	1.58
19	0.50
20	2.95
21	0.23
22	3.4
23	2.4
24	1.82
25	2.39
26	1.84
27	1.44
28	1.40
29	1.86
30	1.70
31	2.70
32	2.8
33	0.44
34	2.25
35	1.55
36	2.38
37	2.38
38	1.58
39	2.40
40	2.67
41	1.85
42	1.74
43	1.92
44	0.30
45	2.20
46	0.34
47	1.94
48	0.11
49	0.29
50	2.4
51	3.20
52	1.69
53	0.32
54	3.46
55	3.82
56	2.59
57	1.15
58	1.89
59	1.29
60	1.7
61	1.14
62	2.22
63	1.94
64	2.63
65	3.51
66	2.67
67	3.77
68	1.38
69	3.28
70	3.17
71	2.7
72	2.42
73	2.69
74	1.32
75	3.55
76	1.55
77	2.73
78	0.86
79	1.12
80	0.69
81	3.6
82	0.83
83	0.20
84	1.84
85	2.46
86	0.58
87	3.84
88	2.8
