1	3.39
2	1.45
3	3.30
4	3.40
5	1.1
6	0.9
7	2.68
8	3.6
9	0.46
10	2.63
11	2.40
12	3.7
13	1.51
14	0.72
15	0.69
16	3.70
17	0.0
18	2.9
19	3.98
20	3.2
21	1.42
22	1.58
23	3.49
24	3.57
25	0.44
26	2.32
27	3.10
28	2.50
29	3.88
30	2.67
31	0.69
32	3.42
33	0.1
34	3.88
35	2.2
36	3.35
37	0.94
38	2.18
39	1.8
40	0.87
41	3.18
42	1.53
43	1.19
44	3.50
45	3.37
46	1.96
47	0.53
48	0.40
49	3.85
50	3.89
51	2.85
52	3.83
53	1.97
54	2.33
55	1.88
56	0.95
57	3.79
58	1.47
59	2.83
60	0.89
61	3.22
62	1.19
63	1.47
64	1.90
65	3.98
66	2.76
67	2.97
68	2.54
69	2.65
70	0.43
71	0.29
72	3.87
73	3.95
74	3.19
75	2.50
76	1.90
77	2.84
78	3.23
79	3.38
80	1.99
81	2.21
82	0.59
83	0.78
84	0.55
85	0.47
86	3.72
87	3.68
88	2.52
