1	1.95
2	3.50
3	1.70
4	0.42
5	2.97
6	2.42
7	3.77
8	2.13
9	1.71
10	0.11
11	2.78
12	2.32
13	3.36
14	3.64
15	1.2
16	3.72
17	1.97
18	3.46
19	2.24
20	3.92
21	2.23
22	1.45
23	1.10
24	1.53
25	3.26
26	1.79
27	2.79
28	1.43
29	2.67
30	2.74
31	1.79
32	3.99
33	0.35
34	1.66
35	3.71
36	0.86
37	3.31
38	2.19
39	2.35
40	2.18
41	1.99
42	1.83
43	0.37
44	2.81
45	1.21
46	2.70
47	2.59
48	0.74
49	2.89
50	0.98
51	0.23
52	3.33
53	3.63
54	0.43
55	0.23
56	0.8
57	2.69
58	2.58
59	2.9
60	0.14
61	1.47
62	1.25
63	3.77
64	0.84
65	3.14
66	0.20
67	1.29
68	1.74
