1	3.78
2	3.3
3	1.76
4	0.28
5	2.7
6	3.25
7	1.84
8	0.21
9	2.35
10	1.32
11	2.5
12	1.10
13	1.46
14	2.12
15	2.92
16	2.90
17	3.70
18	1.61
19	0.66
20	3.85
21	3.7
22	1.91
23	1.57
24	2.67
25	3.61
26	1.87
27	0.45
28	0.51
29	1.43
30	1.59
31	2.97
32	0.58
33	1.55
34	1.9
35	3.44
36	3.57
37	3.34
38	0.46
39	1.22
40	3.90
41	3.79
42	1.67
43	1.65
44	2.54
45	1.20
46	2.81
47	3.76
48	1.93
49	3.31
50	1.61
51	1.53
52	0.47
53	3.13
54	1.36
55	0.62
56	2.27
57	0.59
58	1.45
59	2.89
60	3.76
61	1.72
62	0.68
63	2.98
64	3.65
65	3.76
66	0.14
67	0.53
68	1.82
