1	0.62
2	3.19
3	3.64
4	1.87
5	0.15
6	1.59
7	1.7
8	3.12
9	3.59
10	3.43
11	3.64
12	1.7
13	0.97
14	1.38
15	1.36
16	3.61
17	1.19
18	0.24
19	2.20
20	2.94
21	2.3
22	2.12
23	0.21
24	3.4
25	2.85
26	1.45
27	3.53
28	1.50
29	1.9
30	1.51
31	0.76
32	2.64
33	3.5
34	0.28
35	1.72
36	2.37
37	2.23
38	0.96
39	2.42
40	2.96
41	0.18
42	3.76
43	2.57
44	3.44
45	3.13
46	1.21
47	2.80
48	2.44
49	0.3
50	0.0
51	0.80
52	1.77
53	2.3
54	1.84
55	1.52
56	2.29
57	2.94
58	2.59
59	0.43
60	3.51
61	3.93
62	3.17
63	1.4
64	1.99
65	1.59
66	2.70
67	0.4
68	1.39
69	1.40
70	1.85
71	2.23
72	0.28
73	3.32
74	0.88
75	0.17
