1	2.72
2	1.52
3	1.43
4	1.65
5	2.94
6	3.21
7	1.17
8	0.40
9	0.2
10	0.50
11	0.81
12	0.78
13	1.75
14	2.10
15	2.44
16	0.52
17	1.90
18	1.15
19	1.9
20	1.11
21	3.25
22	2.27
23	2.39
24	1.20
25	1.40
26	0.68
27	3.73
28	2.7
29	0.50
30	2.50
31	1.16
32	3.18
33	3.95
34	3.67
35	0.72
36	2.22
37	0.30
38	3.55
39	2.46
40	3.88
41	3.12
42	1.53
43	1.35
44	2.77
45	1.72
46	1.14
47	0.83
48	1.33
49	0.76
50	0.0
51	1.44
52	1.68
53	3.91
54	2.56
55	1.46
56	1.79
57	3.91
58	3.6
59	1.46
60	2.85
61	0.28
62	0.79
63	3.18
64	3.99
65	3.43
66	0.58
