1	2.11
2	2.54
3	0.34
4	0.33
5	3.50
6	3.69
7	0.29
8	1.52
9	0.34
10	1.34
11	0.19
12	3.52
13	0.3
14	2.52
15	1.17
16	0.94
17	2.3
18	1.76
19	2.91
20	2.52
21	2.27
22	3.55
23	2.19
24	2.23
25	2.59
26	0.53
27	3.94
28	1.93
29	3.6
30	3.90
31	1.0
32	1.92
33	0.18
34	3.25
35	0.29
36	0.98
37	0.53
38	2.62
39	2.41
40	1.55
41	2.50
42	1.17
43	3.29
44	1.31
45	3.77
46	3.82
47	0.86
48	3.39
49	3.9
50	1.6
51	1.57
52	2.99
53	1.30
54	0.41
55	0.34
56	0.76
57	2.91
58	0.77
59	0.97
60	2.61
61	3.95
62	2.22
63	2.10
64	1.46
65	1.36
