1	0.6
2	1.51
3	0.62
4	2.25
5	3.76
6	2.25
7	0.29
8	1.89
9	2.54
10	3.20
11	2.40
12	1.63
13	1.24
14	0.76
15	2.89
16	1.86
17	3.98
18	2.84
19	2.6
20	1.82
21	2.72
22	1.86
23	2.90
24	1.35
25	2.51
26	2.82
27	3.16
28	0.14
29	0.40
30	2.41
31	1.28
32	1.75
33	0.79
34	0.40
35	3.98
36	2.46
37	2.83
38	0.27
39	3.57
40	0.5
41	0.48
42	3.11
43	0.76
44	1.98
45	1.74
46	3.36
47	2.30
48	0.78
49	3.51
50	2.48
51	2.29
52	0.59
53	3.88
54	2.9
55	2.28
56	2.32
57	0.91
58	2.24
59	1.39
60	0.41
61	0.94
62	3.82
63	3.77
64	2.10
65	2.39
66	0.1
67	2.22
68	1.63
69	1.21
70	2.60
