1	1.70
2	1.26
3	1.8
4	0.17
5	2.0
6	0.53
7	3.27
8	2.83
9	1.57
10	0.78
11	0.24
12	3.0
13	0.51
14	2.17
15	0.93
16	1.71
17	3.53
18	2.4
19	2.18
20	1.44
21	3.75
22	3.42
23	3.91
24	0.25
25	3.52
26	0.8
27	3.41
28	3.92
29	1.48
30	1.24
31	1.33
32	1.59
33	0.38
34	0.85
35	2.21
36	3.84
37	2.52
38	3.77
39	3.89
40	0.13
41	2.79
42	0.88
43	3.14
44	3.92
45	1.13
46	3.73
47	2.47
48	2.78
49	2.28
50	3.94
51	1.98
52	1.27
53	1.50
54	2.36
55	2.0
56	2.25
57	2.58
58	2.58
59	0.49
60	3.17
61	2.17
62	1.35
63	3.83
64	1.40
65	3.7
66	0.53
67	1.52
68	3.89
69	1.77
70	3.69
71	3.77
72	2.39
73	0.96
74	0.75
75	3.87
76	2.12
77	3.32
78	0.86
79	3.99
80	2.55
81	1.73
82	1.90
83	2.55
84	3.1
85	3.67
86	1.52
87	0.16
88	1.91
89	0.45
90	1.70
91	3.31
92	2.54
93	1.48
94	3.46
95	2.46
96	2.83
97	0.51
98	3.79
