1	1.98
2	0.8
3	0.0
4	0.60
5	1.71
6	1.13
7	0.33
8	1.53
9	0.69
10	2.69
11	1.0
12	0.92
13	0.46
14	1.19
15	2.8
16	0.63
17	3.29
18	2.92
19	0.38
20	0.12
21	2.49
22	3.23
23	1.95
24	3.33
25	2.31
26	2.26
27	0.34
28	1.80
29	2.94
30	2.33
31	1.52
32	1.76
33	2.41
34	3.91
35	0.43
36	1.90
37	3.72
38	1.44
39	3.2
40	1.31
41	2.19
42	0.41
43	2.99
44	2.15
45	2.59
46	3.59
47	3.54
48	1.34
49	2.47
50	0.4
51	2.64
52	3.95
53	0.61
54	2.0
55	3.4
56	0.18
57	1.49
58	2.38
59	0.46
60	0.36
61	2.22
62	0.20
63	0.87
64	0.30
65	3.42
66	1.95
67	2.55
68	3.45
69	0.23
70	1.54
71	3.13
72	0.0
73	1.20
74	3.73
75	1.60
76	3.16
77	0.58
78	3.18
79	0.46
80	2.85
81	2.92
82	2.10
83	0.11
84	2.70
85	1.42
86	1.85
87	1.8
88	0.56
