1	2.65
2	3.86
3	2.25
4	2.55
5	3.76
6	2.95
7	3.82
8	2.10
9	0.85
10	0.42
11	2.45
12	2.10
13	3.90
14	3.32
15	0.75
16	1.49
17	2.99
18	3.63
19	3.88
20	2.55
21	2.6
22	2.12
23	2.66
24	0.57
25	3.15
26	3.43
27	0.8
28	2.15
29	0.79
30	2.17
31	2.10
32	1.12
33	0.46
34	3.39
35	1.80
36	3.97
37	2.34
38	3.12
39	3.90
40	0.29
41	3.81
42	2.29
43	2.62
44	3.21
45	3.54
46	0.7
47	0.96
48	2.34
49	1.74
50	3.68
51	0.67
52	1.20
53	3.76
54	2.24
55	0.6
56	1.13
57	0.90
58	0.32
59	2.55
60	2.53
61	2.7
62	3.27
63	0.60
64	0.55
65	0.35
