590632752	1.9948836099333
943957322	3.7009785923646
1648325288	0.53985122616396
687000144	4.3723940939514
1600823199	0.11228734865425
878007657	1.2813578156202
1063278736	4.3705570392174
1566395344	1.9497878718887
1953248092	1.6365144153296
50607923	0.74814623489424
186919382	2.1837590039632
509749273	0.082205627151861
1489442374	1.1425591824309
476064654	0.42557782047688
1587169463	4.8923392942605
73080503	1.074425117613
1643705756	3.9951967070788
1240678150	4.0521268449035
1691810549	1.0117563144359
1911059782	0.55783217565987
1732930502	4.784457958203
1983040620	0.72711804217059
1061391008	0.0025921524514408
1153211939	3.3845555402267
751511948	1.4918700193483
1633303476	3.1368120308671
1229311103	4.7697924402402
1632126292	0.64951192385029
1877260246	0.46155164272597
214285338	2.9032989907559
1877589756	0.39335991739918
203659892	0.4430352549269
2101055223	2.8293910309809
1495402613	2.3009841364347
793776295	2.9319575605597
212146302	4.6744079932917
1523930812	1.7154971937255
563745318	0.77535736177832
992979085	0.88426691753988
1423806894	1.9925144393893
1793627046	3.8635525870433
1103487348	1.1354489629788
1407444197	4.446990305766
785303645	4.1586360517697
872944114	2.2913304633886
817909950	2.9602835574002
1430988690	3.9804064943364
638748407	1.8083427691871
1888959397	4.2127085450165
1120734245	4.6838270708378
1161581898	2.7946407314365
1986821273	3.034170362183
1701761183	2.5164289807512
1451966310	3.392482741453
1843218507	1.6354374804699
1861582429	2.2760091523062
2130816727	1.5105147829794
1792447490	0.80064008282527
1805849470	0.94465035057843
1807719362	1.2738275836566
256580366	2.7099737141793
1289198964	0.065531884350596
1244833634	2.6972012909582
823389803	1.4442469139789
2098678297	2.6014762500308
1510703913	3.6637172096706
285869469	3.5770081652221
863863801	2.3622976790007
151938598	4.1386381393013
1699752427	4.2119717687424
1138031987	4.3366026758852
522931124	4.6935630727995
1657181886	4.1686194642301
169880339	0.10310188639122
282919568	1.235903828049
1103480804	2.7646575601607
2108474999	2.873427357
265307197	0.94516533238122
172714215	1.1968500358969
534548220	0.28536025680851
1270272936	0.30174144324928
1729128607	3.6380916967234
973987378	0.59781281072545
960517322	2.2701414452261
1743246484	0.72995249215977
242071444	1.4351646911517
1485176589	0.89974968968879
1634555008	1.5504371894293
846101539	1.2542987527579
829308547	2.2186316723091
279508552	1.1569217202053
1703962944	4.0797082749567
158406136	3.0094698155343
