387654277	4.7092602749864
677617988	0.32566425638537
738137049	1.6468672368894
744660824	3.3083144497631
677753624	3.6679974238705
1609870025	3.7779339839602
136040582	3.0228296518432
260119687	2.8374738538812
1652005525	0.38803547638843
1204406832	3.4625053864263
29756480	2.8223409330576
944047068	0.32291814699905
91371381	4.8198234405461
330170012	1.7348470872896
2118818407	2.6537839754735
463634558	3.4023755432118
167852637	4.8730716760611
235621007	3.3864569842752
1197246911	3.3544851668898
1975184687	4.4792115150388
244772042	1.1759392177574
287742462	2.0929615232595
1153814653	2.017942910091
1645868176	1.0362164098938
1690776305	4.4901923437091
1277197444	3.6784558480971
844100894	0.13094141154128
457843430	4.9088002857327
1586839572	4.8033530962669
532959972	4.0154904448499
403445047	2.4533475201825
1057919023	2.740641880194
2049216732	0.33970571138882
2025279074	0.2298245044564
1265722966	2.1873833249264
2146553644	2.5132264953634
1000224201	3.5066650707771
1954805902	1.1052480438283
47375452	3.2668551771282
1430537809	2.9788661505929
1138754949	3.5096289629627
1747378921	0.25091688858854
1568356950	2.3179139743177
1457756048	2.3807756404303
1629151967	3.7639986741189
1993227037	2.726256164129
223056559	0.78566848802644
240200110	2.5351907464374
1617484813	4.9936792650231
94400243	2.8508579744263
1663406828	3.8637722394726
1433361625	0.29274186831561
703079288	1.6763152189908
2133683345	0.11746568610774
797381224	1.3631121261805
2124039262	0.10706102247679
849504400	4.0295141348753
1727605571	2.5631568010725
1020351304	3.3063168885681
518977832	0.72098120614932
210782353	3.4045104884564
1387586496	1.0022648335445
669574205	0.3927521013621
2018368412	4.4854374274078
848519793	4.8385271103301
1748941741	4.3481895277967
159129068	1.7925376546534
176263914	2.0985773285379
1122724640	3.9343770122781
1614539816	3.3565671897291
1322996162	4.8832409898207
1835093923	3.3409478624076
49138635	2.5392235710934
1862828446	4.4715474287381
400864523	2.4565996869731
2086885806	2.6217176730846
317514413	2.6575614757173
339315180	0.72411466656444
1509111203	1.6707385944532
1472343558	3.4932818280036
2005503373	1.4958620497472
1138051874	0.21579368515676
1802386334	2.6760824595932
383528247	4.1667636223914
242816111	2.1713489560277
