763200835	4.5750066007371
1102928516	3.8664936036181
921731592	3.2417713609719
581205652	3.8610718440549
1476341715	3.5689543343936
1824439187	3.0929931616844
1511806201	0.31669393196548
843894317	1.1206676420386
1075030055	2.7584908612811
1392311422	1.4485218755195
175982314	3.6885997600335
1066166030	0.19817746719261
496159166	4.310455226484
516642335	4.1358237406871
1714167900	1.8524973289354
158907343	4.7200154418685
2130324821	1.8384752920077
1171264881	3.2603272089084
603556429	1.6790969491373
777099941	0.288054382097
1562029109	1.4511350455932
960917229	0.801268821024
532816054	4.0126930149331
1684425301	0.91671392829936
579271173	0.39600130421855
1181064034	3.0443638391068
1709120133	1.4492089424511
782919018	1.8132186014267
257043303	0.49221926857355
1597957963	0.66944519554705
392741247	2.4992073315658
1321740778	0.30947632869216
2027018987	0.77368737700101
1561931006	3.9761877125018
930096281	0.56668671340062
1176000278	4.0982134938697
883420038	3.9879737999234
2138032041	0.39625958790828
200794067	1.9849974042666
1117882087	0.87308361002853
439751020	0.40599496821221
576054100	0.81547199087938
1919993004	4.895199115805
337542744	1.161708147806
700447017	2.9744723406501
17719904	0.21999321422539
592546963	1.1364467936272
1652477368	3.3733539275701
1082161175	3.8591213425897
1658480760	2.7239774156939
2119411263	0.45879700475316
1765739479	2.7974369389924
