1094694308	0.66847382377296
2098386359	4.8940132627701
905797053	2.1329457858265
1852858099	4.2727176119912
1814316114	1.9384172358263
1031095410	2.0689291679621
1750874172	1.0144046116687
1217099712	4.1390084261722
1310439230	3.8487376407016
2004173070	3.806179041884
1202459337	2.408652187981
251954528	3.3601122085751
527519505	3.5322387626079
349335291	4.1009786022366
20851196	4.2908280339515
1200606447	3.8368112867869
910956237	2.9029203359517
1902592268	2.0180138186636
1721763467	1.8247300674323
1444571699	3.8233175472465
1753211506	3.9607877721827
194703998	4.308505167397
556758508	0.14693969401854
1586445800	0.83644669541924
1784581613	3.5122271643543
344406459	4.7118073514252
886608509	2.113315568824
2125569591	0.37571335228892
1798652723	4.3717400098088
1772575879	1.787166784884
1396680304	0.99792124749996
881735507	3.423618117079
1403067164	2.5532923883541
893772237	2.3512929805328
1369961054	3.2702574964009
182743823	3.9034523553697
1968842502	2.1575481012266
53029929	4.2156269583924
2003856079	0.70834718444773
2124681443	1.496548723195
1148364432	1.8684650710171
814934504	0.36087173985358
956050038	3.2886600765812
25195754	0.64292966883766
1995213043	2.0946048489281
112486580	1.9701207741025
2138294291	0.17979037956325
368319970	1.0817862190687
1668585337	2.6994003740602
148707734	2.1824783516035
1451652462	1.8406311407874
1620672795	0.9071750687003
1194371363	1.1845063656496
1838706566	4.5555711582096
1053479569	2.3452356957575
122149021	3.2217104701426
2115809720	4.6638930727094
1477397636	0.6066631924392
1071492183	0.7294262343689
292833512	0.30031858491726
533195277	0.70429494870095
20963497	2.8037447844649
1847833962	4.6441523612682
1084634588	4.1407734663881
1150994064	2.0191027256749
1782227623	0.15186049051204
812098670	1.0053285914498
653909301	0.75464393745858
1106891571	2.3492313257182
797198094	4.0607683169938
440890729	2.1412261678564
401247901	1.8373213228012
829345596	4.0673608747625
403995159	2.1751546311077
1640194391	0.27288263443526
1607805567	0.0080310390368249
2073910390	1.4625718637661
1825561441	2.0522911343967
1384222608	2.5406233139991
