2138291701	0.80918934466745
156903525	3.8631098316345
1771848376	1.4549326880159
1231194348	0.26185413136233
410187964	0.056921546373945
406288688	0.87222277460258
2102924621	0.68351507451549
1154664169	1.0189051791182
1676197592	4.0510864178888
810383624	2.3810117726126
1578643674	4.0137168224965
1668495466	0.0022570346492608
926562577	1.9089600755409
1859334529	0.56842308517938
984150022	0.43270905755121
1313525119	0.050756779988649
670217540	2.6675242035033
155476267	3.9215722092993
189877741	4.9544081301216
289985232	2.2962835441792
2070508515	2.9209197582309
879631170	0.56674073476658
805472949	3.3664247828379
1053974589	2.3278714564293
931023135	0.70879428214803
949490827	3.2308291845167
1349787296	1.1768316133771
214163787	1.3832110335972
1267816825	1.7959389611128
518183141	3.870256083957
1368744061	0.76601863874403
1804330260	1.8390719601135
2134977011	2.6094286458611
38457835	3.2574276757694
1439118437	3.6145529959419
1954832228	1.9834554181357
2088163042	4.8728255554441
1734865583	2.098249826626
783559699	0.32419265728639
1625994607	3.3801801308897
1085333932	0.68833169093744
1252054395	4.1572218081715
1579496532	3.3516521953753
1869998335	0.20355230206789
1770805934	0.36671064345479
1835353392	0.097792553760946
1535843444	3.447094419248
871547675	4.6500342407497
1634759192	3.1574982233148
1271275580	1.0598657075594
1085833799	1.0252886852367
1704740235	3.187144055584
1355580103	0.38048702077031
