695263224	4.8665566928063
1113046065	2.0662037409219
818622547	1.2410562398103
1534120674	2.0162548832671
1951852118	2.9575967616204
1970366293	1.3590362837347
2038614368	3.1599529521353
841920761	0.6206774318687
1388767872	4.6588141772239
1957741185	2.7251147072414
46755853	1.1197091038896
800992910	0.97691059623701
1178701603	1.0315705351679
1692584195	1.945393628881
1754900289	2.1619166141199
1601938414	3.7435693613922
1233929071	1.1745419102602
427271987	4.6659045222522
1990097637	1.4585366083582
1661164211	0.0050935754576202
121768124	4.2443208602463
1439014177	4.0835641972178
980725259	3.5809858439402
1200896755	4.6399050856195
666212208	2.5007431500129
1129333750	2.9159904913586
1456503814	2.7534562059461
661906260	0.97868577855578
823007072	2.3538697871165
4591172	3.9341991482927
777977984	1.4256175567515
1784133678	2.5612720556377
171678444	4.1928970996257
2086026383	4.2618959603188
867176820	2.1058083707959
1854033942	4.2518171245474
1831622394	3.7129153305259
1303726894	4.5600293411687
1799157247	3.1804647125213
828615945	1.6264158867423
1148865635	3.5054836275547
2060113148	4.6510342856175
15333631	4.7049644611333
1053448477	0.87310830637492
816861552	2.9015814060818
1026939125	3.6175354656845
1792627573	4.5838100391365
1879448493	0.24683872016465
259449469	1.1894189595196
1699840263	2.2872320875932
965737221	4.492213602407
922740683	1.3257090241302
1501808795	1.4157170273437
868314610	3.8744537433956
1083477935	1.2068050127508
1048815155	2.4775669851702
606673612	3.2801279673726
1717800633	3.5059201221475
1006063465	3.9815604961391
1600622834	0.03773165635659
1937505697	0.17255445251826
1746051394	1.8721867710688
375551108	1.7143766077768
387359664	3.7603063409963
841130999	1.359031589869
348906302	0.62478102074227
1138666900	4.44319525242
612381806	3.9351442847099
397705045	1.9598088259622
1498266985	1.4367602027193
1346410127	0.89581297519422
552931902	2.5681011786536
505837344	3.8040747790616
1578125200	0.80144677581333
761948069	2.1793982443304
932528714	0.13010055298456
20376767	4.499057146953
1405300564	1.4710603451687
1727732366	4.0740483436147
1246058409	1.16454333354
637771093	4.4703968006514
761204831	2.9349782331544
1760765100	3.9609694336359
1479830412	4.1606213381331
62927568	2.3879366146344
1990142451	0.046298196560842
2134375577	0.69533937643065
1780751363	4.5651018757211
1788213284	2.7740939253821
921227551	3.706319396713
208349428	0.49172168154815
959255794	3.6134586104255
996795226	2.9211854366219
286011530	0.64409073006552
1265954719	0.6888535715122
1465308111	0.66109618202834
732214625	1.4813284629403
