360495400	0.39221673057983
174840423	0.13534015283703
1927717245	3.7296998914004
386954360	1.3142393558818
2134662401	2.8682771641148
208379643	0.57349347303318
1880753175	3.3712461932428
1655730642	0.99741957196846
1282305893	1.4504319599133
366882647	0.49793852283523
261436704	2.2062509563781
1505872368	3.4565070194455
108682705	1.9158442467059
725962442	2.5748582033323
1685140332	4.0540727735749
1504170957	2.4335412995115
1627096475	4.5152018007427
466311731	0.99963228031976
365207973	3.4871502958644
1251969329	2.9872757629432
795290671	2.2973453590168
85626790	4.0634395666716
14033358	3.4800465886854
1931164476	0.21248496845946
1214573436	1.1092726402494
1487968685	3.9400925738458
1138239186	4.8137311846082
14649886	4.5456943076782
464097380	1.1910695914138
1420349404	4.3204424713368
928034718	2.4810297030402
147977214	1.5869528644657
54619485	3.6919851059522
2033956018	4.8631867952008
66577082	1.9651034809486
