1926928327	3.0679920050632
1868519849	4.1860699719685
649647950	4.6031831156477
173330310	3.4309670508052
855278794	2.3916885780132
1124408341	2.3541668976444
841167095	4.9726258474275
1560452407	1.676117392106
475789420	2.4732981563887
724783372	3.1875586408132
351765353	2.8917914689015
1603819510	0.44743041994396
598917910	2.381552493843
1285459442	0.84060590520529
1864508909	3.0359059982169
2000171606	0.75428235845374
1449395122	1.7455979980275
1148990746	3.6678532760906
2030900436	0.28506027082217
118990567	1.0826400043828
591197834	2.829259586441
1755179196	3.782460980016
1648023373	0.75128236587685
1066169485	1.9787550610391
142950671	1.0862062364287
664378895	2.2247703220811
1120282832	0.92637859560846
48936427	4.7192406909164
904171506	1.0337795624667
2078410447	3.2622847884252
453718863	2.0245418846721
363466522	1.621344704936
121692762	3.747467593638
2145994492	2.4352425487876
791215202	4.4879730974734
1019413603	4.5674063240026
1095895608	3.2429503129064
1462061340	3.3922101200522
656358448	0.9217161177293
915607479	4.4607937589571
214254364	3.4188996038488
393132480	3.9142599301013
84155684	3.4073510688764
2099428246	3.8596192346232
207712828	4.890472094943
22914434	0.9850299060275
1068624632	0.70922152870764
492437027	0.88233117753748
1398653234	0.97392428246044
1585591115	3.6658885067636
246027322	4.5266792152667
1706530441	1.504663083006
1428412489	1.1566136759504
1749018643	0.12143364414639
1209429008	2.2020207611853
1397834710	4.6269048888362
1733607008	0.91657549884011
920981375	3.2334065242826
556153200	1.842731317432
815770090	3.2052981705429
1174906192	2.1433761283492
581881946	1.8934425441052
1110890201	3.6099758993881
699668185	3.9494924451921
2067691781	3.2670156090832
1061081070	1.9980973200864
2037491595	0.78470225715297
1789967637	0.96191341800704
1675885045	1.5598386300541
2085557848	2.0816069734663
248685818	1.8911019232548
