1342848248	3.1573615470703
1352023602	4.2096959400036
1323097654	1.816208051432
1457768587	0.52070150641757
1223556374	1.7400683796686
2144955294	2.3668460652078
918535876	1.3001148757991
1621708277	0.37305052875218
1074771915	3.8618512353217
1492063732	1.9735922231216
1089740640	4.7768076112386
2029874270	3.8711682538833
691340570	1.7406668475553
229905918	3.517154345064
1892615171	2.5372232671535
1820773706	1.3736172585625
2092534324	2.7225474350725
1484912952	0.93112654794526
716071235	4.7291617373606
1203724407	3.0607050741374
1118533942	1.7253441860552
291592582	3.9397390112
1120875303	0.72253361843644
578622768	3.9668880607779
955169861	3.6684149241393
6256091	0.43119187254049
1135680098	2.9145215954234
1855205206	0.82091111029541
1160948168	1.3793582172968
1846376157	2.6202654943896
804025512	1.5974048835213
624219854	1.4264237095725
529759407	2.3787530173449
1681984643	1.9257503617209
1004296697	3.6644613270948
2082928621	3.6587684781564
692389852	1.5196220537273
1452752158	0.57263314052142
946332819	3.0389088848787
371977828	0.49556540581191
1362635018	4.278686977587
1188943840	2.7032186522629
1708843728	1.7959337643329
670226239	0.1608163724471
189109875	0.51111497707251
1211821345	0.93337473735836
40578134	0.93109209133829
161506961	4.2967154850702
2123901182	4.4848309012525
583082935	1.1511528148088
1614905365	1.6804485426659
2005053643	4.1512397300225
1830101687	4.8487975913327
1562805605	1.7552749564663
167028417	3.0373563561762
953208930	1.6584516114827
1586698237	2.6320629043654
1462407505	3.5581055463097
257924384	0.65923927615361
955009883	1.6889405491245
1059103632	2.482276469228
602003608	4.9674329510738
1656732356	0.9543842291247
684597022	1.0483236802036
1527436404	4.0151540511358
1246696320	0.51841124683545
599549373	2.3064791980695
434519561	2.7003384626938
825616779	2.5718225364442
781101811	1.484044448698
352682342	1.3348532008635
