960172852	3.1854791628129
168465436	0.11749140690895
875586942	1.6800896458701
497718955	2.1779892999576
642280479	1.5487276606954
701307987	1.3441069500261
1776260296	0.73876659885923
13976412	3.2431360791638
1820577838	1.1469273879877
1065855966	4.6318416086174
262134382	1.7038698432519
815224172	1.6495220021575
422034422	4.2602935918888
303905685	4.6559031748473
1960998315	1.4375917503785
579282014	2.6478361839651
772235804	3.8947283843973
2146226408	2.0005699140022
761267111	0.57985571007238
313017811	4.4564536816703
2080934519	3.1157875960301
568918202	3.221930958434
912408681	0.7510516004409
2146875832	2.2303266810394
37665577	0.91989454157646
638363659	0.48715553967615
1004371330	4.7891169762188
333636173	2.7623385622922
990950322	1.488809057739
83459551	3.4910262625157
490371503	0.49600880848989
188510900	4.0690760519677
924032483	0.059937837095902
876009026	3.9889740939201
472849981	0.97115058264283
808002526	3.8093425141691
1296577615	3.14006673784
226918981	1.4477060183174
12841054	0.22817076660142
1421662612	1.7262963655993
1109677485	1.013857163961
508339919	1.6661913328181
1999692615	3.4151049346733
1902174730	2.2824410569307
1237175131	1.9127886890959
296377634	1.9374653077393
849524860	3.7898998306086
1612613148	3.122068076917
265637326	4.9175077280577
815123523	3.2601553030592
2144380868	4.1194560584237
407661505	4.933544471829
1654893948	1.116792774348
54341566	4.3405116020425
1578372279	3.3651795393625
133406518	0.58845509336724
685926523	1.0735354181722
1538030073	2.0866429559359
1987973247	1.5925890261273
1431146132	2.634906839875
1494430193	3.2617479857345
570431048	4.556020209359
1200488735	0.756679575777
282308469	2.8563337646687
779327290	0.21003375538161
1019351837	2.7802114411165
2064837638	3.9333502943317
64726473	4.1633342435413
1092042197	4.8083829809019
1339169746	4.2275293703319
322409567	3.0614906167898
1180048940	2.4791697447557
931548972	3.0003812271172
1034701528	0.68064552530676
342902393	2.9723932538053
213734301	1.3699164294498
684022185	4.6272940023929
365396266	0.55885996695555
1666451966	0.6585782443446
95491856	2.7270920238118
365040776	1.3490422332422
365676	4.9464752338577
