1042593644	3.2318994790464
675156040	3.5235832973959
2113280532	0.34403389335798
470480691	3.2668917292109
124094187	0.97622204384591
1404322828	1.4662607789348
1065377073	0.027247979318373
2128305335	1.7718465960453
613662802	4.0119026806261
96388825	0.7140892887088
1157688508	0.61133332578993
2036087518	2.6264779049095
1364299068	2.5893545488777
693372462	0.075116963160744
1681945086	2.9057386740603
524926497	1.2871522369269
869002930	3.5703693509895
96085861	1.9192979563583
961621394	0.7871746182382
2113839006	4.3910295955795
48946015	3.9526252164285
1781261997	4.1197210895455
1689337212	3.3890813907558
1402991840	4.5368911021095
1911890624	0.81514680097585
2070399938	3.2468195647219
245054415	2.6618441090276
2103292845	0.74541258427567
1344125136	4.7858673659087
766741103	4.7964871091752
1369421303	2.5422712078049
1449215409	2.3958229820225
1237120294	3.2446787614583
1908121462	3.0990488003469
1522705927	0.37146358535228
1767427558	4.5940873048241
1849533234	0.50621908181637
1054176681	2.6840493351612
1863337642	0.56006947558376
1502527002	2.5971921754988
1292938868	2.4083876690866
1377366581	3.2780121049276
1020825417	2.9783692201499
2038171062	3.01234063367
1846397620	1.1733807652133
724338157	3.7206944677609
1333978019	1.2403964373471
539925125	4.0825298680377
788235294	4.5332176468955
722979569	2.5472428661525
224267411	3.8682160637659
1030618531	2.2206768753103
904561697	1.5969003511578
1786838902	4.5895553494755
1052510013	4.2879484008476
676260545	4.7972794830786
1242758294	0.16023200711246
1572576560	3.1684178757334
212234605	0.21958532986212
115700667	3.636546637228
174758998	4.4010549943899
435795324	3.111884278763
465712556	2.4442292342168
180712400	1.0442776330953
523747854	1.2555610580629
1340421855	1.8263594023075
593378734	3.4690276502953
1060550267	3.9283653366977
689933155	2.0804930860552
