1172453408	1.8132696658435
1040991211	1.8545073465698
415109386	2.8702504876397
1633685525	4.6984125229988
1265872378	4.9466246366252
869566829	4.8561096609831
16166403	0.48554533183833
2132542846	4.8137407888722
845230815	1.7073503004887
627895973	4.4877454752511
1294577746	4.6061151379748
137578822	2.1815746311013
506419296	2.6642280666457
1150135679	1.7941044442328
711139687	4.0792308091555
914970677	2.0276804976294
1147931212	1.6379806267274
831371151	0.3046093626435
410465858	0.95021435336685
519518689	2.5190438784282
1239270207	2.6815160283267
264392875	3.610901666624
1616028157	2.1799669634458
608543020	2.2870713017355
1584828892	1.2825109047268
1836843703	2.2473619283398
2093735204	1.0707430942313
134483268	4.8179645649241
1006378093	1.9193002241288
344820503	1.4228545764568
