786866647	4.104302029174
1459836513	2.4223187996178
957370357	4.5570716469349
182976918	1.7393861439728
877282838	4.7791627001852
1002743857	1.3819300017235
574085048	4.3673039434325
1882328207	2.1438928540535
1409288189	3.5365185483995
1652516901	3.5461227263073
143269398	0.54484341318945
842084585	4.5418055376698
707441450	1.9164692293464
437152223	1.062099745526
1009725254	0.14680988394972
1087026026	3.8687643287092
1532698234	4.2264058297623
243611702	0.96273592019581
1196104794	4.5556343833709
2077497193	3.4702393917694
910977948	4.785121565119
1384895839	3.9537291084201
1953219129	2.3325824306033
400168173	1.7223861868132
797823411	3.1835985966882
575628944	2.0480921175555
755123824	2.825903574855
1122877375	0.11886033933557
306017298	3.3570088554905
2067004729	2.2702671574756
1519022431	4.4230687615569
1694025039	3.9438750357106
1616313416	4.6220091868294
322461966	0.24130930204005
2116353145	2.6581659948724
256786951	3.4151589932922
1779900996	4.7560358768124
