1563639485	4.8444326710163
2019190133	0.53530872358722
2025251515	3.4034695212745
371317471	1.2197354697714
427186464	2.2584321383659
1876395255	0.38542522368274
965280373	0.47749002952012
1945484011	2.8629755195524
1536813562	3.2841289803777
349590156	0.61262440663419
139225318	4.4256622783959
672003418	1.125211015402
1923971173	2.7029982221792
1340246445	1.0999890352134
1258156996	0.3839374358691
1973643741	4.9629086232571
1620067868	0.11383222654175
1451848071	0.54036129756847
739297694	1.0534192277367
1792974067	2.1816772698339
468530433	2.4895551998585
86582660	2.454074710819
12978208	1.4763809025643
224258035	1.5151330579608
522284930	4.2715655589809
761723770	3.4805245504158
2104940618	4.3203577512504
1463641360	2.80562200947
320014385	4.682621531972
1705798293	1.1833353369419
