44914321	0.95596959160453
2091745930	1.4640120959207
1117288677	3.2270384129263
97506979	3.3365847022909
656243597	0.98422259603824
670887165	3.9913088264835
2067882529	0.6077364881559
59951655	2.5836509478202
1864302401	3.1418141038817
1430524729	1.16101208197
1329523615	2.088849128731
1575744739	1.1093590623277
197711988	1.8010244154376
1565057671	4.6167760736387
1914736404	4.9491701228307
1353042262	4.2545106863857
1090920980	1.5240683716368
82068159	4.0786000872397
2104051528	0.76002506807448
1031755365	3.988697428251
150663922	1.8733851061544
486070002	0.28674911488162
1765234528	4.9578692205054
1745632822	2.8740073497752
1188599067	3.6245408857356
1613446900	2.9053423264554
1054964918	3.2640060541518
964844853	2.0309369508321
552902662	0.47613684110164
66429523	0.8345034931947
241832268	3.7634108023548
1992619991	0.2257087501817
1318157559	1.0651706536604
30314965	3.2061995930067
815309480	1.8712717466388
1245675963	0.37349789653602
551009466	3.2281320557129
149191873	1.0418585762576
1972131300	2.3193572123159
979360522	1.9606393538232
849119127	2.440750804935
604484634	3.4094489544674
2031782245	0.42161950861179
1076926175	3.1267478704111
2015939871	2.9407332571879
499418766	3.0551326358948
1044662749	3.7539300293447
612242873	3.5246650099404
205343940	1.5970127291963
1389376040	0.22576471335523
281380806	3.9428517333897
217286191	3.7821380928076
