985224420	3.512145468738
87461341	0.01013991656254
282452042	0.6911273280583
1273778466	3.9791289851904
2072450696	1.7972150336938
1726992621	2.4322017107309
502997694	3.6193191416652
318216360	4.2398247095942
1179007217	2.5228013086705
337165359	4.0603692848516
660363191	0.12713348266069
721452751	4.5214438669018
1943488809	1.3015489425983
73074343	2.0148290889407
889902377	2.6900280861603
442670309	0.43863355901029
245530635	1.4187309897592
1923637323	4.3690356353154
1689691760	3.5893395676228
851589454	2.4508237594044
1332973681	4.0311754141148
1584920565	0.36593774350637
1186123093	0.1006935793444
123935681	1.2174141994759
1949510541	2.5111675413843
2081439784	2.0765233072809
1567635645	2.7187204769434
1269636065	3.3986340199591
153031196	3.2974772962264
521977525	2.4750538321561
793652480	3.8532548043194
1876783232	0.75205880485105
1252450034	4.010010396135
399801702	1.8414005715593
290488966	1.220153279705
36180171	1.89832124249
1395443235	1.0218002302674
882942057	1.3519505115002
219637180	1.5998034233226
1146958907	1.7510226330492
2015881625	1.9422072390757
165812805	2.9902727822728
705122825	3.2442130512764
1728635832	1.5847810015943
1061421008	2.0061610275908
1304928285	4.7725331339857
984084143	1.48943529068
1931225364	0.30912631438539
42465110	0.88462733704812
215966273	1.347507804794
1512298501	4.4824289062444
589196637	1.8483765431905
332045559	3.1702898410942
1353587907	2.1407445087753
118176223	1.004678912463
517909774	1.1018687002835
66047715	1.4525612822979
1264735895	2.4330424412308
1802201133	4.7793339750633
366542032	0.36257580638052
194102110	2.5290324294609
658409946	1.948395719262
1582065398	1.2024611682643
877699071	3.3939624616848
831393793	0.79270460446957
1723999506	0.58310866383049
371103202	1.5811876075255
1886540866	2.9046644726324
2029497940	0.96932375383066
1128873571	2.6556813426575
1433877649	1.1608254845072
697246696	1.7501003629296
1987679484	4.8778386366916
30774224	1.9514455003438
750948743	3.0172969717613
2117830877	2.9293369538753
14787456	2.2853435749585
933892843	0.96988253806247
1121732711	1.2944980856471
1109758839	4.9416321911577
729174463	1.7501059927745
374473420	1.6056219821822
2135434216	2.5827750645498
1729590579	2.5566496339425
1125120694	3.6362008162011
700274197	4.4106524993715
1481782	2.4215377412837
1778536408	4.1646809615962
2103520236	1.7881120912675
276217328	2.2758965623918
