1101468870	1.30877419203
619799201	0.51225905097661
1069722886	3.5341212053476
1068822904	2.9537146133155
838801090	1.4955536702161
1024460953	1.1906342912422
93327925	2.4221201461843
964195951	2.9494043802607
1102898725	2.308758489
1577714498	0.11345486860418
773819015	3.8480678241924
593537956	0.55180374325803
1224028325	2.8580715636993
1887552150	2.484678152243
808604283	3.0526293036773
1632146509	2.8757661454732
2104590973	1.4203801245524
418365481	3.3581902358486
999928700	2.1534414157055
2112036419	2.1399589218851
1075401873	1.2020712351436
156430480	0.96627262233117
324320690	2.2533629006955
482825233	3.8662204187672
1508286460	4.6749462185777
1119950070	4.5268935149195
726796807	1.7813518511976
839905184	1.7137019833148
912085519	1.3332821528117
10215268	0.16548752792435
653463651	0.59638836216013
805051950	0.070206422857105
491458095	0.32429808300189
1701160973	2.1446957612153
206046627	4.7390574937403
