119044911	2.5477082806396
77069717	0.23115727595573
658013099	4.8067322279358
1738351628	1.2848985643521
251734811	1.2875952763891
1148040940	4.08132478552
1769737023	0.24452741502064
2008128464	0.45418133747493
1275655767	0.70903972988438
1586409115	2.1951199077047
1388456343	4.6601809094009
1004146841	2.0410139402566
725499742	4.887397778168
1856971191	2.587680761976
1129942708	4.1024746951193
1139281774	1.5690236103577
584891085	4.7282479748727
603155423	4.2029894302613
1383305458	2.4132407723988
337073889	2.8176013416693
442152665	2.8533968389283
1701885804	0.65537244577677
860070073	4.119516312666
1894014676	0.90857276968126
1151009300	2.9306670291958
719675616	2.7689811600228
2056774525	2.6772087941306
1004143382	3.4825724053581
