844497466	2.9645463535397
1503494036	3.7744671170481
1692574688	1.8228451194348
998951731	3.6834728339144
631908462	1.0900368057611
2050552158	2.0577269709007
1882182778	2.7749849542859
1481763038	3.00771141332
1235339512	4.7273944317025
2103336691	0.25052501831694
1592836003	1.6666557368201
1075977291	1.1186007927724
84979628	0.96423436699632
2012337023	1.0063128853246
1936732253	4.594101018549
875198386	3.2968034820151
1475864451	4.8646346246193
509566108	3.245602589215
1228014078	0.99468451505279
742067385	4.7901293913788
1915458680	2.0512159969896
1466570896	3.1650365996943
830143911	0.15277509119025
1016640459	0.009595993910728
790804139	4.7072043897152
1928539939	0.15733393149326
1415694921	4.7273509575647
1944564940	0.55329337974698
1196829542	1.2510486930846
1405473926	1.4094603254504
207912297	4.13143045927
1644431907	0.99750262265909
1849197131	3.0091957203155
1263302810	1.6247364443842
345647497	1.1219295189352
1320336652	4.0399473086186
1110759015	4.0463391244627
1278025249	1.6076831759921
2066818396	1.5136077867419
426351853	2.5930785586094
473976389	3.3959114194829
1670244731	1.6461881281092
1216210199	4.1049985560146
1589472109	0.10880588558913
1212681907	0.41217004666672
160462600	4.2672908325993
843485077	1.3290259224963
884552869	0.79523641653137
1338387497	1.3968563039772
379274088	2.5306578644228
1750056907	0.9967210893504
1889421417	1.6786240421602
619898177	0.10968197142225
573616198	4.1845543795193
49066143	2.4074624699575
1446676229	0.12586747534846
711455200	0.144691022646
1824220066	0.26287824160553
1005139695	1.0124749601877
2048069021	2.808285382487
754840090	0.36748887056834
129575340	3.3900533935009
2057133675	2.7143738873836
804716689	0.38274166192056
86422587	2.3456791147337
667507660	4.7944167092417
678812383	4.274465115403
148065559	0.31811409644695
951867371	2.1133556739024
1383585210	4.8157679614684
1890958866	4.3202753129044
302409530	4.6352703541682
703544844	0.83026594055363
1262729172	4.506686178272
277633952	2.4085848021361
2070309176	0.26746849076239
729490057	4.6298802060214
672956285	3.4719684619792
1578036708	4.2914971217008
2055870823	4.0413302993594
1718062501	4.6816035521597
