1891953224	3.0396355935557
1292517178	0.81583675966404
1556736463	1.2318060273453
1290957274	3.1627016785381
1978819986	2.2994423971043
1522261685	4.5628661054945
792013816	2.5614777475416
1316448949	2.4957482737935
543753783	3.1784028807554
1439286140	4.7323630818782
47341995	3.5951929626033
363588511	0.31826419304976
1609566235	3.0787570951873
750164211	4.0475057177467
281313735	2.3280814114623
454336867	1.1547101829921
1728648715	0.24974059325165
1520536470	2.4961986357794
320723709	1.3507578085879
872890773	1.6186223978263
1859133662	2.9225122290303
2137661940	0.58820696342187
1493266867	4.9838194390684
1941356454	3.6318154230862
1327560592	4.7327285119019
762622691	0.40607296414956
548066702	2.0204285401946
1794490457	2.988220007619
1946844680	3.451960400423
1813646878	3.496254479278
477884741	4.1936787959159
1437123996	1.6165832810181
1686964038	4.9910407210658
798649961	0.61898599640419
478410592	2.2474744530616
785856134	4.2618114753914
190332907	4.1767234351378
291746800	2.2430989226527
1019518129	3.094204656358
2115634324	3.5801221772936
60534747	1.4760590025578
1750873449	2.0130315129706
1911962323	0.32760035494696
