1394550744	4.5327519134305
2008230762	3.7326927616879
2014689405	3.1915588365828
2078933708	4.3870659728474
1374705685	3.3853851949728
851303242	3.0341241848814
1889369295	1.8618636680124
1034023979	1.3511157833743
1878883829	4.3759082161709
1202253504	3.1050237701764
1054478537	2.7088785393671
312533907	2.6963559434267
744796492	0.86700370808458
576011836	0.10934622264902
1932630459	3.2332908936
352073318	2.5002389901784
106309948	4.7140016777972
446833680	3.7339715746855
1780560011	4.3992288594131
824417478	4.2575428049348
409439193	4.6501497363905
1013674921	0.36869848629865
576003160	2.7274178982374
409637125	2.6052324229876
1673977875	4.0787521838577
488436432	2.2710446651424
2145400060	1.5568557435446
817480650	2.8134035611588
1691398604	3.5421345841801
1287408198	0.86561717598961
1638550344	3.5610675036726
891251008	3.2127326648742
1287570248	2.0053931078899
543275728	1.2403354985827
14075621	4.7671960479427
615790930	4.6850188354426
1543866937	4.234399827772
178060820	2.2571497095084
1812345956	3.7619917368339
1011995792	4.1707715621082
277114792	0.043390984667181
1359297821	0.51181765297047
1784957046	1.2729598378171
653983809	4.87426222529
1086968341	3.1407826850846
1082218740	1.2320908863247
1878668509	0.83520406663194
1648860381	3.4591829746306
2127023875	1.6698006781143
2145051734	1.3604742085377
157558117	0.20143530806593
1740735040	2.1855976303041
819069991	1.7109020714233
1128481405	4.598739759344
600090828	0.29261531787581
1547964546	0.37130448984509
127946261	4.9795959074886
1487700727	4.3544815081891
1016803858	2.2913750993513
92829856	0.49325787718094
994640143	3.3792681821525
886503701	0.11159277991932
15416740	2.5411576719681
900076861	4.5654666514906
1063535192	4.450942682778
1823666216	2.8989826947912
177383163	2.6508022042228
359025689	1.0980934747952
1662286875	3.4381758880048
934575723	4.2179108430715
519041614	0.26784453786344
1770650517	0.67995831634847
1248211296	1.2728936463934
