0      2.74
1      3.18
2      1.35
3      4.64
4      .39
5      .33
6      3.77
7      3.71
8      4.07
9      2.60
10      1.35
11      4.55
12      4.42
13      .44
14      2.38
15      .45
16      4.42
17      .48
18      4.32
19      3.27
20      .13
21      3.67
22      3.88
23      3.80
24      2.71
25      1.04
26      2.29
27      2.90
28      4.94
29      4.38
30      4.12
31      1.48
32      .08
33      1.38
34      1.69
35      .10
36      1.78
37      2.11
38      .80
39      4.89
40      2.89
41      1.63
42      .46
43      2.40
44      2.96
45      4.00
46      3.56
47      4.91
48      1.30
49      4.27
50      1.93
51      2.21
52      1.85
53      3.04
54      1.65
55      3.42
56      3.08
57      1.25
58      1.19
59      2.90
60      4.79
61      4.66
62      2.10
63      3.03
64      2.63
65      .84
66      2.25
67      .78
68      4.26
69      4.30
70      3.02
