0      2.87
1      .78
2      1.97
3      .77
4      1.08
5      1.19
6      1.92
7      3.42
8      2.70
9      .26
10      4.13
11      4.64
12      2.39
13      .22
14      2.08
15      1.43
16      1.51
17      2.69
18      2.96
19      1.88
20      0
21      .45
22      2.15
23      0
24      1.16
25      4.44
26      2.53
27      .94
28      4.28
29      1.65
30      3.56
31      1.67
32      3.36
33      1.47
34      2.63
35      3.19
36      1.28
37      1.34
38      .60
39      4.97
40      4.79
41      4.80
42      4.71
43      1.45
44      1.07
45      3.16
46      1.47
47      4.59
48      4.99
49      3.90
50      1.54
51      4.21
52      4.29
53      .75
54      .37
55      3.27
56      3.39
57      3.25
58      1.92
59      1.34
60      2.38
61      .87
62      4.48
63      2.65
64      3.10
65      1.35
66      2.22
67      .17
68      2.98
69      3.33
70      3.76
71      2.30
72      4.62
73      2.37
74      3.04
75      4.82
76      1.25
77      3.65
78      .18
79      4.43
80      3.65
81      1.76
82      .49
83      1.27
84      2.92
85      2.26
86      .99
87      4.70
88      4.62
89      2.75
90      .79
