0      3.30
1      .45
2      4.80
3      3.00
4      4.06
5      1.63
6      2.10
7      2.44
8      .56
9      .03
10      2.33
11      4.70
12      .13
13      2.90
14      .31
15      4.76
16      2.00
17      2.15
18      2.80
19      .05
20      4.72
21      2.46
22      2.27
23      3.49
24      .24
25      4.00
26      .32
27      .90
28      4.12
29      2.62
30      3.88
31      .01
32      4.15
33      1.69
34      2.41
35      2.86
36      2.47
37      4.51
38      4.69
39      1.76
40      4.06
41      2.60
42      3.96
43      2.11
44      1.03
45      3.22
46      .54
47      1.68
48      4.81
49      1.81
50      .20
51      1.58
52      1.87
53      4.66
54      3.38
55      1.73
56      2.79
57      3.21
58      .43
59      3.15
60      4.50
61      4.58
62      1.33
63      1.87
64      1.83
65      1.36
66      1.15
67      1.53
68      2.09
69      1.82
70      4.42
71      .95
72      4.94
73      2.82
74      .15
75      4.31
76      2.48
77      2.02
78      1.84
79      .23
80      .20
81      2.38
82      4.62
83      4.52
84      .73
