0      4.94
1      1.53
2      3.11
3      2.12
4      .98
5      1.24
6      4.43
7      2.06
8      1.37
9      4.56
10      3.32
11      4.05
12      2.86
13      2.80
14      1.39
15      4.10
16      1.46
17      1.89
18      3.35
19      .46
20      1.60
21      3.56
22      2.86
23      2.17
24      2.67
25      .42
26      4.73
27      .18
28      4.50
29      2.46
30      .74
31      2.30
32      2.26
33      3.84
34      4.39
35      3.56
36      3.99
37      3.86
38      2.07
39      2.46
40      .23
41      4.20
42      3.88
43      .42
44      .16
45      3.17
46      3.61
47      1.16
48      .34
49      4.19
50      1.55
51      .54
52      .32
53      1.77
54      .69
55      4.92
56      2.55
57      1.62
58      4.16
59      3.24
60      .76
61      .27
62      1.19
63      .23
64      .68
65      2.80
66      4.53
67      4.62
68      1.59
69      .81
70      3.42
71      .36
72      3.11
73      4.07
74      .50
