0      1.44
1      2.29
2      2.04
3      1.30
4      .44
5      1.72
6      .50
7      .63
8      4.22
9      4.04
10      1.50
11      4.80
12      4.15
13      4.27
14      2.42
15      .38
16      2.43
17      4.61
18      3.98
19      4.29
20      1.52
21      1.10
22      2.79
23      2.51
24      3.37
25      2.85
26      2.34
27      1.00
28      4.61
29      2.20
30      4.12
31      3.48
32      4.68
33      .64
34      .16
35      4.83
36      .46
37      2.51
38      4.30
39      1.30
40      2.38
41      3.08
42      2.59
43      4.07
44      1.41
45      4.22
46      3.78
47      1.88
48      2.19
49      1.10
50      1.95
51      .42
52      3.13
53      .21
54      .18
55      2.50
56      1.44
57      2.05
58      .15
59      3.21
60      4.66
61      3.24
62      4.65
63      2.04
64      3.40
65      2.72
66      .63
67      4.84
68      1.09
69      1.93
70      2.42
71      .76
72      1.94
73      3.41
74      3.01
75      4.94
76      .32
77      .06
78      1.11
79      2.77
80      .50
81      3.01
82      4.37
83      2.46
84      3.27
85      3.33
86      .33
87      1.76
88      1.86
89      .02
90      4.03
91      3.28
92      3.97
93      .08
94      4.16
