0      3.66
1      3.23
2      4.93
3      .25
4      2.30
5      4.52
6      3.39
7      3.11
8      2.64
9      4.59
10      2.72
11      3.11
12      1.16
13      3.21
14      4.90
15      3.03
16      2.07
17      2.49
18      1.44
19      4.24
20      .06
21      .04
22      4.16
23      .56
24      1.69
25      3.57
26      .40
27      2.26
28      2.07
29      .85
30      2.14
31      .99
32      4.14
33      1.94
34      3.26
35      1.08
36      .75
37      2.24
38      3.60
39      1.57
40      2.37
41      2.41
42      3.80
43      2.42
44      1.37
45      3.80
46      3.89
47      .98
48      4.72
49      4.28
50      2.93
51      3.66
52      3.72
53      1.44
54      4.24
55      2.08
56      2.57
57      4.64
58      1.21
59      2.81
60      .05
61      4.38
62      2.56
63      4.51
64      .46
