0      3.43
1      4.29
2      1.65
3      4.25
4      3.22
5      .77
6      4.82
7      2.74
8      .87
9      3.48
10      4.72
11      3.97
12      4.12
13      3.66
14      .70
15      3.10
16      3.22
17      4.47
18      3.40
19      4.43
20      2.09
21      4.66
22      1.00
23      2.41
24      2.85
25      4.67
26      3.97
27      .17
28      2.09
29      4.64
30      .17
31      3.63
32      .20
33      1.05
34      .86
35      2.88
36      3.25
37      .64
38      4.73
39      .20
40      3.90
41      3.79
42      .35
43      3.42
44      1.14
45      .28
46      .64
47      .94
48      4.73
49      4.53
50      .33
51      1.12
52      2.77
53      1.32
54      2.44
55      1.46
56      .62
57      1.93
58      3.63
59      4.77
60      1.30
61      4.14
62      4.63
63      2.18
64      1.27
65      2.80
66      2.40
67      4.36
68      4.51
69      1.67
70      4.99
71      .29
72      4.92
73      .10
74      4.29
75      2.96
76      4.33
