0      3.71
1      3.14
2      1.48
3      2.86
4      3.35
5      2.34
6      .76
7      .04
8      4.61
9      4.41
10      4.06
11      .86
12      2.21
13      2.62
14      .07
15      3.40
16      1.34
17      2.61
18      4.34
19      1.08
20      1.50
21      .20
22      2.51
23      1.90
24      3.02
25      4.94
26      .26
27      .40
28      4.73
29      2.10
30      2.99
31      3.42
32      2.57
33      2.36
34      .79
35      1.59
36      4.02
37      1.08
38      2.14
39      1.47
40      2.30
41      4.39
42      1.43
43      4.97
44      1.46
45      3.91
46      2.76
47      3.16
48      4.67
49      2.05
50      .23
51      3.62
52      2.96
53      4.44
54      1.46
55      4.68
