0      4.93
1      2.65
2      4.99
3      .86
4      .45
5      3.82
6      .42
7      .75
8      .50
9      4.36
10      3.32
11      4.81
12      3.15
13      2.15
14      4.89
15      3.53
16      1.92
17      1.89
18      .01
19      2.64
20      .61
21      1.02
22      3.84
23      1.41
24      1.22
25      4.02
26      4.13
27      2.89
28      1.78
29      1.25
30      .46
31      4.95
32      .98
33      3.55
34      2.20
35      3.86
36      2.80
37      2.34
38      1.59
39      3.77
40      1.51
41      3.22
42      3.78
43      3.66
44      .23
45      1.40
46      4.30
47      .70
48      2.31
49      2.13
50      2.30
51      3.55
