0      1.52
1      1.84
2      .14
3      3.87
4      2.82
5      4.73
6      3.98
7      .09
8      .53
9      1.77
10      2.92
11      .50
12      2.93
13      3.51
14      2.28
15      4.84
16      4.75
17      2.87
18      3.65
19      .75
20      2.03
21      4.31
22      1.31
23      3.85
24      4.37
25      4.02
26      3.06
27      .30
28      3.38
29      2.45
30      2.03
31      4.35
32      .76
33      .05
34      4.42
35      .14
36      .60
37      3.34
38      1.01
39      4.98
40      3.66
41      1.81
42      3.95
43      4.00
44      2.01
45      4.68
46      1.42
47      4.19
48      3.56
49      2.73
50      3.63
51      3.92
52      4.34
53      4.33
54      4.48
55      3.87
56      4.40
57      .41
58      3.65
