0      1.21
1      4.15
2      1.86
3      4.54
4      1.70
5      .89
6      2.11
7      .15
8      4.05
9      2.82
10      3.22
11      .11
12      1.58
13      1.28
14      1.59
15      1.39
16      3.64
17      .42
18      .73
19      2.51
20      4.02
21      4.52
22      .21
23      2.30
24      1.18
25      4.66
26      .51
27      1.52
28      2.69
29      2.74
30      4.94
31      .70
32      1.32
33      3.56
34      1.75
35      4.92
36      .81
37      1.36
38      .81
39      1.92
40      .14
41      4.53
42      4.95
43      2.44
44      3.38
45      2.80
46      3.39
47      3.33
48      .27
49      3.15
50      3.80
51      3.13
52      4.13
53      4.05
54      4.99
55      4.75
56      1.21
57      1.35
58      4.30
59      4.31
60      2.02
61      .84
62      2.82
63      3.11
64      3.07
65      1.12
66      .93
67      4.29
68      4.35
69      2.51
70      1.29
71      2.67
72      1.64
73      3.79
74      4.04
75      3.24
76      2.48
77      3.75
78      3.94
79      3.89
80      .09
81      .74
82      4.81
83      4.92
84      2.95
