0      .71
1      .92
2      .50
3      3.78
4      1.61
5      2.94
6      .97
7      2.32
8      3.93
9      2.09
10      2.84
11      4.45
12      4.27
13      1.02
14      2.49
15      1.64
16      .11
17      3.65
18      1.12
19      4.15
20      .72
21      2.58
22      .76
23      1.45
24      4.50
25      1.31
26      1.13
27      1.24
28      3.33
29      .61
30      1.08
31      2.89
32      1.59
33      3.40
34      2.11
35      3.41
36      .63
37      1.30
38      4.21
39      1.35
40      .25
41      2.35
42      1.86
43      4.61
44      2.57
45      .43
46      1.08
47      4.73
48      4.42
49      2.86
50      .16
51      1.17
52      1.88
53      2.96
54      1.14
55      2.97
56      .72
57      2.66
58      .13
59      3.90
60      2.39
61      3.49
62      .61
63      4.05
64      3.64
65      2.63
66      .99
67      1.53
68      2.98
69      2.09
70      .66
71      4.40
72      1.24
73      4.07
74      2.34
75      4.82
76      .73
77      1.33
78      2.64
79      4.13
80      .02
81      1.54
82      2.78
83      1.00
84      1.07
85      3.75
86      4.28
87      4.20
88      2.08
89      4.23
90      3.16
91      2.03
92      2.10
93      4.78
