0      4.59
1      2.72
2      .10
3      1.48
4      2.49
5      1.10
6      2.75
7      4.90
8      1.38
9      2.39
10      1.77
11      2.03
12      .05
13      2.87
14      1.54
15      .02
16      1.96
17      .28
18      1.27
19      4.78
20      2.58
21      .85
22      2.12
23      1.29
24      3.27
25      2.01
26      3.98
27      .88
28      4.53
29      4.58
30      4.89
31      2.68
32      2.12
33      1.86
34      1.04
35      1.08
36      3.33
37      3.19
38      3.91
39      .96
40      .71
41      2.15
42      4.56
43      2.36
44      1.78
45      .87
46      3.32
47      4.51
