0      3.70
1      3.46
2      1.02
3      .28
4      .37
5      3.31
6      1.04
7      .55
8      4.92
9      3.20
10      4.51
11      1.86
12      .12
13      1.12
14      1.22
15      3.41
16      .49
17      3.52
18      2.10
19      2.96
20      3.23
21      4.35
22      4.52
23      .89
24      1.12
25      1.39
26      4.72
27      2.32
28      .39
29      2.65
30      3.51
31      3.59
32      1.00
33      3.52
34      3.30
35      1.08
36      2.65
37      .96
38      2.40
39      2.13
40      1.01
41      4.84
42      2.08
43      4.95
44      3.19
45      2.59
46      3.20
47      3.40
48      4.52
49      4.97
50      .06
51      4.21
