0      1.48
1      1.98
2      4.05
3      2.00
4      .66
5      2.23
6      4.60
7      1.73
8      .84
9      .47
10      4.46
11      2.33
12      4.38
13      1.35
14      .27
15      1.42
16      3.63
17      2.96
18      .52
19      4.56
20      3.58
21      .70
22      .50
23      4.94
24      4.88
25      1.53
26      2.99
27      3.86
28      .64
29      3.57
30      4.42
31      1.32
32      2.04
33      3.90
34      1.65
35      4.00
36      3.24
37      4.58
38      1.91
39      4.57
40      4.17
41      1.72
42      2.83
43      .55
44      1.91
45      2.95
46      1.08
47      1.57
48      4.83
49      1.69
50      3.90
51      1.39
52      2.84
53      1.82
54      4.35
55      2.50
56      2.93
57      1.11
58      2.36
59      2.53
60      1.77
61      1.87
62      4.61
63      2.73
64      3.71
65      1.78
66      4.00
67      .95
68      3.82
69      1.67
70      .85
71      1.14
72      1.35
73      4.19
74      3.18
75      1.78
