0      3.75
1      4.69
2      .62
3      2.74
4      1.21
5      .04
6      .26
7      4.82
8      3.49
9      2.09
10      3.79
11      2.04
12      3.62
13      4.67
14      1.68
15      3.17
16      3.09
17      4.90
18      2.92
19      2.06
20      3.34
21      4.20
22      1.52
23      3.12
24      4.56
25      .01
26      4.35
27      2.44
28      .57
29      3.29
30      3.12
31      3.72
32      2.98
33      2.83
34      1.32
35      4.68
36      1.13
37      1.32
38      .02
39      .95
40      2.78
41      3.75
42      4.99
43      2.89
44      1.24
45      3.25
46      4.02
47      3.79
48      4.91
49      1.75
50      .84
51      3.64
52      4.90
53      .45
54      2.30
55      4.67
56      3.73
57      2.13
58      1.10
59      3.01
60      1.03
61      3.08
62      .49
63      4.61
