1	0.4
2	3.24
3	2.95
4	0.33
5	0.23
6	0.24
7	3.65
8	2.80
9	0.7
10	3.94
11	2.80
12	0.78
13	3.24
14	0.32
15	3.17
16	3.75
17	2.31
18	2.23
19	1.59
20	0.6
21	3.12
22	1.7
23	2.88
24	0.44
25	2.39
26	1.9
27	3.38
28	0.45
29	1.61
30	0.52
31	3.85
32	1.24
33	0.44
34	3.24
35	1.42
36	1.17
37	1.51
38	0.72
39	1.57
40	0.98
41	0.44
42	3.98
43	2.66
44	0.10
45	2.69
46	3.85
47	3.17
48	1.20
49	2.47
50	1.43
51	0.69
52	0.14
53	2.24
54	0.98
55	0.74
56	1.99
57	1.36
58	1.24
59	0.9
60	1.84
61	2.79
62	1.65
63	1.64
64	3.11
65	0.27
66	1.45
67	1.65
68	2.61
69	1.23
70	0.10
71	3.28
72	0.6
73	0.58
74	3.5
75	2.70
76	3.36
77	0.2
78	1.68
79	0.80
80	0.43
