1	1.82
2	0.91
3	3.93
4	0.70
5	2.53
6	1.35
7	1.29
8	0.70
9	2.34
10	0.5
11	2.35
12	3.32
13	2.32
14	0.91
15	2.40
16	1.1
17	0.61
18	1.33
19	2.59
20	3.81
21	1.39
22	1.0
23	2.38
24	0.9
25	2.38
26	3.80
27	3.54
28	1.49
29	3.65
30	1.96
31	3.30
32	2.46
33	3.34
34	0.49
35	0.71
36	1.27
37	2.30
38	1.71
39	2.12
40	0.0
41	1.13
42	3.22
43	0.20
44	2.79
45	2.84
46	1.92
47	2.4
48	0.20
49	1.3
50	0.13
51	1.23
52	3.88
53	1.79
54	2.15
55	0.64
56	2.50
57	1.67
58	2.58
59	0.70
60	3.23
61	2.94
62	2.53
63	3.54
64	2.84
65	0.91
66	2.62
67	1.51
68	3.2
69	2.76
70	3.21
71	0.79
72	0.88
73	3.73
74	0.20
75	2.56
76	0.62
77	1.91
78	3.89
79	3.13
80	3.41
81	2.77
82	0.93
83	3.96
84	0.13
85	2.37
86	0.13
87	1.67
88	1.91
89	1.66
90	3.83
91	0.45
92	0.71
