1	3.94
2	1.90
3	0.75
4	1.24
5	3.48
6	2.32
7	1.76
8	2.2
9	0.29
10	3.86
11	2.53
12	2.37
13	3.32
14	0.78
15	0.33
16	2.89
17	0.28
18	2.85
19	0.92
20	3.18
21	2.98
22	2.80
23	0.36
24	0.91
25	2.51
26	0.48
27	3.63
28	0.67
29	3.41
30	0.69
31	3.21
32	1.37
33	1.13
34	3.61
35	0.26
36	0.19
37	2.47
38	3.10
39	0.70
40	2.23
41	2.52
42	2.54
43	0.25
44	0.89
45	0.30
46	1.22
47	2.18
48	1.23
49	0.88
50	1.9
51	2.34
52	3.38
53	2.44
54	2.19
55	2.84
56	1.64
57	0.5
58	0.96
59	0.91
60	3.80
61	0.93
62	3.46
63	0.26
64	1.69
65	2.76
66	2.90
67	1.38
68	1.49
69	2.65
70	3.26
71	0.54
72	1.49
73	0.66
74	1.47
75	2.96
76	3.44
