1	2.44
2	2.0
3	3.50
4	3.65
5	2.5
6	1.33
7	1.78
8	2.16
9	1.53
10	0.89
11	2.91
12	1.77
13	2.65
14	2.98
15	2.11
16	2.71
17	3.36
18	2.54
19	0.3
20	1.32
21	2.50
22	1.13
23	2.68
24	0.71
25	0.28
26	3.61
27	0.20
28	2.96
29	1.64
30	2.61
31	1.24
32	1.66
33	2.87
34	2.43
35	3.25
36	2.33
37	0.20
38	3.0
39	2.96
40	0.39
41	0.75
42	3.62
43	2.19
44	0.98
45	3.75
46	1.94
47	0.72
48	1.90
49	0.50
50	2.26
51	3.85
52	1.72
53	3.24
54	3.28
55	1.59
56	2.6
57	1.10
58	1.93
59	1.88
60	2.97
61	0.73
62	2.54
63	3.51
64	1.49
65	3.45
66	1.33
67	2.56
68	1.63
69	1.44
70	1.74
71	3.38
72	2.36
73	2.25
74	0.64
75	1.53
76	3.87
77	3.43
78	3.12
79	1.78
80	2.46
81	1.56
82	0.8
83	3.70
84	3.80
85	2.93
86	0.68
87	3.40
88	2.74
89	2.16
