1	2.38
2	2.56
3	2.63
4	0.7
5	0.25
6	1.89
7	1.13
8	1.55
9	3.78
10	0.74
11	3.17
12	3.46
13	3.32
14	1.22
15	1.59
16	3.2
17	0.85
18	3.45
19	2.13
20	3.3
21	0.68
22	0.33
23	3.18
24	3.62
25	3.42
26	2.17
27	0.28
28	0.28
29	3.40
30	0.64
31	1.43
32	0.32
33	0.57
34	3.75
35	1.70
36	3.19
37	0.31
38	2.31
39	0.77
40	1.95
41	1.85
42	0.56
43	3.25
44	0.9
45	0.90
46	2.95
47	1.40
48	2.85
49	1.89
50	0.9
51	1.32
52	0.16
53	1.44
54	2.29
55	1.77
56	0.79
57	1.55
58	0.92
59	0.31
60	3.62
61	3.9
62	2.57
63	1.29
64	1.68
65	1.63
66	0.9
67	2.29
68	3.20
69	2.89
70	2.99
71	1.81
72	3.55
73	0.56
74	0.95
75	3.79
76	3.1
77	0.55
78	0.83
79	3.16
80	1.51
81	3.89
82	2.35
83	3.88
84	3.36
85	0.90
86	0.70
87	1.50
88	3.98
89	3.31
90	1.17
91	2.23
92	1.48
93	3.95
94	2.22
95	0.22
96	2.33
97	2.96
98	3.5
