1	2.57
2	0.43
3	0.72
4	3.98
5	2.71
6	2.55
7	0.73
8	0.87
9	3.72
10	2.54
11	2.44
12	0.36
13	0.67
14	0.43
15	2.25
16	1.81
17	0.5
18	0.10
19	1.14
20	3.9
21	2.88
22	0.71
23	0.68
24	3.15
25	3.61
26	1.27
27	2.51
28	1.90
29	1.4
30	1.3
31	2.31
32	0.46
33	3.69
34	0.30
35	1.7
36	0.93
37	2.81
38	1.68
39	2.84
40	2.80
41	0.86
42	3.48
43	2.24
44	3.2
45	1.73
46	1.55
47	0.78
48	2.55
49	3.57
50	1.66
51	3.90
52	3.51
53	2.72
54	1.98
55	3.58
56	0.77
57	1.14
58	0.63
59	3.1
60	1.23
61	0.67
62	1.65
63	0.26
64	3.27
65	3.78
66	1.22
67	0.5
68	2.97
69	2.74
70	3.19
