1	3.98
2	0.30
3	3.11
4	1.4
5	1.77
6	2.33
7	2.19
8	3.84
9	3.60
10	1.76
11	2.38
12	1.25
13	2.11
14	3.23
15	1.10
16	2.78
17	3.85
18	0.40
19	0.99
20	3.21
21	1.59
22	2.50
23	2.24
24	2.72
25	2.31
26	2.9
27	2.74
28	1.11
29	2.78
30	1.74
31	0.19
32	1.61
33	1.82
34	2.46
35	1.3
36	0.10
37	1.93
38	3.83
39	3.49
40	3.85
41	1.34
42	2.87
43	0.13
44	0.98
45	2.44
46	0.17
47	2.66
48	3.31
49	1.4
50	2.30
51	1.40
52	3.34
53	0.10
54	1.72
55	0.99
56	0.30
57	1.25
58	2.96
59	1.3
60	0.22
61	3.9
62	3.92
63	1.88
64	1.46
65	1.17
66	3.99
