1	2.30
2	1.0
3	3.24
4	1.13
5	0.43
6	2.59
7	0.18
8	2.37
9	1.93
10	0.31
11	3.31
12	1.5
13	2.25
14	0.29
15	0.75
16	0.66
17	1.64
18	3.59
19	3.24
20	0.96
21	0.22
22	0.68
23	1.32
24	1.17
25	0.40
26	1.26
27	1.1
28	3.73
29	0.4
30	0.15
31	1.22
32	3.76
33	3.10
34	0.80
35	0.82
36	0.5
37	1.28
38	2.76
39	2.34
40	1.46
41	0.29
42	3.73
43	0.84
44	0.86
45	2.19
46	0.17
47	1.39
48	2.67
49	1.88
50	0.44
51	2.12
52	2.76
53	2.6
54	1.35
55	2.60
56	3.94
57	0.72
58	0.80
59	0.77
60	1.37
61	3.53
62	2.17
63	0.70
64	2.94
65	0.39
66	1.64
67	2.42
68	1.93
69	2.21
70	1.33
71	2.28
72	1.37
73	2.84
74	2.12
75	2.79
