1	2.31
2	3.34
3	2.12
4	3.75
5	2.97
6	1.96
7	3.52
8	0.59
9	3.57
10	1.73
11	0.48
12	2.79
13	2.30
14	3.4
15	2.17
16	3.78
17	1.7
18	0.45
19	3.76
20	3.6
21	0.66
22	1.18
23	1.78
24	2.45
25	3.33
26	1.85
27	3.63
28	3.32
29	1.52
30	0.71
31	0.83
32	0.85
33	3.30
34	3.35
35	1.33
36	1.65
37	1.7
38	2.79
39	1.42
40	1.41
41	3.61
42	0.58
43	0.38
44	3.58
45	0.50
46	2.20
47	1.7
48	2.17
49	3.49
50	1.72
51	3.92
52	0.33
53	1.9
54	1.58
55	0.55
56	2.16
57	0.48
58	2.6
59	2.22
60	0.14
61	1.17
62	0.12
63	1.60
64	3.51
65	0.92
66	3.25
67	3.5
68	3.86
69	3.66
70	2.89
71	0.16
72	3.53
73	1.49
74	3.61
75	1.69
76	2.68
