1	3.70
2	2.33
3	0.41
4	2.96
5	0.93
6	1.13
7	0.86
8	1.90
9	1.47
10	1.57
11	2.12
12	0.48
13	2.0
14	1.42
15	3.77
16	1.41
17	2.20
18	0.76
19	0.32
20	3.40
21	1.15
22	0.30
23	1.57
24	1.25
25	0.84
26	2.84
27	2.8
28	1.75
29	3.45
30	0.31
31	2.45
32	0.79
33	0.62
34	0.66
35	1.40
36	1.39
37	2.45
38	2.48
39	0.24
40	1.3
41	1.18
42	2.89
43	3.81
44	2.88
45	2.53
46	2.83
47	2.61
48	3.34
49	1.10
50	2.84
51	2.1
52	1.38
53	2.35
54	2.27
55	0.5
56	0.9
57	3.31
58	3.41
59	3.9
60	0.39
61	0.40
62	3.17
63	3.13
64	0.34
65	1.77
66	3.92
67	1.56
68	1.77
69	2.23
70	1.41
71	3.89
