1	1.39
2	0.50
3	0.85
4	1.36
5	0.78
6	1.97
7	1.73
8	3.38
9	2.95
10	3.75
11	1.94
12	3.63
13	2.66
14	1.54
15	3.32
16	2.58
17	0.56
18	1.31
19	1.37
20	3.90
21	1.44
22	3.86
23	0.53
24	2.92
25	2.36
26	2.76
27	1.70
28	1.17
29	1.37
30	0.28
31	3.36
32	1.64
33	0.85
34	2.82
35	1.38
36	3.95
37	1.66
38	1.26
39	1.61
40	0.42
41	1.62
42	2.43
43	3.18
44	3.40
45	0.83
46	0.7
47	2.54
48	2.74
49	2.58
50	3.99
51	1.20
52	0.79
53	1.37
54	2.38
55	1.38
56	3.50
57	2.23
58	2.46
59	0.12
60	1.70
61	3.21
62	3.18
63	0.10
64	2.78
65	0.6
66	3.62
67	2.41
68	1.30
69	3.53
70	3.42
71	0.37
72	3.38
73	0.0
74	2.10
75	0.96
76	1.45
77	1.15
78	1.70
79	3.41
