1	2.88
2	3.6
3	2.59
4	3.25
5	3.41
6	3.89
7	2.1
8	1.35
9	3.8
10	1.58
11	1.12
12	1.94
13	2.80
14	3.13
15	1.86
16	2.30
17	3.30
18	1.76
19	1.15
20	3.68
21	2.22
22	3.45
23	0.86
24	1.18
25	1.13
26	0.3
27	2.38
28	2.68
29	3.8
30	1.90
31	3.19
32	2.87
33	1.47
34	2.9
35	2.72
36	3.54
37	3.88
38	0.8
39	3.39
40	0.86
41	2.53
42	0.49
43	0.88
44	2.61
45	1.1
46	1.75
47	0.83
48	3.40
49	2.83
50	1.90
51	2.13
52	3.91
53	2.10
54	1.67
55	3.19
56	1.76
57	0.80
58	0.51
59	2.81
60	3.36
61	2.78
62	1.0
63	1.19
64	1.37
65	0.21
66	0.51
67	1.74
68	2.65
69	0.85
70	0.53
71	0.30
72	0.66
73	0.62
74	3.8
75	0.43
76	2.74
77	0.65
78	3.16
79	3.78
80	0.99
81	2.60
82	2.7
83	0.1
84	2.30
85	1.34
86	2.55
87	0.97
88	3.98
89	1.83
90	1.80
91	1.8
92	0.97
93	2.46
94	2.39
95	0.84
