1	0.32
2	1.24
3	3.70
4	0.83
5	3.88
6	0.62
7	1.11
8	2.78
9	1.92
10	0.19
11	3.28
12	1.37
13	2.2
14	0.29
15	2.0
16	2.43
17	2.1
18	3.58
19	1.28
20	1.23
21	3.63
22	2.35
23	1.93
24	2.24
25	1.73
26	2.18
27	2.78
28	3.97
29	1.48
30	3.49
31	2.89
32	1.19
33	2.70
34	0.42
35	2.63
36	1.34
37	0.69
38	1.10
39	2.32
40	3.10
41	1.19
42	1.60
43	1.62
44	0.59
45	2.84
46	2.30
47	0.81
48	1.85
49	1.2
50	0.2
51	1.93
52	1.16
53	1.74
54	1.44
55	0.76
56	0.45
57	1.17
58	2.10
59	0.16
60	0.51
61	0.68
62	2.53
63	1.40
64	1.74
65	1.62
66	1.20
67	1.4
68	3.28
69	3.79
70	2.43
71	2.68
72	0.84
73	0.50
74	0.46
75	3.7
76	3.44
77	0.92
78	3.72
79	2.51
80	1.1
81	3.4
