1	2.2
2	0.99
3	1.12
4	1.9
5	3.4
6	3.72
7	3.53
8	3.85
9	2.34
10	3.23
11	3.40
12	3.82
13	2.50
14	2.17
15	2.98
16	3.17
17	2.63
18	2.12
19	3.28
20	3.37
21	3.42
22	0.61
23	2.26
24	3.38
25	1.54
26	2.64
27	1.84
28	0.37
29	0.19
30	1.40
31	0.8
32	0.36
33	0.52
34	3.90
35	2.22
36	0.43
37	3.8
38	3.95
39	1.52
40	2.97
41	1.53
42	2.19
43	0.46
44	1.35
45	1.91
46	0.27
47	2.15
48	0.42
49	0.21
50	3.86
51	2.25
52	0.88
53	3.26
54	3.63
55	3.31
56	0.79
57	2.15
58	2.33
59	2.8
60	2.40
61	2.98
62	3.8
63	2.51
64	1.86
65	1.85
66	0.91
67	0.87
68	1.62
69	3.95
70	0.20
71	1.57
72	1.61
73	3.80
74	3.85
