0      2.26
1      1.10
2      .56
3      3.29
4      1.85
5      2.52
6      .40
7      3.22
8      4.15
9      2.63
10      .98
11      .41
12      2.14
13      .87
14      .98
15      3.78
16      3.01
17      .81
18      3.31
19      2.80
20      2.44
21      1.28
22      4.87
23      .98
24      .93
25      3.62
26      .03
27      4.33
28      4.74
29      3.38
30      .84
31      2.50
32      4.32
33      .60
34      1.55
35      .55
36      3.58
37      3.93
38      4.46
39      4.26
40      4.17
41      2.86
42      .88
43      .31
44      3.66
45      1.93
46      1.40
47      2.00
48      .35
49      .04
50      .67
51      2.28
52      1.43
53      1.26
54      4.85
55      1.35
56      2.12
57      3.94
58      .76
59      2.28
60      2.23
61      2.52
62      3.26
63      3.97
64      .64
65      3.47
66      4.74
67      3.52
68      4.82
69      3.45
70      3.47
71      2.27
