0      2.57
1      1.89
2      1.22
3      3.55
4      .69
5      1.80
6      4.55
7      .34
8      4.63
9      .49
10      .55
11      .46
12      3.59
13      .06
14      3.88
15      3.04
16      .73
17      1.25
18      4.14
19      3.99
20      3.32
21      4.21
22      3.73
23      4.34
24      3.30
25      3.14
26      .90
27      .89
28      .09
29      2.23
30      4.27
31      1.68
32      2.70
33      .47
34      2.93
35      2.51
36      2.79
37      3.12
38      4.40
39      1.09
40      2.68
41      .48
42      2.30
43      1.07
44      1.23
45      4.00
46      2.23
47      3.53
48      4.98
49      3.77
50      1.02
51      2.11
52      3.81
53      .76
54      1.78
55      2.62
56      3.93
57      .34
58      1.22
59      3.49
60      .75
61      4.23
62      1.53
63      .88
64      3.13
65      .67
66      1.56
67      2.89
68      2.91
69      .61
70      1.01
71      3.69
72      3.70
73      3.27
74      1.16
75      2.72
76      1.05
77      .83
78      1.43
79      4.95
