0      2.94
1      3.94
2      3.47
3      .97
4      4.45
5      4.65
6      .71
7      4.60
8      3.37
9      1.47
10      4.66
11      .91
12      2.74
13      2.35
14      .83
15      3.50
16      1.49
17      4.56
18      .27
19      2.37
20      .62
21      2.88
22      2.14
23      1.20
24      2.65
25      3.71
26      3.66
27      3.20
28      2.42
29      .72
30      1.46
31      1.57
32      4.37
33      4.36
34      4.50
35      4.92
36      1.41
37      2.81
38      4.90
39      .97
40      3.81
41      4.04
42      .53
43      3.97
44      .59
45      4.37
46      1.17
47      4.23
48      2.75
49      4.88
50      3.20
51      .71
52      4.07
53      4.33
54      3.41
55      1.62
56      3.81
57      4.28
58      1.98
59      .24
