0      3.81
1      1.51
2      4.08
3      4.85
4      3.53
5      3.24
6      2.55
7      1.20
8      1.94
9      3.27
10      3.98
11      2.37
12      2.47
13      4.82
14      1.04
15      2.69
16      4.31
17      4.18
18      .80
19      .61
20      2.87
21      1.34
22      1.18
23      .71
24      3.06
25      2.09
26      .96
27      .21
28      3.70
29      3.00
30      2.45
31      3.55
32      4.22
33      2.47
34      4.31
35      4.45
36      .85
37      2.34
38      2.71
39      2.73
40      1.90
41      .95
