0      4.02
1      .83
2      3.55
3      1.54
4      .19
5      .70
6      2.06
7      4.04
8      1.40
9      1.81
10      4.12
11      2.24
12      .11
13      4.23
14      4.83
15      2.94
16      4.74
17      4.37
18      4.47
19      1.48
20      3.91
21      1.85
22      3.61
23      3.98
24      .70
25      3.91
26      1.37
27      2.35
28      2.69
29      2.48
30      .51
31      4.86
32      2.12
33      .86
34      .35
35      4.22
36      2.21
37      1.17
38      2.14
39      3.16
40      4.41
41      1.59
42      2.58
43      4.01
44      1.49
45      1.36
46      2.75
47      .85
48      1.11
49      .27
50      1.30
51      1.67
52      2.31
53      2.23
54      .74
55      1.54
56      .94
57      1.67
58      2.17
59      3.80
60      4.51
61      .28
62      2.36
63      .34
64      3.83
65      1.37
66      3.99
67      2.99
68      4.03
69      .55
70      2.82
71      4.05
72      .31
73      3.61
74      2.88
