0      1.16
1      .17
2      4.08
3      3.98
4      4.17
5      .88
6      3.46
7      .33
8      1.90
9      4.39
10      3.32
11      1.99
12      4.34
13      1.06
14      3.26
15      .43
16      2.86
17      2.33
18      .95
19      1.41
20      2.48
21      4.07
22      .75
23      4.34
24      .72
25      1.04
26      3.11
27      2.24
28      2.81
29      .98
30      3.22
31      1.34
32      3.20
33      3.76
34      .14
35      2.00
36      .77
37      4.17
38      4.76
39      3.39
40      1.50
41      3.98
42      .41
43      4.66
44      4.09
45      4.66
46      3.89
47      .89
48      1.10
49      1.45
50      2.41
51      1.79
52      4.89
53      .42
54      3.29
55      3.85
56      2.15
57      .20
58      2.59
59      1.75
60      .26
61      4.18
62      3.56
63      2.87
64      2.18
65      2.97
66      4.74
67      1.29
68      .35
69      3.26
70      1.64
71      3.64
72      1.28
73      1.57
74      2.90
75      4.04
76      .29
77      3.51
78      4.59
79      3.91
80      3.26
81      1.09
