0      3.94
1      4.98
2      2.46
3      4.79
4      3.49
5      .09
6      4.88
7      3.66
8      2.19
9      4.57
10      4.18
11      3.80
12      3.47
13      3.42
14      1.84
15      4.94
16      3.63
17      1.27
18      .23
19      .64
20      .89
21      4.58
22      4.97
23      2.50
24      1.85
25      .10
26      3.50
27      3.73
28      3.93
29      .50
30      2.49
31      1.72
32      .14
33      1.29
34      2.00
35      .28
36      4.73
37      4.79
38      1.72
39      4.32
40      1.47
41      .18
42      2.68
43      1.88
44      2.62
45      4.55
46      1.22
47      4.36
48      1.33
49      3.69
50      4.24
51      3.33
52      3.04
53      4.77
54      1.85
55      2.27
56      3.23
57      .70
58      .17
59      1.72
60      2.79
61      4.64
62      .38
