0      4.85
1      .03
2      .04
3      1.87
4      3.60
5      3.05
6      .41
7      4.26
8      2.11
9      3.38
10      .43
11      4.96
12      4.50
13      .99
14      1.72
15      .01
16      .27
17      4.86
18      4.97
19      4.15
20      3.69
21      3.56
22      1.35
23      4.61
24      2.03
25      4.89
26      3.77
27      4.78
28      3.91
29      1.11
30      3.01
31      4.46
32      2.30
33      2.15
34      2.27
35      .64
36      3.90
37      3.88
38      1.97
39      3.90
40      2.54
41      .39
42      3.61
43      2.06
44      3.78
45      .31
46      4.00
47      .82
48      3.06
49      .98
50      .04
51      2.18
52      3.69
53      4.91
54      .87
55      1.87
56      1.80
57      4.29
58      .03
59      4.74
60      .20
61      .69
62      3.99
63      3.48
64      3.47
65      2.67
66      1.58
67      4.58
68      1.03
69      1.79
70      .01
71      3.71
72      1.71
73      .65
74      .36
75      2.83
76      .76
77      3.20
78      1.13
79      4.22
80      2.14
