0      2.42
1      1.55
2      4.63
3      1.73
4      3.19
5      1.70
6      .42
7      1.32
8      .32
9      .11
10      2.98
11      1.27
12      1.13
13      2.34
14      3.23
15      .73
16      .96
17      .53
18      3.21
19      3.08
20      .10
21      1.02
22      2.56
23      2.98
24      .05
25      2.52
26      1.13
27      1.29
28      3.44
29      3.63
30      1.41
31      3.40
32      3.79
33      3.52
34      0
35      3.01
36      2.47
37      2.74
38      3.46
39      1.06
40      3.86
41      .68
42      3.73
43      .03
44      3.91
45      3.19
46      4.32
47      1.00
48      3.06
49      .08
50      4.17
51      .52
52      1.88
53      1.33
54      3.06
55      2.27
56      1.68
57      3.82
58      2.04
59      2.50
60      4.33
61      1.84
62      1.91
63      .90
64      1.97
65      1.70
66      2.70
67      .55
