0      3.67
1      1.10
2      3.13
3      1.73
4      3.75
5      1.83
6      3.45
7      4.89
8      4.51
9      2.83
10      .28
11      4.79
12      3.76
13      1.51
14      .50
15      4.22
16      4.98
17      3.15
18      3.40
19      1.39
20      3.00
21      4.23
22      3.96
23      1.71
24      2.18
25      .62
26      1.41
27      3.01
28      3.33
29      1.50
30      1.96
31      4.72
32      2.24
33      3.48
34      3.74
35      .88
36      4.72
37      .50
38      3.01
39      4.37
40      2.32
41      4.17
42      1.10
43      4.63
44      2.74
45      4.85
46      1.69
47      2.72
48      1.30
49      2.05
50      .47
51      2.53
52      3.67
53      2.28
54      .16
55      .57
56      2.26
57      2.52
58      1.78
59      1.53
60      1.36
61      3.59
62      2.43
63      2.53
64      4.97
65      3.93
66      4.62
67      4.61
68      3.19
69      .24
70      4.86
71      3.73
72      2.53
73      3.44
74      3.98
75      1.91
76      1.14
77      3.37
78      1.29
79      1.59
80      1.75
81      3.75
82      4.95
83      1.84
84      4.83
85      3.14
86      4.20
87      3.87
88      4.95
89      1.74
90      4.58
91      .37
92      4.28
93      2.30
94      4.39
95      3.92
