0      4.30
1      4.33
2      2.37
3      3.58
4      2.80
5      2.89
6      4.49
7      3.76
8      2.81
9      1.57
10      2.25
11      3.16
12      2.85
13      1.69
14      3.00
15      1.95
16      1.46
17      1.85
18      .11
19      1.14
20      4.70
21      1.72
22      2.86
23      .01
24      .19
25      4.42
26      1.88
27      4.54
28      2.84
29      .63
30      2.76
31      .49
32      4.60
33      3.01
34      4.56
35      2.15
36      2.97
37      1.39
38      4.44
39      3.98
40      3.39
41      1.39
42      .39
43      2.16
44      .34
45      .63
46      4.47
47      1.41
48      .75
49      2.25
50      1.07
51      .49
52      1.04
53      2.54
54      3.77
55      3.97
56      3.86
57      4.01
58      4.54
59      3.77
60      4.85
61      .35
62      1.01
63      .57
64      1.32
65      1.45
66      3.17
67      .60
68      3.46
69      1.64
70      .21
71      4.09
72      1.48
73      2.16
74      4.53
75      2.40
76      2.67
77      2.42
78      2.99
79      4.14
80      .53
81      3.27
82      1.69
83      3.38
84      3.12
85      .58
86      2.28
