1020436889	4.0339391930187
295148955	1.7706698769567
169959660	1.4439218009095
303510786	4.9761849618406
498388555	2.576471107349
1292955794	1.2375931633811
1471289108	4.099553026771
2135915482	0.89097120607783
780004769	3.464923463047
2091565608	0.10624241088808
1295321010	0.64866658563198
358943401	3.2684492474741
119488077	0.13286514213908
1942265398	4.1567655811816
10215453	1.7150715211011
1709026936	3.8046471955276
689867417	1.3818520826203
2062347528	1.2893923936828
1619753815	0.31574237640749
1043246890	3.0118653774317
248905585	1.4432878333345
1010308926	3.5788184793567
1430698132	0.086092927998906
198284188	3.3473199365415
1695420938	4.8583344788562
23528797	0.16734496465295
1958785077	4.6917087606581
374123119	2.3435107699332
1106282543	0.50348821352398
257141892	4.839626157116
155590296	2.1814991683613
68933142	2.6680169639494
1394858772	4.5428464722553
1851320293	3.0983595517922
783524108	1.5340759775294
772852897	4.1242187722233
2014852500	2.7119000105708
933845663	4.4410511825425
1528441468	3.7716955872121
943255139	2.019167012544
725350891	0.5223712094698
1812593934	0.67377426692926
638539464	4.8481369809472
1335085730	1.498890503542
1859352374	3.3055212969452
1140526966	3.5155385679172
1035091501	4.9857707275011
1750683134	4.5008282384373
