1088143420	4.7070357365101
316256421	2.2993777749591
1091616204	0.67184449670457
534402554	0.43415759477492
38573448	4.2511689473182
1494841378	2.5454061303965
619648721	1.9226182796632
730564145	0.8874625809898
2034091004	1.8179464418525
652434261	4.8894382081411
566332462	2.1727826898791
1464179551	2.1824171846651
1366073332	4.8873246157949
1535437404	0.058188424472785
1534515771	3.7089190672659
853999666	4.8791485395651
300067344	0.49985851417289
1699276436	2.312425767217
2137874756	4.5295250902556
844312739	0.26462126768409
1135340620	4.3435581630764
278806168	0.77375590604439
371665304	3.0173427532508
1687650650	3.7417261040498
34462482	2.9714510766656
71615554	3.9589196019615
860587288	0.58876675581036
779040378	1.6774073926161
714370405	3.3325919175207
1996384108	0.23326702426805
1155806147	2.6356653555462
391078155	2.8075104056892
2069499648	2.8608497897446
1901455531	2.7673850430955
476558157	1.7765254675301
158359963	0.21299915630976
885523983	2.4940912413849
1787079627	3.4668850984736
