1745098859	1.9200019174814
1563460818	0.4593145709761
1517298255	1.2875835207699
1284138173	4.3037098316959
2069904172	4.4734455200254
1494020396	3.0885745971876
1357841156	3.6583663237553
1849096458	0.41616535997771
1258542038	0.43374302817217
1687092751	2.4438326537813
1190968640	4.6222672586433
16388341	1.7847073691826
1262828967	2.5372218794828
1825988616	1.6407781707313
1931265885	0.21658596592796
1298863224	3.4033245190062
317803650	1.0717986342832
1631006213	4.8771473182725
1634094382	4.1211392470268
1587462365	0.15502835631139
1268882635	1.7245833863153
1758522040	3.9416674147088
2022174035	2.5892947020891
984506856	2.5294549705132
1414135098	3.8204721286057
1746490478	3.5002363466193
1335662690	2.5543885550249
626565923	2.7132987127236
355259163	2.1286881957802
210166030	4.9868844821988
847046817	1.8289875084669
1195151970	3.0770702627846
