1686103566	4.3108608477334
1234978825	3.623492854472
428217155	0.28004036763685
1450123601	4.708114694668
850363345	1.0609965217584
12512521	4.1075985408889
40959316	0.19365060617852
589353168	1.4165906381871
175337042	3.326961422957
2062509527	2.6393498865139
191756139	4.0223927372239
107794504	1.9165401472321
811429320	1.3874508656503
166413436	2.329139268179
1510335584	0.046605425908512
1244170130	2.387628155941
80697689	0.20305486405411
315429469	1.0613713511552
1114130358	0.55115171733832
562726087	1.9704430559512
2070881777	0.75394733611212
105393512	2.8009980301377
509968673	1.6262437643605
1774508370	1.0698077506711
154206052	2.2283386007083
1867348891	1.4486867289286
240770480	1.8129710023352
1650807377	2.7651415568614
2036546164	2.1863107975509
1909008579	0.36934281716558
679651303	2.4771574290829
2000593479	2.6343862398688
544248737	4.5570542824255
1750930606	1.5346825851755
1775606719	2.1442260835991
428090905	4.4954580089522
