1441281152	1.9621598613272
2054798878	2.2964692499006
233645596	4.5763674772234
1897233643	0.017743087381936
175894803	1.1231347155399
1276284696	0.36588103760308
1149842076	0.17343668973699
42669397	1.1447280278172
359038842	2.7867475188276
1473418977	2.3414620325628
1287717418	2.9070465373374
1651412968	4.5205898091759
205041193	3.3080785480831
603710193	2.7946380399143
761615118	3.6960369226039
772191820	3.8519813929927
694084	4.0785255255543
2096121383	0.76286057511478
1757138910	3.4017982210041
571889362	3.7009290320337
937571287	2.4252834950691
167538920	3.7437871535047
1253920149	3.7195064354313
331847782	2.9232189049587
14283646	0.14127518056951
533420341	0.90773508926282
719083804	0.16896788038731
467875925	0.26421146479631
1867635815	2.2167815627608
2073672097	1.7409752829657
1174665192	1.4256706910327
1603597395	3.0094539434693
1828964308	4.6465947174684
954038145	0.15754984233414
903730766	0.15720116447527
58657608	4.3562223503162
2023427900	3.756371102648
316066346	2.5988392567257
1340825158	3.2449784424365
805248614	1.7710709556803
603924055	1.4051191724861
1015079367	0.81496585896936
811469679	1.6797720020077
1269608515	4.2175950013183
43829121	3.9653582214217
1773625094	3.1727725654714
132895321	1.7983613008626
506426364	1.6631264806088
1555673100	0.6941425128347
1937825601	0.6549078182573
1687275897	3.3293423281654
537806043	4.4413224558538
351029107	2.2553842990917
1961881758	1.4886354638676
