1886119156	3.2499510879861
962919553	3.9261013404122
293623014	2.3273208119568
603349110	4.4221917723409
29402731	1.159181432407
1498952072	0.25306012958896
98858594	1.3263324025675
1689213181	0.21388455536863
835561680	2.10478882869
1942299914	1.3076505676413
1061543134	2.3691805370008
1640531416	3.2760180594754
60625690	0.16676206615137
210644015	4.8366715106353
560034252	3.2254198278419
2046504395	0.23713502112643
1361296823	4.9420482921144
1731420227	2.5633051747285
757626125	0.17722364756149
820210007	1.2410735856933
571354389	1.0280122333337
1599916180	4.107724781664
167666736	2.2676720899845
1167368481	2.9781394838254
270730120	0.69106986079881
2062606224	3.7197098316251
1127334294	4.4754201962964
180068498	0.26515333692783
833827447	1.2098763050557
686649436	0.22909381204708
324569265	4.4871665930781
509848389	2.4941066640867
983167429	0.0041720806640443
494075342	1.7261125318362
1865160896	0.85443294181229
920097842	1.9804359143509
1333598102	3.8574115484289
354833485	2.4435415945219
1852392972	2.139961762419
841006980	3.1381233656491
214643246	0.81691164794234
1713902990	3.5755771415194
992082830	4.8531626932571
437486334	3.1975234431203
513802328	0.21634469517336
744818536	1.4462355111941
861057979	0.14204707934616
828601316	2.1227154145589
1189117816	4.8639303258918
993872735	2.4548540648328
330300880	0.60373435523535
1363374754	1.8917195670734
1793563549	2.9532559718719
1789818400	2.1840354461149
1862775271	1.5158481157924
358026707	0.23158618492614
1724039660	2.8720774794333
1559560664	0.25705862569486
694915826	2.2342677424821
660649348	1.0087889670435
1487309406	4.9059569206582
1135258153	1.8749598236172
1432712621	4.9565283045902
230321907	3.4228722278135
2028128494	3.552461230919
881597833	3.0912046032451
119117977	2.873089254309
1955961018	4.281557546594
1938998039	0.28283166945112
1990655548	0.92097072439313
2076813146	0.19397685546147
1751931049	3.747521896729
1547417002	4.401939969697
1583043552	0.059756976580134
1777380343	4.0701887752256
1905662984	0.36506117804212
621618115	4.7196764590776
244486443	2.0703090294592
1299117340	3.9537870646239
1001796948	1.2209349643537
1950273270	1.7905821473294
25493235	4.3038833510614
1803477815	1.9133303672603
1028434368	4.9821634357712
543554880	3.090014675674
870321761	4.9731179489629
568175923	4.8563535068447
