736712244	0.69082123492417
1779218228	2.2566505392346
1054740473	3.6661153955693
834331825	0.85954592370407
1080352848	2.0126970773622
306205164	2.0134283448632
1226155463	2.6211640902893
1377124816	2.6172156248322
2124411072	4.5746211705611
405198741	1.3262682577252
577839660	4.3732695790815
1762509918	0.97023882715508
1035181536	1.8409509383333
1286373703	0.92666857919035
1263848782	2.1206630403738
1442425718	4.6101643469232
2077633062	3.1363135451154
538270072	3.2363651312126
559965606	1.7504236389652
1406897832	2.7845441656115
843676156	3.3509716477017
124870940	2.6644751162568
1416327737	0.70705140042447
709409657	2.1188208610373
1775681299	2.7819942882201
1924466300	0.25838922954089
233598966	4.3982441068619
1700185387	1.8236476843355
175467095	3.7835990166215
55962939	3.7908367853569
947194300	3.1432751534243
41351837	1.3525483088347
172219541	3.7210364470822
1279987178	3.3563834537549
600080263	4.9108033231044
1484515550	0.32142192140288
2089577612	0.79876661105024
1079053910	2.7666522389123
721301534	1.9363263584377
590649582	2.8273860913829
2030639545	1.3916313724553
1644387327	2.1060765823843
1902508239	4.4321373498217
1212673166	3.5961118287389
1956477657	2.9224612088513
484784367	1.5351224930655
1601444807	4.0508394660665
1357292385	3.472941009548
1324169608	3.5297356073417
1328309540	2.9545182515655
428556868	3.0465050311976
598799795	3.9613913926116
743293560	0.20835840618627
83488491	4.3043366490418
1369694112	4.2832536782526
1733283218	4.4519662225861
390501342	4.2353660283775
2108141995	0.45677661451361
1794990191	4.5315286910774
887656185	0.090561206494719
1226130833	2.888384197321
734798433	3.5610687446599
78891997	1.2800088344514
633898943	1.3999897876754
466105828	4.3992777678181
1926852625	2.0492632114558
577039732	3.3096548627641
