1860919310	1.2093668669506
1186235317	3.448513151821
1130100753	4.5203794327194
1795243279	4.7695352415412
866188060	1.8775739832211
1904726023	0.35266167267815
1559082753	4.904553526968
741360208	2.0659555970067
2004529906	4.6929482532167
1150102726	2.0315210204718
376480873	3.0896100090303
599749393	4.9389537493414
1543125024	2.8868114868583
232603057	2.1743916916542
103272388	1.7126083335432
2120657523	1.0550250164489
1526708645	0.23293360380127
382525424	0.22269244083329
911972393	0.32367436928846
1335366502	4.0729235876691
1197572362	4.3483698015792
223510038	2.964994203283
418539943	0.38808758854311
606862255	4.8105913865429
1769482283	3.1546307276723
805232488	3.9984634816639
1364631094	0.12489921652009
2003515088	4.8138480865461
792725366	2.2715248201375
573625708	0.32698971234587
1215634886	1.7137216202513
1760301685	3.3767170893851
2110478289	4.7408956125103
62504182	4.7143791917313
2083249833	1.0100285946438
1069886935	2.724957700225
1264652217	3.425265556865
189363529	1.0266423067202
177228534	4.5945845193204
610735648	4.764246940503
1721162833	2.36868558329
1917415248	2.8229325766782
2013102815	3.0190280443146
1698037309	1.8581984014521
1438834926	2.045133468716
2011873151	4.4948223626683
885336768	0.53880729737636
297061605	0.96134096661645
135120230	3.767943074353
1563325968	3.7874471181014
1162564171	4.398851056769
1396594853	2.064199972462
2138568720	4.2825067412492
