1794140137	4.5734009703497
1646540044	3.0842300448959
1775046847	2.6104030397769
550221583	3.1359924227633
2083389813	3.0370227145203
451958012	3.7460703932429
789748573	0.30932449051613
1205227444	3.9781044162708
1703253006	3.2106110235726
18274417	3.9947790135605
2045445535	3.3174339487764
1998819451	0.41263872543938
2008114587	0.99596881586871
1354636285	3.1149041923298
266261610	3.3820763199507
969896093	3.0604586322142
1627470788	4.2848699559853
522796040	2.5746601203339
2018468314	3.2573596217005
5136807	1.3509335025916
1855451211	2.2943290519967
1529125339	1.1603543354014
2112165260	4.4503194254126
1803839794	2.6774056221719
1319553206	2.502479698743
580081573	3.1037413762434
2043204988	3.5218290092991
1168803239	4.1787002930318
720165974	4.3165819413572
1044821281	3.7572548136847
1431570782	1.2276740564162
222327251	3.1556976065765
1039394514	0.79873754912929
1567686521	1.0719061717726
387445281	0.1751275431249
992683081	2.2082282217258
1909514456	4.4287149069964
342248221	0.26816857059867
860320244	0.5528802124564
994235015	3.0019618468368
583853098	1.500893566525
1523049442	3.5974737809028
646612668	1.7739767682617
378321696	0.57614194256074
705555569	3.4145879249156
1300427292	2.9285412854182
1313878244	3.3973452813911
1136856973	1.4646626619923
513658031	0.21446382636878
327728929	4.6704371295266
826398008	0.14951352502662
718230248	4.8140917368299
28719096	2.2758387831393
991286752	1.8641637274363
1372620787	2.5836909830494
807980859	2.7332946205201
1070781995	2.0693151126938
1799406134	2.250214522821
2092131048	0.21082099769768
2086448849	3.4383248996168
