1382858313	1.8025309065369
305699414	1.7009260280528
340144182	2.8394758807679
561238583	1.0934041236031
479981400	3.53554836639
1724958100	2.5892989419351
655098717	0.54438384042326
1872569806	3.4216910034519
529038824	0.51087724068709
985148827	3.0040634856578
223410478	0.36157647630273
877672265	4.3352981560562
1922491762	4.4420136275897
549698480	0.97801435085852
1745238643	2.5652919372382
1957588154	4.8886194824654
2083006295	3.7170269869813
2041215228	0.2069838113184
245032834	2.4153363296834
231014872	2.1115927734001
1271738435	0.10200951718819
2146572352	4.0805852269198
1735426825	4.8249306552228
995248089	1.5138133366191
1080048866	1.143398159716
1017089033	0.28161288485006
614428986	4.8814944759391
1491199302	4.5848216650006
445264080	2.1028015329981
228443526	3.5613958554163
845036298	4.1244183476662
42649957	4.0662917513709
1836549792	1.6890101468605
2139423638	2.2885745145793
1236506654	2.6801371284202
499436429	0.3331134749265
684209654	4.0287199146248
34478808	4.2734505931258
1221528940	1.8480748482272
1994299797	4.9668818665514
1059178787	3.0006491476673
69591602	1.5802065662948
772775990	4.5553004064389
85330323	2.4029057786813
1750837163	4.6676625053713
462183311	2.9552409159742
1312361697	4.5715904699506
1289398636	0.38898290618741
787435428	3.0758931618537
814295749	2.1871504430599
2065515018	1.8856771834594
108720058	1.5939427966224
1970319442	1.3535964611702
1868218230	3.1209553280477
189367683	4.0732361534951
1846621992	0.36730004491624
1675994921	2.5531391694924
2066104903	0.66557993444874
1154272699	3.9019098733095
1546549314	2.5790334970593
1733342950	3.5211615630058
1111898844	2.7841745166966
227041717	2.0534960702311
242775495	3.3237175915035
1052828129	3.3564018846286
587987828	4.4397755756228
963967594	0.49052191455407
1752292788	4.4299044992914
568719580	4.8346724453544
36231989	1.6062212044402
1720994014	0.29110720161866
1640163727	3.967734248828
742003709	0.38846225030183
278891385	3.3630097160875
1223151659	2.8905477784064
1182876469	3.3652983947495
966045329	4.288450744603
1237230540	3.5926924802329
997334569	3.9010683814534
377693973	3.9834342193713
14886032	0.98886461741704
1832879056	0.71688541710232
155366088	2.176313629456
1962446308	2.0710307858284
