234215092	1.2837693357299
1264791105	4.3433855331239
531637359	4.7665993332707
2029453049	3.313390453492
110079681	2.378768731085
2045836314	1.4226982446493
1978077121	3.4512541179784
1017876368	1.8782754088185
1938777253	0.13924474601599
2062997786	4.2740265183495
776734789	2.0522743216959
346454914	2.3251073864871
1864789197	1.1371488827919
1692367738	3.3149395339726
1004061216	2.1919664238542
2099119816	4.5119964538664
1724335238	4.2220633496633
1640469138	4.5983767670572
845566397	0.34104300445926
