1746546742	4.1666665064016
1746884984	4.2230947870869
296647549	4.5820111313751
1463675199	3.2142062895997
1937380002	3.6073716397432
880670962	4.6184450805273
616564625	4.1478515319283
1383926002	0.27737236128998
1258130324	0.98134719113882
1183562965	2.610574375191
669098087	3.808755303644
1339746989	0.47103438548326
365365682	2.0200496479031
147731602	3.9530180506189
1218859493	4.0665006726359
860061978	3.8676639990265
622320791	2.7770144086224
1802410612	0.10109332860498
276969728	1.7011459691921
865933739	0.34021031127321
1679346883	0.67183607056357
730854971	3.8829987863465
1522749866	2.9660217827028
197900687	4.7539107174398
840926948	4.4925831675029
2084257125	0.75163127423806
178456061	3.6771410394819
1792702292	0.32734120279892
958740731	0.017521313865446
1806582422	1.5645375575705
1347635592	4.9489691620455
1913874057	1.269202682315
1646305588	0.87101618567063
315056231	0.53267127859065
1038638860	2.8027931218049
1626398194	2.1124656322005
1224843657	1.2845525989703
1895175492	1.7730959187136
758559433	1.3247720530838
1449050857	4.5400425556768
469794651	3.1541808243628
464645275	0.48750227107084
411974545	3.2577884631501
481428397	3.2685009754582
588074792	3.065318776325
1371963551	4.4702792863689
2127519794	3.9373525040864
649356690	2.3071272984646
1277795327	4.5091105692597
531150095	3.4040160818975
41757592	4.7288862824109
684817887	3.147273777587
243752563	3.3680086598583
1711392487	1.0793106961433
523692248	3.9746946603873
338953541	0.80944782859154
1061758611	4.4211613337608
369902817	4.0121542611216
201884761	2.9145489995901
