655362741	0.68397402795217
669396262	2.9573899847257
1625813199	1.6757545511591
1380430901	3.3369249842767
1661267944	0.29051753705857
2043668345	2.0885974341485
990022549	1.7345837721297
1555553337	3.482432867625
122392672	3.0405100099931
32393175	0.27880447929669
1349466973	3.2884568782935
1212402642	4.4216137330148
2031124181	1.3968192070708
1315732987	1.6856977956769
295035891	2.1389933569073
549080571	4.3011108363518
1619976094	1.159044653717
50359853	2.9784361100655
1224718600	0.75300432543876
