1417671162	3.5783236420612
1735064053	4.940334542161
1930456613	4.0228327033216
1361823679	0.80836708695086
696427183	2.3708280955305
676391083	3.4962728798838
1084463844	2.055784793131
1724786012	1.1724161338864
218925200	3.5094244072723
374363129	4.6674885180162
746161717	2.1754509244
176285812	0.24506517697362
1438181133	0.79921956909784
1017095677	1.2971772538951
1839068780	3.5609026898448
1672619912	0.0010560778905899
178155177	2.7605058638195
1438878715	0.17496125547912
1787133447	1.7788772432967
589520527	3.2661882919568
641592699	2.621759016822
230517118	2.7078108944501
189710299	2.2188997069462
1597268680	1.1806173232294
1827834907	0.6298498951969
1064473495	3.6742934205915
1685745026	2.9629955594256
1345461594	0.56444374637885
1745159460	1.4619690489312
1604265796	4.9482888611724
2051845284	3.4648170920391
1080473298	4.8311583138216
831092720	3.8679833402242
