595578250	2.7961573436838
1391550016	1.5144568991449
793218158	0.86854539386395
420890266	2.3334642091456
290565706	4.6323014607803
170800247	1.3062136929045
1408230467	3.9480132814255
1348324923	2.7939316759789
652778647	0.03440234113224
242978405	3.7589059275384
1621943831	1.3683263917306
338045308	0.13942545053522
1225265263	2.4478098226002
948184496	0.8159160967059
1226071839	2.5437132769933
305637816	4.708122603925
704952006	4.8257185285099
864910006	3.7804074346928
795430419	3.7007190164648
554656589	1.6022435629751
311784224	1.9731360543394
1870711519	0.33101385707549
1000198157	1.7718767220023
289222806	1.2316145381106
728859967	1.58776854006
516123771	1.7392069086149
166730756	4.9055259557932
2080232891	4.6972039759612
121857152	1.0273166983516
17722584	4.2029860588736
863465350	2.8987813032692
1652187709	4.1401268118714
112209164	3.9468274446888
959140299	4.1803876027374
1127524038	0.88778717717518
1715494306	0.76060270460351
157516396	4.3657034423043
984060941	0.20747462762868
895368585	2.2999069314915
300801581	0.27351201058995
1453549555	1.7960504008439
2089042822	2.6218334597637
138076837	4.4620830097525
1915193745	1.0342626348297
1818291932	3.7591090955581
579738239	4.9776286212623
152780391	3.3985633255907
732109391	2.419772011889
1630187966	4.2453690498347
572047025	0.62584635830757
1640303564	0.56905860340645
1960122828	2.65447047197
1998680981	1.8004412119279
1355257185	1.1676114081254
