1637690852	1.8369234687821
790940381	2.2955360111294
1737443348	2.9644233351408
1577998934	1.8362920204346
447268537	3.4152842515219
1295708990	4.8035608463937
283886572	3.9089640411124
1486469386	4.0689659347148
230087609	1.3563810434921
841628210	4.9591803829927
509449548	4.4863243841037
422780882	1.373150936036
1229085128	0.22056175638948
1942981832	2.3761723201611
344090494	3.2055820819016
1724743014	4.3690852794652
874454539	2.929889256102
99691221	4.0765438177979
429518917	1.0341927576969
841379606	4.3637956512923
1769126936	0.69284305008726
924138430	4.0877209087311
1000119353	0.052650694294204
1409739237	2.2669674513242
728387295	1.0836012689786
739005272	0.2938526683924
786219195	0.89110897429805
1807696760	2.2343053958538
562330482	3.6189331503673
541903486	2.0195661564449
105043534	3.6355648323128
526976810	3.6803803144397
2062242624	4.2460409897594
1040410792	2.5211823044909
224419886	1.322844280546
649714825	1.4537913941097
190211393	3.6513226961956
608786121	4.6866141211645
1335760223	1.2042332842034
1432088109	4.9885561782813
2051862315	3.9598793019354
1383426572	2.6844637643939
1120533675	0.19442469123491
631350378	4.4060708137257
657258331	4.5652765219869
900167248	0.076553593425338
51289818	0.84010458124806
355200203	3.2780600913232
456953388	0.93078906924035
299619135	0.075384581030991
270609284	4.9955995939652
1901014430	2.8800388764963
1490987174	4.4355031822042
1866599684	4.3266325906509
1735871866	3.9177501056892
1120524702	2.3421331901765
1879995059	1.9651756048972
2009613	1.1166721215084
1692889927	0.68704560431049
1803157826	1.2907102384096
1155468326	2.7026873443754
1270631203	3.174181090749
198484875	1.471479109708
239595471	4.5248706915997
280076996	0.59581233216255
975923234	3.3756367365716
81464608	4.0968974768635
50522867	1.777970784706
1707426808	0.57567962937787
1416496242	0.98145201382295
2050966372	3.445384122173
546506811	3.7112336576503
479762626	2.2016967843295
1487870788	3.1902656113684
1344304754	0.31688539093215
