1120782988	4.4297122021344
370059050	2.2400374301896
856875614	4.1946686521148
2124604788	2.0046978220365
67648975	2.0151306488622
1059040597	4.5163287033869
1408789848	3.1852368699318
967155167	2.0359305557962
1116767577	3.6319045972228
1977894323	2.7516595752685
918216631	3.1399663319532
1475946381	4.0164070571849
469110611	0.6575666138239
472911430	4.7419665193846
1948317300	0.59166118064507
483153641	2.1857761532002
1707643075	0.30171721489249
1466630886	4.2676430099027
108122645	1.437743691
1663217163	4.3493218973043
2048301391	1.0764414496144
217922900	4.2403013814428
1341783557	2.2882810525076
1167514849	4.8652126406623
1446885226	0.23438100713975
258656955	4.6154428457913
457463416	0.67285554980526
1033168102	1.4273543406405
1660141870	4.3922072692738
684846689	0.74425872217131
235599582	4.5634849507192
671268700	2.6562368183659
1571289828	1.8730646799659
571741855	3.6797225026785
1385621522	0.41519622570611
1218134616	3.4164278318251
1803635446	0.46362343731505
66098342	2.9450926198368
1397871320	0.30957458788044
486810269	1.4915475139821
1301051136	3.6025102872413
616996809	3.9818167425607
242717007	3.9704366791856
649098640	2.1695737643957
844999743	3.3633338466116
1737366976	1.3435033947898
98880803	2.0974112055718
1073342275	0.95889210978471
71042818	0.13256582204838
393362190	3.5408419131026
1641904566	0.27985072009258
486521353	3.3854175747304
1642045056	0.27915217926686
2048319915	2.850116606732
60092973	3.8671849173807
206386934	3.0602577901726
1989423177	4.535385186102
1349929728	1.7651759887883
1120702372	4.6001741288231
1741770215	1.7604264695013
395943456	4.8861514473735
479205657	2.2172417851245
