2011064031	0.71143070501808
757442494	4.9474529735499
2025851056	1.4975276433386
26101431	3.6751153849415
888574749	2.3316956950965
290889870	3.2438961641136
1276060527	4.0842416296174
904460501	4.8015297412879
909741050	1.0264397114638
1518699455	2.7024519991607
205067525	4.4281685792041
220926975	2.0152563448135
1894820371	2.8433435376935
449317390	3.4875024312583
1145848624	2.1550715631596
864177577	0.66564936920332
472343098	4.329034981471
1575836651	0.91259719147934
875722969	3.3969468895332
731309471	3.9079498773943
1570095131	1.5967037815585
1780459352	2.6593671798051
530120562	0.5298476528981
1440285315	2.7064893570293
1389024253	0.096648128282581
1066534594	4.5157831625621
121359968	4.4769424500302
2039122836	2.166804486032
1727738629	1.4615229640443
1679124741	3.8443014183288
1150572431	3.8305870740817
721051612	2.1026752666117
1990414946	1.5095801658507
1825163171	0.85850267943856
