937752350	1.5674786835757
1807530983	3.7978961033737
1252514549	2.6793861261939
1795094983	0.46432445778713
1469841760	3.0741774677644
1208985708	0.66143699021146
1462864233	4.98130204388
1690614298	4.6981713640029
1677212562	1.2062251829571
624513727	3.9685599105286
1185174742	0.051573808328981
2112725126	1.1692306008978
1519814951	3.9697260707476
368466552	4.5851625220781
852175752	0.80727510890331
552074269	3.7795490719283
1724195829	0.56306610375786
309595308	0.30747235534129
1321808247	4.5998626689426
1433948264	0.84691106846878
1454253333	0.6842023649645
2086717965	0.089174667414825
1547716209	3.0312686776888
756443143	0.78025588802074
601222306	0.9179724896876
1045364587	3.8051470247121
1798141205	3.316163745856
816437928	2.5492078659819
237517364	4.5117560399285
472474808	3.9343169768966
476825340	2.208595365383
330978121	2.2207417465843
1419561679	3.8100996328565
1414261481	4.2483314938137
2130282008	0.24921837972906
63041378	0.44195679735483
87846042	3.0167513145212
370400928	2.0457266071093
308083359	2.8522261664515
198859255	3.2602165608016
162827418	2.1439103000536
1897303280	0.78867023614639
1293728322	0.5677018829471
1700114638	3.1493025171334
1540249601	0.14804374433497
375974828	3.7608299538311
1376862087	4.8183618554931
843797391	4.628424194934
547096174	0.67031064334806
338595758	0.81512759244774
1921577267	3.1307637100717
935293466	2.4993999104478
1140543508	0.8625761283853
4878205	2.1702591852146
391163114	4.781029811027
2076585622	3.6859276162861
1879868008	1.9863730072912
686014134	3.966834085978
1254998550	2.7348594845901
1812354875	3.2887525522563
788846177	0.91296479148463
209316057	4.5516756011879
856785585	3.2784235585846
1567776271	1.3669467397812
1843755274	2.3609241667953
1845042049	3.7477057584318
166364772	4.9487162730418
2104375591	3.7602292693966
1339203881	1.5528928495724
1074956540	2.4903477344151
1635956754	4.0342444922003
1729912993	0.62447113246865
1329759960	0.65880985495579
103101193	1.2955499213634
118690215	4.51513206098
546356827	1.2441657256541
2083181286	4.8565435059632
1374391592	2.9947239523729
980045481	3.3989565718914
209170762	1.7054066954671
844167146	0.17932305120831
1148931098	4.5722877465059
1807727501	4.3993801457805
812336167	3.4982692769255
