662812246	4.0812152969098
1288343777	3.181389567061
1345486684	2.4331439693613
306153164	0.00047514447964502
1569535743	4.3496114874024
1679148088	3.0016084657989
700139985	1.2758135359156
593238889	4.1996911094523
73419830	0.9298321026982
742114675	4.2041200093013
1153008132	3.032967153952
1678984472	0.99592713452686
386332380	0.81629077709107
1184640611	4.1679247394986
1811956974	0.13198502600751
38267924	3.1097633149986
425236894	4.1431975593526
1311036801	2.4282689939385
1511349457	4.9946196121139
1009957346	0.31279491508044
1564243107	3.0425294828799
1586423991	1.9158414620514
207792790	1.1991562210951
823525215	3.0233379467499
678551421	1.7046695047546
1547732287	1.1613106081082
1681513729	4.4703264462158
730292701	3.9485832461848
282780057	0.4738429260784
1930138540	0.63837270049302
593201142	1.2463400518737
1283539748	2.5511284440528
1364173739	4.4109704342722
1081646422	4.4166137298646
1921801541	4.6741733256142
696663519	4.9286125320609
24530360	2.5040421390459
1303590615	2.3831397375945
291306842	3.7874241819547
175775614	2.6304248616241
1530492880	4.5024489539221
2143047005	2.4488162656542
842038064	3.1307262499494
1586580216	0.068340648463155
1618148024	4.0968992184367
1569740856	2.0932856421421
1441032296	2.9780342327329
875975840	3.59453533245
850491234	4.5144955439095
1034232649	2.2171622944144
554430870	2.2665808779498
1391275651	2.6360675006342
2095228889	0.1809434081339
297484168	0.60704703703851
1102750516	0.7763998027781
1990822024	0.33120431487039
614136553	1.9724395950196
590302889	1.2271795637101
2131950893	3.8824872737203
1806328715	1.1154045612157
1558501829	2.9342288351311
479036465	2.5735091057483
55639849	3.6744472960357
2068699460	0.74965295649583
675821748	0.51352072763886
444747983	1.5723914008459
1497502198	1.8198312128986
1567746541	3.4768156956308
2093366635	2.3917174676395
1161450486	3.9688802505698
1608516471	1.941657991587
651174812	4.9253704957316
1759472455	3.3890191947059
1694311865	0.133656957249
1759551001	2.5657745206569
1930323308	3.0803860179523
346759043	4.176207033068
1593664126	4.0603780905066
1047757629	3.8521840301585
1641496864	4.1023263074934
789932210	2.7308231022818
484781468	1.8175273140974
1291798313	0.87395225692259
579347207	0.041082694680003
1028122918	2.9180151400706
67267087	1.822715917054
2134771528	3.339481690591
1281224079	2.1439112616442
