436747789	4.8382281301721
1165277565	3.7688566738595
525142790	4.8849636734859
479329176	1.6704878474914
59727453	3.2708087788293
617178663	2.1305029476669
963016197	1.6271643580995
627129673	4.611173197446
1062429952	4.3098136034374
1966621849	2.0222418787993
1539693956	1.2964976096044
19739643	3.8013350236236
333362327	4.5623881484207
302665544	0.45739360873466
1298957710	3.8086873753037
164588685	4.3991298505101
100481310	0.2876999067551
51291055	4.2287193025596
301996192	3.998256003949
2076903005	3.1814776585351
