0      2.00
1      3.91
2      4.23
3      2.93
4      3.75
5      3.32
6      2.14
7      2.91
8      .04
9      4.21
10      1.70
11      3.32
12      1.17
13      4.81
14      4.73
15      4.77
16      .96
17      .42
18      3.69
19      .98
20      1.63
21      .25
22      4.33
23      4.79
24      3.26
25      2.87
26      .23
27      .88
28      2.14
29      1.91
30      4.87
31      2.95
32      1.52
33      3.12
34      1.97
35      .34
36      2.93
37      2.77
38      .69
39      1.48
40      .11
41      3.74
42      1.90
43      2.75
44      1.66
45      1.66
46      4.71
47      .60
48      .86
