0      .64
1      .57
2      4.20
3      4.28
4      .63
5      3.78
6      4.04
7      4.41
8      4.75
9      .91
10      2.35
11      2.82
12      2.45
13      4.33
14      2.40
15      .08
16      3.88
17      2.02
18      1.25
19      1.40
20      2.24
21      1.69
22      1.02
23      4.18
24      1.34
25      3.13
26      4.88
27      2.61
28      1.73
29      1.39
30      2.50
31      3.12
32      1.66
33      1.65
34      2.41
35      4.67
36      4.99
37      3.25
38      4.42
39      3.75
40      .86
41      .97
42      4.80
43      4.88
44      1.04
45      1.17
46      2.42
47      2.90
48      1.40
49      3.59
50      4.46
51      1.35
52      4.01
53      1.04
54      .61
55      3.29
56      1.31
57      1.10
58      2.44
59      .24
60      .72
61      3.24
62      1.41
63      2.14
64      4.87
65      2.59
66      3.31
67      3.78
68      1.66
69      1.93
70      4.99
71      4.58
72      2.65
73      4.60
74      3.87
75      2.10
76      1.30
77      4.64
78      1.37
