0      2.69
1      .54
2      4.53
3      2.12
4      1.48
5      1.67
6      4.06
7      1.29
8      2.82
9      2.50
10      1.06
11      .78
12      1.47
13      1.28
14      .26
15      3.21
16      1.73
17      2.06
18      3.01
19      3.84
20      3.72
21      4.23
22      3.09
23      .26
24      1.73
25      1.79
26      2.21
27      4.58
28      .84
29      .49
30      4.54
31      1.70
32      .02
33      4.31
34      2.65
35      2.81
36      .11
37      .35
38      1.79
39      3.90
40      1.74
41      1.86
42      3.17
43      3.69
44      1.83
45      4.12
46      1.00
47      .20
48      2.51
49      1.70
50      1.53
51      3.97
52      2.04
53      2.71
54      3.09
55      .95
56      4.11
57      2.68
