0      3.18
1      2.01
2      .26
3      3.81
4      3.37
5      4.36
6      2.07
7      1.01
8      1.35
9      2.68
10      4.13
11      .46
12      .30
13      2.93
14      3.32
15      3.16
16      1.88
17      3.58
18      2.41
19      4.40
20      .69
21      1.33
22      4.58
23      2.01
24      2.12
25      4.75
26      .88
27      1.17
28      1.08
29      3.52
30      1.97
31      2.39
32      2.32
33      2.77
34      3.36
35      4.32
36      .39
37      4.68
38      1.08
39      .06
40      4.11
41      .36
42      .05
43      4.94
44      2.58
45      .69
46      2.52
47      2.93
48      .73
49      3.42
50      .18
51      4.90
52      .33
53      .87
54      .19
55      2.76
56      1.92
57      4.84
58      4.53
59      4.45
60      1.04
61      .64
62      4.92
63      4.64
64      2.48
65      3.38
66      2.10
67      2.99
68      4.47
69      2.58
70      3.76
71      .79
72      3.75
73      2.84
74      2.36
75      1.60
76      2.18
77      4.15
