0      4.54
1      3.27
2      4.85
3      .99
4      4.50
5      1.15
6      3.73
7      2.11
8      3.22
9      .70
10      1.13
11      2.41
12      4.96
13      1.35
14      .54
15      .30
16      1.67
17      .86
18      2.25
19      1.30
20      4.73
21      .18
22      1.96
23      1.51
24      .86
25      1.76
26      1.26
27      2.19
28      2.06
29      4.68
30      3.35
31      2.96
32      2.10
33      1.22
34      1.54
35      1.56
36      .71
37      4.10
38      1.38
39      2.39
40      1.69
41      .22
42      1.90
43      1.32
44      3.16
45      4.16
46      1.72
47      4.62
48      3.53
49      3.82
50      4.04
51      .61
52      2.83
53      .72
54      2.26
55      3.79
56      4.53
57      1.81
58      .51
59      4.04
60      3.56
61      2.25
62      2.16
63      3.80
64      4.25
65      3.00
66      4.60
67      4.96
68      3.30
69      1.36
70      3.84
71      1.20
72      .31
73      1.83
74      3.35
75      2.22
76      4.07
77      2.63
78      1.96
79      3.90
80      .37
81      .99
82      4.64
83      3.62
84      4.76
85      2.36
86      .27
87      4.83
88      1.03
89      2.68
90      3.55
91      3.24
92      .05
93      .37
94      3.44
95      2.89
96      3.01
97      .28
