0      .30
1      3.28
2      3.09
3      1.09
4      2.15
5      3.45
6      3.27
7      1.74
8      4.70
9      3.17
10      4.64
11      4.04
12      3.54
13      1.14
14      3.65
15      .11
16      2.13
17      .46
18      2.05
19      2.07
20      2.55
21      1.58
22      4.20
23      .01
24      3.06
25      2.36
26      1.62
27      4.50
28      3.82
29      1.66
30      4.91
31      3.99
32      1.70
33      2.28
34      3.08
35      2.95
36      .59
37      2.25
38      .14
39      3.26
40      4.66
41      1.43
42      .01
43      1.30
44      3.18
45      4.79
46      .91
47      4.28
48      1.83
49      1.03
50      2.25
51      4.24
52      3.30
53      4.99
54      .75
55      1.68
56      1.31
57      2.26
58      3.52
59      2.25
60      3.17
61      2.00
62      .71
63      3.88
64      1.97
65      4.22
66      1.52
67      3.96
68      2.66
69      1.24
70      3.78
71      1.65
72      2.68
73      3.16
