0      3.33
1      1.26
2      3.75
3      2.23
4      1.48
5      .11
6      4.72
7      2.52
8      3.02
9      3.62
10      1.10
11      .71
12      4.60
13      4.96
14      4.49
15      3.96
16      1.42
17      3.67
18      3.95
19      1.63
20      2.90
21      4.27
22      .60
23      .20
24      3.90
25      2.13
26      2.60
27      2.68
28      4.39
29      .68
30      4.42
31      2.13
32      2.87
33      2.54
34      4.98
35      3.86
36      .80
37      1.69
38      3.35
39      1.51
40      1.75
41      .06
42      .50
43      2.76
44      2.56
45      .19
46      .19
47      2.75
48      1.70
49      3.35
50      3.43
51      2.39
52      3.05
53      3.86
54      3.58
55      4.65
56      2.13
57      4.96
58      3.13
59      3.31
60      .17
61      1.12
62      4.87
63      2.51
64      3.96
65      2.98
66      .69
67      1.79
68      4.03
69      4.31
70      1.81
71      2.97
72      1.65
