0      3.21
1      2.79
2      2.25
3      2.70
4      1.91
5      4.98
6      2.77
7      2.09
8      1.50
9      .55
10      4.95
11      2.64
12      4.84
13      3.94
14      4.66
15      2.41
16      4.47
17      1.94
18      4.20
19      3.33
20      3.97
21      3.64
22      1.91
23      2.14
24      .09
25      2.83
26      3.89
27      .18
28      4.51
29      3.45
30      2.12
31      3.91
32      1.40
33      .64
34      1.38
35      4.22
36      .17
37      4.96
38      2.49
39      1.27
40      2.57
41      2.36
42      4.54
43      2.51
44      2.70
45      3.81
46      3.10
47      .99
48      1.00
49      .17
50      2.01
51      3.85
52      4.40
53      1.37
54      4.49
55      3.61
56      .56
57      1.01
58      .46
59      2.65
60      1.88
61      1.63
62      4.01
63      4.53
64      .28
65      1.72
66      1.36
67      2.30
68      4.99
69      .62
70      4.61
71      2.87
72      1.67
73      2.30
74      4.10
75      .73
76      .14
77      1.51
78      3.89
79      .27
80      1.31
81      2.57
82      3.91
83      .83
84      1.24
85      1.05
86      .23
87      4.83
88      1.03
89      2.29
90      2.89
91      3.05
92      1.27
93      1.90
