0      1.25
1      .37
2      4.18
3      2.89
4      .77
5      2.65
6      2.18
7      3.20
8      .29
9      2.21
10      2.22
11      3.34
12      .67
13      1.28
14      .83
15      3.79
16      2.69
17      .68
18      1.08
19      3.68
20      4.67
21      2.55
22      1.60
23      .47
24      .80
25      .03
26      2.95
27      2.93
28      3.38
29      3.83
30      .93
31      1.05
32      4.71
33      1.26
34      2.68
35      4.54
36      .52
37      4.83
38      1.69
39      1.09
40      2.31
41      2.50
42      2.25
43      1.39
44      3.08
45      1.93
46      4.47
47      4.04
48      2.40
49      1.48
50      2.68
51      4.32
52      2.00
53      3.37
54      1.39
55      1.36
56      3.76
57      .55
58      1.94
59      1.76
60      .59
61      4.93
62      3.66
63      4.72
64      .63
65      4.35
66      .90
67      4.56
68      2.96
69      .16
