0      .38
1      .77
2      1.98
3      4.20
4      1.10
5      .76
6      3.20
7      .11
8      3.19
9      1.22
10      .56
11      3.53
12      1.93
13      4.63
14      2.49
15      3.88
16      2.97
17      2.28
18      3.50
19      3.10
20      .85
21      4.67
22      3.95
23      1.03
24      3.44
25      1.78
26      4.07
27      4.63
28      1.43
29      3.31
30      2.19
31      2.38
32      4.13
33      4.67
34      .29
35      3.67
36      3.31
37      1.46
38      4.84
39      4.08
40      4.55
41      4.80
42      3.60
43      .71
44      1.29
45      3.39
46      4.32
47      1.25
48      1.50
49      2.66
50      .72
51      .96
52      3.68
53      4.96
54      3.29
55      .58
56      1.58
57      2.90
58      1.93
59      4.26
