0      3.68
1      2.42
2      .28
3      .50
4      1.85
5      1.74
6      4.96
7      2.28
8      2.04
9      3.27
10      2.38
11      4.10
12      .76
13      3.01
14      4.37
15      1.93
16      .56
17      .50
18      2.22
19      3.97
20      2.01
21      2.07
22      .38
23      2.40
24      2.65
25      3.59
26      3.31
27      4.16
28      4.34
29      3.54
30      1.55
31      3.07
32      3.78
33      3.14
34      2.67
35      4.70
36      1.11
37      1.52
38      3.34
39      1.95
40      .87
41      .63
42      2.27
43      2.89
44      1.92
45      3.12
46      4.28
47      .22
48      3.37
49      4.14
50      3.09
51      4.77
52      3.94
53      1.12
54      1.32
55      1.77
56      4.92
57      2.87
58      3.26
59      .50
60      1.85
61      .31
62      3.13
63      2.32
64      3.18
65      4.33
66      2.27
67      1.61
68      1.42
69      2.63
70      3.00
71      4.27
72      4.84
73      3.07
