891487411	1.3114448898991
1149324001	2.919065145738
570110310	0.82485463741461
2042920562	2.6140320080398
1964491240	2.2799173240922
1668586883	2.919228525329
1797825779	4.0491653508736
1248358275	0.35732280479619
727177716	1.7986297313118
1313016467	2.6547914080577
792521010	3.812428637786
143998404	2.8629756243261
2005915418	1.0705499728539
665188626	4.454927723601
773324814	4.9768303800266
2040272867	0.48729283757847
1377288132	2.2389191376227
1673599190	2.0024325917486
855694555	3.6235901893226
869592657	1.632651689757
1238652222	0.85736019576777
49721869	1.6600233673398
1822770862	4.2271080609537
1924539391	3.412375419127
413855922	3.0360028930176
1876592699	2.5932030228866
83932415	4.6522507582103
1995058456	1.2179716495881
1080217500	2.5411385914968
166614603	3.4732726581736
