651578564	4.7371990046171
36731945	0.82838039650972
109496065	0.79096937356096
1161357841	3.6940837249598
461157213	0.25588953180979
1497175791	3.5995026275513
1157928361	0.40940702446243
1325165632	0.20763669871149
1291937742	4.52179260064
1747767470	2.4790953833047
1377256415	1.111505341768
1710109975	2.0810801638668
707740840	2.3126101108792
910857749	2.132801200325
1752397011	0.32206597287304
49007622	4.5759447871595
1731882987	1.2358048447575
1621705836	0.90138243087632
1190169930	3.6269621078982
2024336326	3.0251899678377
1013434968	2.310596933733
1944478220	4.3794662595631
1712780376	1.0403681434879
107558572	0.86696039227162
1168463523	3.6949788121018
1026146790	2.141437654915
534792865	0.49451584950765
1560182606	0.74386582278827
525395830	2.2322370820829
605054909	2.2263685531106
367730594	4.3542919817168
1748002098	3.8547360263088
1501267897	2.8321240296737
129412893	3.1777057345853
