2006897422	1.474982833711
894408382	4.1499644420808
1943171665	3.9860005718591
665196655	1.061780744261
1708696711	0.19954308178255
1786749230	4.9682706687452
1646141714	3.4407233695689
786301005	0.85513819747378
752397554	1.8867240622112
536681544	2.6179712720299
1053843028	0.66181502102959
587932661	1.2821156374561
232866865	1.8546343719841
198568386	2.4946001253531
1679296469	2.4119504226427
304830205	2.2171515329821
1334526150	2.4514192517155
1167316934	2.2071571262587
184877170	4.6432483404145
1213007996	2.8814171081788
1088482316	3.009067591284
218942845	2.5557331589776
1183021780	2.3399465635139
689085405	0.64403611730972
660366233	2.6110007719188
1066950785	1.9956352175193
1353251645	0.40539921047417
2023777479	4.9665802623921
833141318	2.2386124880233
1584439604	3.1669920231993
2107940806	4.4065407404707
670249702	1.1375808488287
1771597089	1.4186990407383
163023668	2.3267761326054
1119676243	2.6773038472409
991902589	4.3549228875688
786181426	3.4645842613953
773338481	3.2130141501376
736235526	1.9438023525029
601801523	2.8454577051315
922797231	1.692146429183
1884690013	1.6800397386216
83938208	4.9897691281465
2095772502	1.0058099734624
1129030411	1.7757862605042
514604315	4.0269939201078
941962018	4.6065276021168
182406024	4.5522756686212
1046849355	2.1039061723761
1405846349	2.0405740183967
1448787695	2.6273348078259
1370631289	2.6355473593043
733389168	0.83578116765049
227769479	1.5093650023962
985743473	2.9777434226022
1019120170	0.93233103674479
2125225886	2.5389971665754
1239738158	4.0417966381841
1992593147	1.2092334223954
60120418	4.2182158116336
1531859952	4.2121839868893
1734501229	3.3993889197704
1832380210	2.7636710893194
1108076070	1.6773549382004
1467887059	4.9855661974221
495388561	0.72165588416236
481102792	0.33740221072799
894339718	2.3008499747612
430826384	2.5396100955734
1193375229	3.1050541219791
1253666941	3.80913164644
520597965	0.71757769711203
681774862	1.2144561466828
1686518588	4.1482144147848
277995067	3.5011474501813
34921252	0.17200342853181
200922923	3.1055429359458
707588199	4.6887827337202
174384702	1.2974215374782
339829623	2.9513848842827
330148061	4.1196062807551
1617754466	3.3235562934184
1403308847	0.7383637226831
1967345907	3.6239442898072
60781700	0.52402337338963
703701591	2.343768506471
1762484526	3.1789768432169
1032693519	1.7228977436772
396061077	4.5110437225136
1300082489	3.4653557527183
