1650969306	2.8370969196954
381365513	3.907297762999
383286957	1.9365374496842
914014956	1.8262477274175
1219566632	2.3885940678365
1467500419	3.7426936271334
1855763212	4.1927773687955
1946124120	2.6634427102578
1669424978	4.0306962649481
1131392016	2.9183530751236
104392023	0.23263518476516
1283723348	3.2901831522073
1125397741	4.1284921854401
1286885875	4.6254400720938
1050301734	1.341924749474
1233926238	1.0603101090809
2057058484	2.7218417649725
1853818117	4.0199492750782
646690068	1.5240384691972
48868885	0.054158060836679
1224301217	2.033693945051
642173904	1.4999693499412
1247171786	0.75818260235627
471766438	1.6233703781028
1506357450	2.0448009842284
1362455995	1.2436248833517
1864389644	0.22648519381251
1171617421	0.25682436314264
1959477670	4.9681340926178
1741833786	4.1921118363701
557318136	1.3782614382814
1685315683	2.2513859496691
2068272920	1.8976191766083
603931762	1.3182239287152
791336308	3.9250867296593
