1240136119	2.2985917317209
961335397	2.7569130308725
783725054	2.9695570529297
2125135388	2.3033503407162
1265187205	1.4274346392729
1881180521	0.99857294978507
303681362	2.7298718494037
1972784524	3.5961812728067
1927191644	3.4028718054308
824767518	3.05820534381
109644602	3.0651042252151
2113788143	2.2173602609976
486565588	0.22601028682013
1313465417	2.8239008797444
416074796	1.0873736236651
1819104978	3.3151995359525
1768722656	3.9629134437828
1848023859	4.0834291554445
237521047	2.0278732162099
1442320841	2.4849741731235
379061338	4.4370385745713
1726391379	0.17948100351704
1650897052	4.6672727235906
2055713365	1.1511965636868
82253212	1.2447341257915
832317744	3.6083499568553
546317345	4.9462344799872
2038741692	2.3860361275198
779562857	1.1708267923309
2017680619	4.0487508424785
302293550	0.56884980321343
1021694015	1.31250714013
945302111	0.31902753297194
1677536817	1.7862882892537
304113754	2.9051819201117
676325310	3.9753355267343
658436737	2.3318543575387
924803434	2.0585809680906
1672375684	0.19268224024804
364997988	2.5090689526447
537208776	1.4183283068325
1120955541	3.9812822658481
785095235	3.7791895558029
979451441	4.0830070730685
228312907	4.2205717713668
529164214	0.60299987234315
1957973758	3.9054833207771
1283781651	1.5340598726338
1654703012	0.57038937489055
1841364593	0.48102405643138
379768723	4.2870433508824
1905908011	3.6768018005773
2062013796	0.65196718352473
1134871592	2.9997444143518
286215677	1.9850629600627
136273562	1.82810771597
925625205	3.8602214697098
1446509844	0.16133375706213
