53137596	1.9221890424016
637745686	1.3977715263133
1324007809	4.1225261213828
1107082350	0.69618946206578
386270496	2.3082145500501
1428985819	3.9448947524395
1189383766	1.8664599265281
474315740	2.6177908678622
378433250	4.3482804062535
1477275914	3.628647976382
2020764259	2.4375431646768
1230164512	2.6137207670201
1391870385	1.5925356962683
1471512954	4.3836576255894
1233118064	4.7366851590279
1263073628	0.40038953088242
1456408122	4.5662597681239
128974927	4.1064445204597
579639115	1.5707140935449
493334438	3.2568605585289
668960290	2.8090859194328
668206959	4.013747453696
2106730344	0.0033648009427659
1176860996	1.4763130603714
803006463	1.3402945298423
513803831	1.5141571296911
1023655484	0.70326200020651
1504948950	3.3306653068078
1223752518	4.8482699132749
2080784703	0.97267535793254
1367714532	4.5958000955152
1135055562	1.2933582678872
19629583	1.8214120165545
206925109	4.013859296224
721132283	4.1562587903609
1595010225	0.030827880851379
652028121	1.6648754392121
11126015	0.62970988248927
2060413466	4.6523704028932
1316339738	1.8676512231434
882556653	0.73673086740856
1668317665	0.70721831671298
1566145544	2.2745424123828
1382210271	3.8662386331084
