555652945	0.5764169085661
1071309110	1.0557852620519
1497838287	2.6980001165988
1843989842	0.24395050725152
695038714	4.8345518972886
1412826186	4.7209697262016
356916098	4.903600185599
943261221	4.2424492045503
89164032	4.4450596205169
278245287	0.29165201601184
1761662732	0.7000746907201
1278505975	4.6616004056584
1703931336	3.1001619776246
60044192	2.3571343055727
1852902973	1.5535818443417
1428143944	1.3138951786393
725889423	1.5874683538393
609477875	0.43454068267464
1699085515	0.17339089194936
183257702	1.5627576441331
1414998809	0.36523835052049
184524757	4.2750778488233
1153001373	0.98398751857876
874826720	3.4159890275523
2091874339	2.0325379851426
165317545	0.30812218799634
692321899	0.59521578280032
1579787662	3.9599739615619
827433694	0.28792525655028
1059443847	4.6721273379736
1015650973	2.1510509341727
649790797	1.6535498372528
1479331638	4.6201509771031
1691820060	2.0925361719413
139294415	2.81642236878
1474458869	0.29063741922874
1102176996	3.2299851175537
1853154758	4.9590398045066
998311162	1.3840360782966
673258182	1.8718341793268
1756320771	2.8504261224765
844005460	4.0788868018793
1618957750	1.2982397485982
43657552	2.2340880274931
272121831	1.4718371054492
144202809	4.6816582138099
1892549823	4.6375477475289
190197335	0.033613489956415
1845409953	2.2581290324489
190016534	1.6180415342646
215939894	0.43033577288982
562498196	1.2956670049092
707136574	3.322043844183
613015874	3.6281898378526
2054989105	4.7847256901603
603301249	1.6875412695517
1014447430	2.4202293634509
396342194	2.1443491858171
859839704	3.6631918529343
