1114960593	2.0032851244338
1203788746	3.7916232104374
1988226256	0.73851633152855
857197557	3.5526074182953
18089543	2.4927666515544
1117011277	1.3216295565114
159378568	0.89569891611845
1433871661	0.079083330966105
1542720594	0.80202014222835
615408843	0.13723298448009
1048963463	1.8376218838792
1092465863	1.6542963691309
1197812303	2.1652578293184
1579975402	4.4989621404088
298701231	4.0016545816332
337439810	3.5897949424525
1846281772	0.7381588712978
689454999	0.073673273471032
373944399	4.0480345715992
1091866724	3.9442379907445
1295220304	1.5003573109863
1169444860	1.9733573924626
806536906	4.0132650169606
1243377924	4.9436461087054
1809229547	0.083477455230186
1344482852	4.2278380176182
1896322333	4.052935493669
1040864380	3.3376062257856
94345708	1.4208630758435
863505711	4.906064171766
471966559	3.245064105487
2053115723	3.3687752826925
643007756	0.25066289829587
688676110	2.9822850264526
103060953	0.31308938065222
552964177	0.020435466440597
639482121	3.370380123784
1445370164	1.3931841619281
632211034	0.21895631459493
1612808907	1.8445248165375
1875123013	0.46278883026111
1318299001	1.4089879889083
2006902870	4.2984988816541
89831431	0.62737335712992
478565048	2.2081633783915
322969190	0.89165681548959
434387611	2.5456362439066
491696735	1.5025391948887
1322853744	2.0551318987529
1339280624	4.4670544492393
1758881192	3.9960713470336
562783818	3.6787569749536
443719906	3.3855490798063
1569972758	2.6182090759362
1969951149	1.6366651801563
1652482669	1.5788383114053
948890914	3.9640061459336
410922261	0.87948877638182
254081401	1.9716431768479
871223962	3.9425373864093
498528856	3.9846521518122
398567045	1.887007305346
1032519809	4.6447493669785
1012767191	2.9290105229844
2090112831	3.1715462674254
1140160622	4.7308410423486
1428693080	3.7275747180579
127747779	2.8121363384706
808171032	2.505993862872
734479457	1.8334197168394
813797579	3.8009458169345
