864660165	3.1568446630411
1944841479	3.850379073457
1950649625	4.9254928691897
1937789961	2.3407740040406
373024616	1.3463009527634
768132337	2.922992411965
2030097472	0.85248962084413
1240286586	3.9676112304291
1657224757	0.29894101680207
1075687632	0.88103207567755
1179960819	2.5131220242535
1679913373	2.4741593154493
1968325004	2.9320305809062
289619973	2.0410887161461
1000277418	4.8108409041589
587107979	0.80110545074619
1123262967	3.448966044676
833376479	4.64326863859
561711752	4.7646280144177
402525066	3.9900047420478
1313883232	2.3575356450665
1501195621	1.3373142789757
1889546875	2.2458883082708
1342213591	4.158054079934
1319680119	1.4474613994581
1231223994	1.8077169669828
1010372525	3.6534450313325
772165846	2.493429944149
1337936679	4.2826549402823
2112983420	4.2327462459136
1867106090	4.7476928796376
589288191	3.0869678771528
2091096862	3.9213241212635
1274595495	0.84282976614443
1518969433	0.20706800287919
1545242287	4.5590320320609
319131274	0.4746311881927
468091055	2.8205479811041
172663146	1.7280088140294
233637112	2.6507614821432
1805311144	2.6123262581473
367814461	4.3326387970395
1027100575	3.7520372326262
1697587893	0.2863896429941
2011481248	1.7465443079111
1551457972	3.4282277936247
152995838	4.6369385414929
105949798	1.6262919114094
14438145	0.28344209784802
1782138006	2.8173452675423
1635322390	0.85777958662146
1524014772	2.6203443867249
29297995	2.8661322583752
1461885298	3.5188674500766
391758741	4.949706010497
1438638832	4.686229659564
112609314	3.4629975997205
1322537907	3.5145008557078
277035310	1.5650174913765
1960574956	1.9145244275753
369784775	0.28134217266056
2093872232	3.4478948327936
1014363654	0.87873221183137
1959002562	2.6265468926293
1396160787	4.7327764005087
1118297411	0.56348013950674
1297033035	0.609528897614
1262114179	2.0896446318783
63900471	0.21454961049117
422666980	4.8412666282809
1431349429	3.9412667294691
1698891179	1.6074750021135
1740664296	3.4130123552927
201015585	1.2077418976499
643638242	2.8465393641249
1841397379	2.2541946835137
1298259576	2.443925946692
805375263	0.0022314745011886
1753147960	4.3633484255352
1805973093	0.46596045161875
548198734	4.2663832261536
514682853	4.4369615588509
1030997602	3.2522889870462
1729440457	0.38204964500947
477209655	0.37961489305814
401289099	0.14130580478409
