1125078184	4.4629672679412
556428333	4.1836372316739
211224799	4.8747063846675
222168336	3.9566269581935
1489466420	2.0001175962389
1812548892	1.9115720954312
2102862756	1.0729809715752
2040341481	1.4546098636718
531558289	3.4706225262352
1061278941	0.10442783362438
1509871647	1.3146219455239
506232501	0.43299936476769
1923390034	4.6512914843165
1151085039	3.6865690553964
2089075023	3.3680818781108
104408631	2.9877233682143
2115814157	1.7581576769045
972396756	1.4798682771995
272365519	0.71109269313099
1875777367	4.0498846718342
1342396335	3.1809127136045
2114201103	3.8403705455551
492056689	1.9509412427204
1705926030	4.672399964031
1913037110	2.8883447115721
1944185607	4.7623096219088
589074498	4.6173506368032
1069304811	3.5740755095957
673639016	3.4498732995474
935150790	2.2591599623017
489344462	4.6060592120542
359390497	1.6346476467488
1518668527	0.33667378143253
1049964688	1.0466534230144
2035617376	1.6843171751519
158450512	3.1546025039417
144068994	2.2452438214073
2017880336	0.31081509790887
537473803	0.054089657521848
1351924732	4.3317884413208
279104581	1.0185469808143
1956306268	4.3198251581377
78165815	4.6885735260735
2036261500	4.9375520646281
1224101588	0.85944508009564
261572837	3.1011202782863
1736461849	1.1993134330024
1535608309	0.1156436442936
627328046	3.1015778161127
174496333	3.3561452167836
757539607	1.7807967526749
485501339	4.4329745925185
287999114	4.3230416436321
367214118	3.0011804206302
412625111	2.3566941066443
794570627	0.35131420490859
1753434201	2.319321745224
145063898	3.7563760363294
1462795724	2.2205711795113
