523934864	2.1248649093904
1387341337	1.3781761198203
1177674106	0.97904110605784
2022172819	4.0331411240777
1096893905	0.34177803916008
1733724143	4.6143129442885
469829717	2.6221339812605
57783812	0.52460910776845
1272891894	1.3153620931857
1352965403	0.22506785123845
636987135	3.6617107939262
1185452836	3.738380730496
1910437308	2.8758661299366
47347183	1.3993351144713
878032295	4.0222781426377
1134674213	3.0468748361091
719298554	1.5123966995219
1980473579	1.7764933625127
1544729035	4.5133444361916
539481530	0.80759232202898
561145343	4.1111687380407
9282063	3.644986403475
643312562	0.81436337475402
1215972304	1.0944661177203
1191734912	2.141773887976
261441397	4.0274160257668
457216520	0.7657070857313
1461648478	2.4805482046122
2127202718	3.8119057956207
2007066422	3.2846596712641
892086660	0.3169395124153
1894842631	0.109740109234
1350751766	3.4106982352262
1076579114	3.0445745787791
1008199109	3.7201404519007
564823943	0.36539471259592
1935638449	3.90622841609
1009545322	0.57509912903192
154085115	0.037184283154637
870981735	3.8302265730827
2136200355	4.165387656151
218818804	1.3234905159676
1855582075	0.028667007586298
1089181103	4.7193131478128
992659876	0.30524685527442
21116487	1.49795329268
1898893494	0.069646358056761
1446895526	2.1273723277856
631147885	2.3032289055657
100122110	3.2519089864809
810567949	1.5951906687558
1683868848	1.0657027415306
423753969	2.5717392133417
289552886	1.1626062407916
1531157385	1.5772077471843
745476997	4.2516775309349
2061572662	2.1812911365094
1726356758	1.7255067530673
1020737612	3.9384820703131
326599474	3.3225250445877
345363725	4.0518299299534
2139314764	0.21051412923751
1059604550	3.0119953691084
916883834	2.3515134385561
1448460001	1.6579473864557
1947126422	0.5890375168943
1686905634	3.771567476807
309563396	1.7205028663019
656433330	2.2002305636184
433098281	0.9312307256885
751982065	1.6806995434131
217643730	4.6633068773259
1557415460	1.9660885571344
1355106374	3.8909705187618
1288542319	2.5746281200902
239620629	0.95399886414129
930424108	2.8243229947166
1883797395	0.88702501537605
1430771623	4.6490478118179
1929576864	3.5163151605596
