239780355	0.83759742129482
1956103929	3.940325483652
138030215	4.2418280845703
1762801737	0.11510979855205
1722812480	0.61379011981831
1912035825	4.1774976366095
239208537	4.7458003832706
2106990012	0.82985003983129
1824763333	3.0820069010751
1708646308	2.6732848224571
590498116	1.4558964671827
1256197375	4.567171868201
1972262538	1.7033938279857
1308036362	0.68279766276609
441228091	3.5613040409802
1430096149	4.5302671494569
1125223738	4.2856368000087
1033405820	3.5760541416593
1657639626	1.5432670160864
656857269	1.0761764976551
1413568763	2.9740385003267
1583112945	2.4475219344942
848244476	1.3845733070674
2008212474	3.1139273373941
364762301	4.4013515903621
4894895	3.7810814305121
240787451	2.7435673855914
1401707095	3.307109311366
2140933706	0.83573421967949
1540145387	3.7522225634904
1831649322	4.1522864667477
1324616680	1.2171454360788
1714083559	2.8161014187225
816663302	4.8825644934003
403244447	4.2607308920756
1117298512	0.97102772256873
1686360716	0.88736513903708
222052806	2.2681523916629
1232682144	0.073528059326824
403307529	1.8216134802539
657417668	4.2367740321144
642361209	3.8670379989161
988746370	1.6894456472664
925148703	4.3485371881856
1274363791	2.6477612427658
1789902397	4.8739085811534
1057474700	1.5105554468513
1135968817	0.48892645420922
1498660602	3.8352492539376
468936269	4.5033635336456
2055492670	4.8971745976699
772860622	3.4514128269867
638805783	1.3650228718133
246376888	2.4220425064778
1356560383	4.0529057006598
1309387032	1.5415357945215
1498936822	1.1765443446005
2103730043	0.83666416389712
916743735	1.5644714685923
404754462	4.1483554053811
584271451	0.21181454426228
1536659553	0.45789707939043
1792677829	2.9437018152996
1089276834	1.0133006917375
1611412413	4.5643045658079
1458479988	2.4213332763972
676583530	1.8474745852162
1403495835	2.2509525656937
449345602	4.0902620340186
1211929546	1.7352397375439
614000828	0.24833727173895
1489756650	1.0695252688925
1273347623	0.099114698869695
109231284	2.0154849519094
168469100	3.9847023547556
664958857	1.1364021832759
498632330	3.8652411843023
688551391	4.9042496131287
1863121761	3.9236600366066
1754791182	3.158453739322
960358062	0.14089696814348
85851153	2.2836187678779
1133562280	4.4701640538267
1388036153	4.2174338592298
955726168	1.7977255824011
1860025327	2.864131891571
1787237701	1.5938270448678
1432647032	3.2718718090429
945963675	2.8893588636487
1203720847	2.2418086450742
660022055	3.0049812947423
1031921490	0.82575013899512
1808515654	2.1340482505663
245092331	0.93984634659246
589641426	0.71426094542922
343959432	0.44423947829951
349039086	0.40444049537389
1030157292	3.210530389664
1667638931	4.6999306137208
