1575165356	3.4330269873296
189631635	0.70719261220991
1326761136	4.104596094277
927727957	0.14442335820963
1485349730	1.3347377285057
1910693380	2.2705412620076
867875221	1.6020347115593
1522754103	3.5839437081404
193727971	1.8720817411654
321817673	1.1231398028895
54184119	0.58102574459325
382222684	2.7902090772009
1415243557	3.6295714851607
1660136327	1.1663180501975
1553779714	1.7095142261635
196482036	0.1667825482631
124785199	1.580223998325
1079591631	3.2191564041279
1627465963	1.4653584554164
1266964877	1.0004603262062
788050264	0.099165579350277
1142632737	2.0323599511908
1090433266	2.1690745638539
1267163253	0.2533823183055
1538443777	2.2730172342961
246833168	4.4844648216313
1405189611	4.3182701823852
1206470257	2.942345518592
1972634957	0.71569208321892
1636665033	3.1660429309895
1616780382	3.2883840302417
809547979	4.0010463232179
822096798	4.5397034425008
11825548	0.24555890366694
672056930	0.58823949451942
1976964218	3.4808036654633
