1449804100	3.909342926419
1286388032	3.6590105288937
1568683511	1.7552739203699
1064740939	2.1906125858382
1093450221	1.1221936187345
1457540265	3.7537641258695
853806244	0.35953867731594
1624270554	3.018086323523
634545892	3.0927587361507
658992117	3.0222011883846
1470692556	1.1555967508608
1561515130	0.93116037590949
1000898831	0.095800068274047
78698854	0.65498793761013
1030261456	0.54767817749999
1737467723	4.9124191375041
345662060	4.9553365213589
470074111	1.3111843035143
1428652823	0.43585076017112
1678205505	0.15727784491949
155529251	2.7632984834552
789410414	0.85589712758357
58879376	3.4730451989328
323642813	3.1561141801794
209694440	4.5174236663233
28790268	1.4281116875019
1743020081	0.14786873950989
774092820	3.5435914520843
1346724241	1.7430949778031
1305051351	3.0080405985974
725092829	2.7553111513868
1008756310	3.4580889011072
1603839008	1.6225539201976
828199030	4.6971026457367
875639023	3.410853209631
330113959	0.90084392852189
1513332261	0.50435860431956
1662038010	3.3764192384558
1537119647	2.5238943647239
323390131	4.8532214899795
76325340	1.9756960039845
1006438454	1.5319356259573
297185637	0.94096720495306
960777612	1.2088003620546
1594734753	1.8389533934365
123457981	0.81476869798022
1863293531	2.8912390572444
1825424939	4.8961286199727
1524717211	1.2991128518708
1958515666	4.3590539411451
882703398	1.0994277829767
1561531431	4.5515866226291
707265912	2.853347723304
1203830702	3.9686187887418
1353604855	0.31064655879077
1651181211	4.0800623428449
803537677	4.221693584333
828209283	3.6759818152878
309774073	0.58153745279719
1769550651	4.6975391752541
515090019	3.1261423058464
373075770	4.6713394856413
649374769	3.9371986612385
612847007	2.746484262285
1533431262	2.4606629705339
1610922338	0.49651210219437
1834121952	4.4919892980214
598627009	0.2944839304753
748091030	4.7461576083424
1639047504	2.2373000822204
1310192634	4.0635404358914
1854317976	1.8030405146084
2123723286	0.21127108960006
84859901	1.6758309079687
1219551725	3.7268500070678
1540935096	1.8018497278922
442848592	3.7634049420075
679931919	0.73214639245167
442279465	3.5749291319283
1553294731	1.7279158610515
6649611	4.7211872319324
