1445199922	2.6982535993207
250880532	0.23649686027155
1499262979	3.642015167811
1635988556	4.8298010462102
332572427	2.8739119148226
6081683	1.9443829133848
704081251	0.47200003893673
1248579411	2.8059375112904
1861914463	3.1860477282601
58295141	3.7597131420671
957967374	1.2955147150417
2014958079	0.51778301853583
37147923	1.4589815989411
979831385	4.2232318917398
460261487	1.2715594872234
956042665	3.4723459270188
1032823741	4.5909140350255
1308735136	2.2055056445326
1459281574	1.3923913340049
95816483	3.8969128853161
1438692951	1.7587883499259
891705085	0.21094884034756
1231814015	2.560189064853
1504239979	0.25428275356734
1182823766	4.8069953056085
1437008577	3.3594586366599
1896670537	3.2767262371614
301933829	0.9092743908564
556642891	3.3812017684715
1160213148	2.8424333957222
1094566700	1.6068184406528
1849283743	2.2890158217815
496694786	2.4519438866768
2070876203	2.5184783630625
1797457232	1.759768725261
930954375	2.0146083282375
1719513412	0.18047985862032
844909354	0.95127406341549
126257909	4.0899748583743
940397191	2.647771554835
682792045	2.5459731312217
1674884771	2.4443888396231
265287709	0.96370315456935
1028208412	3.4991927437946
201866355	1.683527464831
1344560424	4.9965040525405
307866107	4.1409832863794
121067415	2.7636066045443
1885528160	2.589599076933
896720359	2.956780636663
924414705	0.14693530748921
1880826151	2.9608802348193
280822894	4.1851996743051
1157937658	0.32408298939657
1311433127	4.1848727335152
1281682871	4.4271201614417
36396967	0.58830717140264
2074896870	2.8911116383463
101314002	2.8568419222053
402488294	4.7991248382251
1632883688	0.73933416313461
607951153	3.3511002749908
1235007261	2.1756069605125
