214354577	4.9989057006309
132618781	4.549112552567
522235416	1.6001951445826
456725122	1.4515898825841
150941933	3.3129847926614
2005615738	2.4984320520882
1804292807	1.7697921613091
58280075	0.64049119159602
1562954773	1.6083758634554
666183735	3.598227593395
1707270657	4.0592860332966
1549216570	0.063563170872425
1191713067	1.9298944398434
1424138685	1.9590188106331
408378150	2.1745018810846
1760692248	3.4154331746583
272003567	4.8666051239085
1655637738	0.36487666208524
1111745667	3.8264723046806
423041484	3.8007229141894
1927195443	0.58700396008184
718504563	4.1394920550005
1566036247	0.7949225305556
1063070014	0.39101085876627
1187477137	3.9173898468341
1805002041	1.7999485353008
1378066066	4.5178219324526
1724044244	0.022305345638797
871920029	2.8818029458084
975496881	2.659445331739
785839258	3.4927865739413
487300504	0.14757006436008
346210466	4.47816567704
617893529	1.9190623038071
878395788	3.3955942855196
1942706235	0.17505682081685
969174166	1.3517167006394
1577899926	4.3340210380657
1965365976	3.0257560466536
1866497471	0.49551333323843
397088609	3.3374968093529
920610315	1.3106044830338
2138596514	2.2360671461728
1865892397	1.5356533911711
629862591	0.53351311037946
2005425530	0.34878873515352
162747428	2.3116534865981
719952437	1.0247902041417
951348409	4.6560758397244
2144409458	2.4535077588882
1733446204	2.4633147020188
2008221520	0.66839494773578
164409200	1.5984849406399
341126109	1.5504028818339
1404055176	4.4006608027968
300378959	3.8548926794226
1177861037	0.84732234517453
2120527077	3.2347041220566
632859683	2.5510455772984
149736978	2.6352506958112
1888180276	2.4500307824696
1276835227	0.043411934768507
493417660	1.9379864968071
353822297	2.120970425718
708399246	2.6189138799063
1758603026	2.2328849100661
1307126943	1.2005058076235
1849923715	1.4721263160334
738240360	4.6945781073042
1108935353	0.077147474548382
754265461	4.7206269156749
625504751	1.198518947325
545995293	0.58274641194509
366693762	2.5311750534601
358092335	1.9417348210429
1806442490	2.1134433323114
973715484	2.4055856221382
1809828351	3.7827945890756
1893052056	1.4548141073691
1035489172	3.5541942382949
717714167	4.0282599437182
531974908	3.9977163863358
214301013	4.3354329510291
1087763708	2.1994666998272
1985873373	1.5702377406742
768127037	2.6812885946973
2124146639	2.1260017282916
744051829	1.5456184775315
1460931602	4.2208780437805
868039928	0.8005935469645
232126760	0.61021117289095
1863846410	4.5406367790609
1710620970	0.90813370696648
