795234071	2.130648518042
2101919987	1.2752570916318
890782469	0.84234212797244
148595172	4.110006994619
1485564703	3.9532535495019
1969278209	3.5914864687209
587222305	0.17736861490522
532732967	3.6389026155876
2104100764	2.1592101255242
454345327	2.7888667177357
523462701	0.75967038784161
1238052814	2.1031439640108
219691622	3.07760767782
1460181715	0.52950955719199
1371381535	4.845982436019
998107603	0.96824339170393
361603233	3.9753738669564
1113669582	2.3697126830787
92653932	1.1623528023075
620712815	0.018404035371916
1481549004	0.67810432784171
1639821450	1.792627087232
596875797	2.710764972824
1034959530	1.151083347458
919112561	1.7972834044123
2104993722	0.49178635491607
731671016	3.616041288998
1114496726	4.9476005881781
489428101	3.0842724317146
410793972	3.5771117934851
554537683	0.8989902194119
620947608	3.2102406645241
1009570477	2.045115058797
1021935049	4.1975410325441
41589039	4.0947897867741
1788807456	2.0560077796951
1897498481	0.093644796914256
1845300137	3.8815464702815
1023249501	4.6852850633139
1928500370	0.70145491077632
1753579515	4.5016409477692
54519091	3.4410800777567
1612912040	0.06723168542014
1141192167	3.4133473659928
959765750	3.8784847822406
1604329832	1.0643759281674
1373591764	2.1671405002322
347008023	2.2354896516704
183767476	4.811260320624
1459148596	0.68681176551004
839787106	4.4430432046964
1072620741	4.631417426109
1904754247	1.7628482155329
1129335201	3.2571178736431
1744004445	2.8659258027868
538194464	3.4003656513059
116408571	0.098331160889161
1571789080	3.9874790022091
1792981328	1.2746900325989
1869305359	0.24990078771948
1491289913	4.3180595684415
337206345	1.2383010453723
848244636	2.6827963384254
1563617878	4.9107469827452
707167231	2.7523094475047
190168876	2.359188102353
1554235552	2.010122652636
1034330906	1.1499922727933
1112555189	0.78762682191451
981105395	0.7906032660001
840129469	3.6366126749835
1560992416	3.2015973810114
2093025556	2.6018093561762
1811454184	1.2075500917656
1345006380	3.110758957039
1850301174	0.19229937353744
1509362150	3.1857671254248
122024046	2.9422558461978
2046488975	3.5716269670854
1158354585	1.3921892370061
1587126857	2.1966005173496
269529094	2.2895850950338
38707295	1.5989191837604
634127838	1.691547146389
1341476196	1.9461556486535
416946857	3.440232259892
1087535249	3.3623648031439
381050681	0.51584983734221
966659636	0.45492490541885
434512105	0.56951721225377
1903874371	1.1616440239184
1901436471	1.2031860585339
1005263987	0.10668815351403
1229227953	3.0170276938086
2004666998	0.37400594231393
460520141	3.5175731328864
201336085	3.5011532499926
1390963296	4.7714466390998
2067813083	4.2379646511925
