1165631505	3.4120002707522
335263908	1.0400254121237
1433273118	2.3242081479748
1877542966	2.5539637834551
925359089	0.60149654774065
394769990	4.0776041774441
362387224	4.5271985184062
1650254973	3.1083283448165
658813129	3.3770445936253
1932275943	3.8304396480464
213004834	2.7884689242525
275750855	2.0403497698905
1320144420	3.1483443445286
983197615	3.1181509062267
384463810	2.1356785819566
567236890	2.8975229141757
1999469190	3.6760689474997
537807545	0.64227055788146
1343571999	0.93574780315894
911116829	1.307951475637
136490955	3.0594889181943
555287595	4.9897654610638
1914331763	2.4023829435009
398770800	2.2114207768866
1102219556	0.40656994581528
400144607	4.6482194446252
1904084304	0.6356969362291
1524678946	2.2984519285608
1946657392	4.3773568279004
235062738	1.9186171502427
1130446429	4.5479376751687
1351727360	1.5294571810073
1073016384	4.726115292742
1972598233	4.0538140195672
824446107	0.7301857093024
1874753702	3.1235142741927
1690344206	3.5439298527985
1086820693	4.5615649919778
1611170548	0.96771052385108
255877791	3.6357662052083
47358961	4.6335102546185
1894603336	0.70833311914854
1596334440	1.6924171390442
570613347	4.9585835006826
