575440568	4.0390613204981
709090169	4.0966226715113
1497696762	4.6430635194495
1813484136	4.7119268098436
1375162977	3.8350176153868
1860545871	4.5464204040106
403289505	2.5521955231913
926693762	3.4637254073581
1094835632	1.6787427904451
2010289766	1.15215358378
227979783	4.1444005557077
1401149845	4.416181635771
1702330759	2.6491552207848
1379647195	0.58925922288991
1503419010	4.7244027488513
1566575261	0.19056202386998
336337746	4.7248448243946
298864020	0.031509753331314
16854914	4.4885311785566
995763849	1.3240128156375
1037280919	1.7881058537346
597613707	2.5100346945739
1260397305	4.8280356707182
294878084	0.3002585984302
208123498	1.6065866251507
54942616	1.1160131246392
1645087511	4.4793058836271
519901199	0.55079123030919
1267276292	0.97652407641361
1940449423	0.37443846947255
862207991	4.3462965215306
813395043	3.8054892089243
1732748741	3.598504098411
1083911910	4.5533772253214
711859814	1.7925410935621
255532890	4.8718109586611
2036195409	0.98165618301446
1220333828	2.1326401699952
1706859562	1.4814383403777
1737686584	0.79237820151838
817891906	2.038746106922
1507630568	0.63997659163548
2011766328	2.0468041287022
133258557	3.1706096013871
1246599636	1.1128981835735
421531718	1.044257085791
2109459701	0.90223914519988
2107719084	4.3956363757121
880377717	1.9666884313182
719060296	2.5709966046601
770373219	3.4003331830727
2135470586	0.41249765335233
1851533407	1.6548874865542
830965731	1.5477824148479
953789653	0.97196650038099
228066612	1.9257013462138
1778322929	0.60517736040297
1963697325	2.9300923566008
1100997796	2.6561010012664
1038442387	0.9032089756351
1019664498	2.4614145897615
2087673646	2.5505081063837
430606465	2.6353656699114
2107025857	0.30560259023011
1801851842	1.4166523359793
805669349	1.1658074223277
567169547	1.7514903595445
99671532	0.070273720226378
2016038509	3.7763328495325
154818082	1.6252086924506
