1	2.17
2	2.95
3	3.34
4	1.88
5	2.48
6	3.67
7	2.81
8	0.49
9	2.26
10	1.58
11	2.10
12	2.38
13	3.2
14	3.21
15	3.34
16	0.60
17	0.47
18	2.48
19	1.32
20	1.22
21	0.80
22	3.81
23	0.94
24	2.74
25	3.60
26	3.97
27	3.27
28	0.20
29	0.72
30	0.50
31	2.52
32	1.25
33	2.27
34	3.66
35	2.77
36	1.80
37	0.88
38	1.7
39	2.34
40	0.11
41	2.8
42	3.6
43	0.66
44	0.94
45	2.83
46	1.99
47	3.14
48	0.12
49	0.29
50	2.32
51	1.94
52	2.80
53	2.34
54	2.36
55	0.29
56	3.22
57	3.83
58	1.46
59	0.59
60	1.32
61	2.27
62	3.90
63	2.18
64	1.30
65	1.32
66	2.65
67	3.32
