1	1.48
2	0.46
3	0.44
4	3.0
5	2.70
6	0.38
7	3.53
8	3.2
9	0.62
10	2.40
11	2.39
12	0.95
13	0.64
14	2.35
15	1.61
16	2.39
17	3.97
18	0.45
19	2.43
20	1.31
21	3.17
22	0.85
23	2.66
24	2.9
25	3.22
26	3.60
27	1.62
28	1.79
29	3.86
30	1.51
31	0.42
32	3.30
33	2.57
34	3.43
35	0.74
36	3.70
37	2.67
38	3.4
39	2.22
40	3.68
41	3.95
42	2.27
43	0.64
44	0.71
45	0.71
46	0.8
47	1.65
48	0.89
49	2.87
50	3.94
51	3.93
52	2.28
53	2.65
54	0.98
55	3.84
56	2.97
57	2.73
58	0.29
59	2.95
60	3.11
61	0.39
62	3.6
63	1.98
64	3.78
65	2.11
66	0.18
67	1.11
68	2.88
69	0.74
