1	2.96
2	2.6
3	2.25
4	2.24
5	1.95
6	1.28
7	1.82
8	1.2
9	0.98
10	1.13
11	1.7
12	1.46
13	0.56
14	2.79
15	1.2
16	2.17
17	0.87
18	1.70
19	1.61
20	1.78
21	0.1
22	2.62
23	3.15
24	1.41
25	0.34
26	0.5
27	2.49
28	1.97
29	2.9
30	3.91
31	2.4
32	3.52
33	3.48
34	1.71
35	3.87
36	3.62
37	0.3
38	0.5
39	2.13
40	1.27
41	1.69
42	1.4
43	2.69
44	1.53
45	1.13
46	0.30
47	1.56
48	3.55
49	0.99
50	1.67
51	1.21
52	1.15
53	0.21
54	2.16
55	1.53
56	3.5
57	0.99
58	3.3
59	3.86
60	0.51
61	0.69
62	3.39
63	2.9
64	3.13
65	3.38
66	0.59
67	0.71
68	1.18
69	3.85
70	3.1
71	0.5
72	1.73
73	0.57
74	0.11
75	2.69
76	3.99
77	2.55
78	1.73
