1	1.79
2	0.91
3	3.2
4	2.70
5	2.60
6	2.89
7	0.79
8	0.87
9	2.46
10	1.11
11	1.83
12	3.83
13	3.20
14	3.92
15	0.55
16	3.24
17	3.22
18	3.59
19	1.92
20	3.99
21	3.65
22	1.45
23	0.46
24	2.77
25	3.58
26	0.0
27	2.24
28	0.2
29	1.86
30	3.70
31	1.8
32	0.11
33	1.29
34	2.45
35	0.71
36	1.96
37	2.31
38	3.78
39	1.29
40	3.87
41	0.22
42	3.11
43	2.97
44	0.70
45	1.92
46	3.48
47	3.91
48	3.81
49	1.6
50	2.19
51	2.29
52	0.76
53	1.1
54	1.24
55	1.99
56	2.59
57	2.41
58	2.44
59	1.68
60	2.67
61	2.1
62	2.6
63	0.39
64	1.67
65	2.43
66	1.37
67	1.8
68	3.7
69	3.74
70	0.60
71	2.24
72	2.58
73	0.48
74	0.50
75	0.88
76	2.26
77	2.84
78	2.2
79	3.7
80	1.25
81	1.43
82	0.83
83	0.37
84	1.59
85	1.81
86	0.22
87	2.63
