1	1.27
2	3.27
3	1.7
4	3.30
5	2.45
6	1.15
7	3.10
8	3.12
9	0.52
10	0.13
11	1.99
12	3.54
13	0.64
14	1.30
15	0.50
16	2.37
17	3.18
18	1.27
19	1.76
20	2.83
21	2.7
22	0.40
23	2.58
24	1.99
25	3.74
26	0.45
27	3.66
28	3.18
29	0.19
30	0.51
31	1.8
32	1.51
33	1.63
34	0.60
35	2.66
36	3.76
37	0.89
38	1.49
39	3.95
40	2.72
41	2.83
42	2.38
43	0.89
44	2.30
45	0.40
46	1.14
47	1.54
48	3.30
49	1.92
50	3.22
51	2.67
52	1.78
53	2.6
54	0.48
55	3.12
56	3.89
57	2.89
58	3.40
59	1.61
60	2.25
61	1.16
62	2.23
63	2.55
64	1.41
65	0.97
66	3.96
67	2.37
