1	3.49
2	1.83
3	0.38
4	3.49
5	0.49
6	1.0
7	2.49
8	2.74
9	1.24
10	1.81
11	0.39
12	3.54
13	2.63
14	2.85
15	1.6
16	1.28
17	1.36
18	3.4
19	0.99
20	3.37
21	3.21
22	2.91
23	3.87
24	2.81
25	1.19
26	2.32
27	2.80
28	0.93
29	2.37
30	0.35
31	1.10
32	3.81
33	2.33
34	3.5
35	0.0
36	2.66
37	3.2
38	1.56
39	2.2
40	1.82
41	1.58
42	0.61
43	1.71
44	3.43
45	1.46
46	3.63
47	1.53
48	2.39
49	2.75
50	3.23
51	1.10
52	3.12
53	0.51
54	1.89
55	0.88
56	1.42
57	3.35
58	0.21
59	1.92
60	3.74
61	0.10
62	2.20
63	0.43
64	1.85
65	3.92
66	3.55
67	2.95
68	2.92
69	3.25
70	1.54
71	3.30
72	3.95
