1	1.7
2	3.30
3	2.93
4	2.17
5	0.60
6	0.8
7	1.5
8	0.95
9	2.61
10	1.80
11	3.50
12	0.6
13	3.83
14	0.44
15	2.50
16	0.49
17	1.49
18	3.34
19	0.25
20	1.63
21	3.88
22	1.55
23	0.74
24	1.71
25	1.13
26	2.60
27	0.24
28	1.53
29	2.21
30	1.90
31	2.63
32	0.74
33	2.29
34	3.85
35	2.86
36	3.50
37	2.22
38	0.16
39	1.86
40	1.66
41	2.60
42	1.94
43	2.0
44	3.29
45	3.23
46	2.7
47	0.83
48	2.11
49	3.52
50	1.64
51	3.1
52	1.88
53	1.7
54	2.75
55	3.62
56	1.18
57	1.21
58	0.78
59	2.66
60	2.40
61	0.54
62	0.81
63	1.13
64	2.8
65	2.8
66	2.50
67	0.40
68	2.24
69	1.97
70	3.61
71	0.45
72	1.68
73	3.83
74	0.29
75	1.42
76	3.52
77	3.18
78	2.40
79	2.14
80	1.15
81	0.40
82	2.13
83	1.40
84	0.88
85	0.10
86	1.21
87	0.61
88	1.81
89	2.95
90	2.29
91	1.33
92	2.33
93	3.39
94	0.62
95	0.24
96	2.26
97	3.76
98	3.89
99	1.99
