1	0.43
2	2.19
3	1.29
4	1.49
5	1.22
6	2.14
7	1.23
8	0.23
9	0.14
10	0.46
11	0.43
12	0.97
13	0.93
14	1.97
15	0.50
16	2.12
17	2.47
18	2.14
19	3.49
20	0.65
21	1.34
22	2.50
23	1.79
24	3.12
25	2.4
26	0.87
27	1.56
28	3.68
29	0.84
30	3.90
31	2.29
32	2.28
33	0.94
34	3.96
35	2.7
36	0.76
37	1.55
38	0.49
39	1.63
40	3.15
41	0.61
42	2.24
43	2.6
44	3.40
45	1.93
46	2.97
47	2.94
48	2.55
49	1.82
50	2.62
51	1.59
52	2.22
53	3.24
54	0.82
55	2.9
56	2.52
57	0.26
58	0.70
59	3.28
60	2.94
61	2.28
62	2.63
63	3.15
64	0.33
65	0.56
66	1.84
67	0.75
68	0.31
69	1.73
70	0.88
71	2.24
72	2.2
73	0.32
74	1.67
75	3.12
76	3.17
77	1.18
78	0.52
79	0.96
80	0.34
81	2.76
82	0.97
