1	3.9
2	3.26
3	0.47
4	0.8
5	2.66
6	1.21
7	1.13
8	0.8
9	3.63
10	2.49
11	3.29
12	2.98
13	3.30
14	3.29
15	2.63
16	1.69
17	0.34
18	1.96
19	3.63
20	0.87
21	1.37
22	3.81
23	1.13
24	3.6
25	3.48
26	0.25
27	2.50
28	3.33
29	0.74
30	3.41
31	0.46
32	1.59
33	3.55
34	2.52
35	3.88
36	2.13
37	3.78
38	1.9
39	0.64
40	0.18
41	0.30
42	1.30
43	0.73
44	3.95
45	2.67
46	0.90
47	3.16
48	0.72
49	1.18
50	0.4
51	0.29
52	3.39
53	3.19
54	1.45
55	2.30
56	3.51
57	2.29
58	2.24
59	0.85
60	0.66
61	3.85
62	1.58
63	3.72
64	1.23
65	0.39
66	3.11
67	3.59
68	1.41
69	0.87
70	3.32
71	0.49
72	1.38
73	0.51
74	3.26
75	2.34
76	1.26
77	3.95
78	3.55
79	2.80
80	1.82
81	3.22
82	3.43
83	1.99
84	1.56
85	1.80
86	3.54
87	0.57
88	0.85
89	1.45
90	3.57
91	3.85
92	0.52
93	0.73
94	3.64
95	0.27
96	1.81
97	2.25
98	0.28
99	1.37
