1	0.28
2	3.39
3	0.5
4	3.73
5	2.46
6	0.70
7	1.24
8	3.7
9	3.21
10	3.46
11	1.58
12	1.60
13	2.97
14	0.42
15	1.40
16	2.56
17	0.80
18	2.27
19	3.99
20	0.4
21	2.89
22	1.54
23	3.49
24	3.56
25	3.46
26	0.92
27	3.91
28	0.72
29	3.28
30	3.33
31	0.17
32	2.32
33	0.38
34	2.65
35	1.74
36	2.43
37	0.20
38	2.26
39	1.53
40	0.56
41	2.27
42	0.95
43	3.36
44	1.72
45	0.1
46	0.47
47	3.33
48	1.63
49	2.90
50	0.79
51	2.68
52	1.79
53	1.37
54	3.73
55	3.5
56	1.14
57	1.28
58	2.41
59	1.61
60	0.37
61	2.0
62	1.73
63	2.97
64	0.83
65	1.43
66	1.22
67	3.22
68	0.12
69	1.2
70	0.39
71	3.92
72	3.83
73	1.48
74	1.38
75	0.70
76	3.97
77	0.42
78	3.51
79	2.4
80	2.41
81	3.69
82	3.47
83	2.68
84	0.34
85	0.41
86	1.16
87	2.35
88	2.25
89	3.38
90	0.31
91	0.89
92	2.36
93	1.78
