1	1.55
2	2.85
3	2.85
4	2.69
5	0.83
6	3.64
7	2.24
8	0.29
9	3.81
10	1.48
11	3.36
12	2.20
13	3.49
14	0.1
15	0.87
16	3.42
17	0.91
18	2.67
19	1.19
20	2.89
21	2.96
22	2.70
23	1.92
24	0.55
25	1.87
26	3.33
27	3.75
28	2.59
29	0.76
30	3.1
31	1.45
32	3.55
33	2.53
34	2.48
35	1.32
36	1.39
37	2.88
38	0.55
39	3.62
40	3.42
41	0.41
42	2.14
43	0.93
44	3.65
45	2.91
46	2.70
47	1.75
48	0.23
49	2.84
50	3.23
51	1.73
52	0.75
53	0.49
54	0.38
55	3.25
56	2.52
57	3.43
58	3.3
59	3.68
60	3.74
61	1.51
62	1.68
63	3.71
64	0.95
65	1.94
66	3.20
67	2.77
68	3.21
69	1.41
70	1.12
71	2.15
72	3.65
73	1.17
74	1.68
75	0.84
76	2.45
77	0.11
78	1.76
79	0.66
80	1.75
81	2.22
82	3.10
83	0.34
84	0.57
85	1.7
86	1.72
87	0.97
