1	1.81
2	2.6
3	2.58
4	3.63
5	1.17
6	3.79
7	3.64
8	3.5
9	1.28
10	0.38
11	3.41
12	2.18
13	0.54
14	1.2
15	0.60
16	3.96
17	3.36
18	1.51
19	1.24
20	1.30
21	2.43
22	0.21
23	0.22
24	0.89
25	0.94
26	0.58
27	3.96
28	1.70
29	1.5
30	2.68
31	2.77
32	1.18
33	3.51
34	2.77
35	0.57
36	2.66
37	2.84
38	3.17
39	3.84
40	2.26
41	0.5
42	2.21
43	0.75
44	2.66
45	2.72
46	3.26
47	2.0
48	3.55
49	3.0
50	1.86
51	3.14
52	1.85
53	1.12
54	1.75
55	2.18
56	1.1
57	2.31
58	1.74
59	1.47
60	0.3
61	2.60
62	2.4
63	3.96
64	2.20
65	1.2
