1	1.90
2	3.70
3	2.84
4	0.40
5	2.68
6	1.49
7	1.92
8	1.98
9	0.54
10	0.84
11	2.62
12	0.48
13	1.78
14	1.51
15	0.40
16	2.93
17	1.37
18	3.21
19	1.38
20	2.20
21	1.75
22	0.35
23	3.28
24	1.88
25	2.41
26	3.2
27	0.76
28	0.15
29	0.77
30	1.12
31	0.14
32	2.45
33	3.13
34	1.74
35	1.87
36	0.59
37	3.81
38	1.31
39	3.77
40	1.67
41	0.54
42	2.68
43	0.79
44	1.34
45	1.35
46	0.4
47	3.78
48	3.21
49	0.32
50	3.40
51	1.83
52	2.30
53	3.40
54	3.93
55	3.71
56	0.53
57	3.5
58	2.97
59	1.25
60	2.90
61	3.51
62	3.75
63	3.55
64	3.79
65	2.99
66	2.64
67	0.93
68	1.78
69	1.60
70	1.72
