1	1.5
2	1.51
3	3.2
4	2.92
5	3.70
6	1.63
7	3.35
8	1.96
9	1.13
10	1.32
11	3.46
12	3.51
13	2.96
14	3.29
15	3.79
16	2.51
17	2.19
18	1.18
19	0.34
20	0.67
21	2.63
22	3.13
23	0.10
24	0.36
25	3.86
26	1.98
27	1.61
28	3.23
29	0.16
30	0.57
31	3.79
32	0.24
33	1.26
34	0.34
35	1.37
36	3.15
37	0.89
38	1.36
39	1.69
40	1.30
41	1.39
42	0.69
43	0.17
44	2.64
45	3.53
46	2.95
47	3.89
48	1.82
49	0.74
50	3.11
51	1.16
52	3.95
53	0.44
54	0.51
55	3.14
56	2.66
57	0.87
58	1.49
59	0.53
60	2.10
61	2.23
62	1.90
63	1.57
64	0.97
65	0.60
66	0.45
67	1.89
68	2.80
69	1.99
70	0.44
71	0.89
72	0.7
73	0.58
74	0.73
75	0.53
