1	0.15
2	3.61
3	1.87
4	2.34
5	2.85
6	3.3
7	0.86
8	1.19
9	3.73
10	2.7
11	2.96
12	2.29
13	0.73
14	2.96
15	1.67
16	2.11
17	2.26
18	3.2
19	1.63
20	0.82
21	2.76
22	1.69
23	1.19
24	3.92
25	3.82
26	3.92
27	1.74
28	3.30
29	3.66
30	3.28
31	1.5
32	3.92
33	1.27
34	2.6
35	2.27
36	1.61
37	2.35
38	3.61
39	0.26
40	1.31
41	1.55
42	3.25
43	0.99
44	3.68
45	0.9
46	1.38
47	1.78
48	0.72
49	1.87
50	3.36
51	1.29
52	0.25
53	1.16
54	2.16
55	2.20
56	0.36
57	3.99
58	2.1
59	0.32
60	2.20
61	3.94
62	1.37
63	0.30
64	3.24
65	2.87
66	2.73
67	3.79
68	3.98
69	2.54
70	1.14
71	0.98
72	1.72
