1	0.51
2	3.4
3	2.1
4	0.20
5	3.11
6	2.53
7	0.15
8	3.13
9	2.81
10	2.45
11	0.10
12	1.79
13	1.24
14	1.97
15	1.18
16	2.97
17	0.48
18	3.69
19	1.96
20	1.98
21	2.79
22	3.25
23	2.27
24	0.32
25	2.63
26	3.15
27	2.86
28	1.89
29	3.63
30	1.43
31	3.84
32	0.55
33	3.14
34	3.29
35	3.39
36	0.99
37	3.90
38	2.88
39	0.96
40	3.83
41	1.11
42	3.22
43	1.27
44	0.86
45	3.27
46	0.43
47	3.28
48	3.40
49	2.83
50	2.86
51	2.93
52	0.40
53	1.1
54	1.97
55	0.6
56	1.60
57	2.38
58	3.77
59	2.10
60	0.73
61	3.5
62	3.84
63	2.87
64	1.90
65	1.78
66	3.22
67	0.44
68	2.49
69	3.38
70	3.96
71	1.15
