1	0.16
2	1.50
3	3.69
4	0.30
5	2.21
6	0.87
7	1.2
8	2.40
9	1.16
10	0.49
11	2.46
12	3.28
13	2.51
14	0.46
15	0.63
16	0.39
17	0.32
18	3.67
19	1.95
20	2.40
21	3.30
22	0.18
23	1.72
24	3.73
25	0.7
26	1.76
27	3.45
28	3.33
29	3.9
30	2.3
31	2.20
32	2.99
33	0.35
34	0.14
35	3.79
36	2.38
37	2.48
38	3.70
39	0.7
40	3.98
41	1.91
42	0.47
43	2.56
44	3.93
45	0.39
46	3.23
47	0.78
48	1.8
49	3.74
50	3.6
51	1.57
52	1.77
53	3.51
54	0.54
55	2.38
56	2.81
57	3.0
58	0.17
59	1.63
60	3.81
61	3.4
62	1.38
63	3.35
64	1.21
65	3.60
66	3.83
67	0.29
68	0.82
69	3.96
70	3.72
71	1.99
72	1.83
73	0.91
74	1.40
75	0.58
76	2.59
77	1.77
78	3.19
79	3.86
