1	0.25
2	3.3
3	0.68
4	2.41
5	0.82
6	3.36
7	2.15
8	2.90
9	1.53
10	0.17
11	1.70
12	2.43
13	3.36
14	0.45
15	3.38
16	2.45
17	3.92
18	1.74
19	2.8
20	3.99
21	2.15
22	3.92
23	2.29
24	2.44
25	2.79
26	2.6
27	2.95
28	1.41
29	2.88
30	2.30
31	0.19
32	1.13
33	0.77
34	3.54
35	0.57
36	1.34
37	1.50
38	3.73
39	3.27
40	0.83
41	1.57
42	2.4
43	0.30
44	0.70
45	2.16
46	0.3
47	0.61
48	1.60
49	3.83
50	0.57
51	3.4
52	2.17
53	2.33
54	3.30
55	2.8
56	0.4
57	1.10
58	0.54
59	1.57
60	3.77
61	1.61
62	3.11
63	0.34
64	3.33
65	2.46
66	2.76
67	1.8
68	1.16
69	0.69
70	3.47
71	0.80
72	3.29
73	2.7
74	2.7
75	2.73
76	3.79
