1	2.32
2	3.29
3	0.27
4	0.54
5	0.48
6	0.75
7	2.57
8	2.64
9	0.1
10	3.71
11	1.76
12	1.5
13	2.90
14	2.67
15	0.84
16	1.92
17	3.4
18	1.12
19	2.67
20	3.94
21	2.51
22	1.83
23	2.60
24	0.39
25	2.78
26	3.81
27	3.56
28	0.41
29	1.6
30	2.44
31	2.88
32	1.15
33	3.32
34	1.28
35	2.67
36	0.72
37	3.44
38	3.17
39	2.93
40	3.98
41	0.52
42	2.8
43	2.49
44	1.91
45	3.82
46	1.78
47	1.76
48	1.42
49	2.12
50	0.34
51	0.40
52	0.46
53	1.73
54	1.59
55	0.79
56	0.74
57	3.75
58	0.68
59	0.30
60	0.68
61	3.55
62	2.15
63	0.15
64	2.63
65	1.85
66	3.58
67	2.69
68	0.80
69	0.85
70	3.62
71	3.66
72	0.66
73	3.71
74	1.85
75	0.12
76	2.14
77	3.73
78	3.77
79	0.28
80	0.94
81	0.49
82	0.25
83	0.98
84	2.38
85	0.16
86	3.85
87	1.55
88	3.87
89	3.1
90	3.99
91	0.99
92	0.59
93	1.6
94	0.35
95	0.22
96	3.75
97	0.13
98	1.42
