1	2.90
2	1.66
3	0.58
4	0.12
5	3.86
6	2.24
7	0.82
8	1.18
9	2.80
10	2.74
11	0.85
12	3.12
13	3.10
14	0.13
15	0.76
16	0.18
17	1.99
18	2.52
19	1.25
20	3.92
21	0.15
22	2.61
23	2.35
24	0.67
25	3.8
26	3.50
27	3.30
28	3.30
29	0.75
30	0.20
31	0.24
32	1.89
33	2.18
34	0.73
35	0.66
36	3.59
37	2.31
38	0.18
39	3.69
40	3.89
41	2.7
42	1.84
43	2.22
44	0.52
45	1.71
46	0.53
47	1.80
48	2.31
49	0.5
50	1.55
51	0.9
52	2.2
53	0.59
54	0.18
55	0.61
56	0.24
57	1.96
58	1.63
59	2.28
60	1.64
61	2.83
62	2.13
63	3.17
64	1.15
65	0.54
66	2.57
67	3.64
68	0.46
69	2.82
70	1.61
71	3.29
72	1.63
73	1.49
74	2.93
75	1.59
76	3.33
77	2.49
78	3.15
79	2.90
80	1.84
81	0.50
82	1.26
83	3.30
84	2.25
85	1.83
86	3.17
87	2.14
88	1.85
