1	1.51
2	0.8
3	1.35
4	2.80
5	3.77
6	3.73
7	0.29
8	2.70
9	0.17
10	1.62
11	0.34
12	2.64
13	1.24
14	0.71
15	0.28
16	0.59
17	3.57
18	3.42
19	1.56
20	1.33
21	1.93
22	2.41
23	2.78
24	3.75
25	0.8
26	3.30
27	2.59
28	0.99
29	1.68
30	2.86
31	1.96
32	0.60
33	0.0
34	3.84
35	3.56
36	3.49
37	3.59
38	2.63
39	0.10
40	0.87
41	1.0
42	2.77
43	1.64
44	2.99
45	3.68
46	3.10
47	1.40
48	2.19
49	3.40
50	0.29
51	3.92
52	3.49
53	2.4
54	1.44
55	0.96
56	0.56
57	1.41
58	0.28
59	3.45
60	3.72
61	3.6
62	1.0
63	1.71
64	0.80
65	0.15
66	0.14
67	0.74
68	2.90
69	1.39
70	0.59
71	0.47
72	2.38
73	0.14
