1	2.8
2	3.73
3	0.93
4	0.82
5	3.90
6	3.29
7	1.45
8	0.24
9	2.68
10	1.20
11	1.71
12	1.37
13	2.72
14	0.54
15	0.73
16	1.12
17	0.66
18	2.24
19	0.11
20	0.39
21	2.88
22	2.4
23	2.90
24	0.58
25	0.96
26	0.12
27	3.79
28	3.91
29	2.37
30	3.49
31	2.92
32	2.88
33	3.20
34	1.84
35	2.5
36	3.75
37	0.90
38	2.84
39	0.21
40	3.58
41	3.48
42	3.98
43	3.52
44	0.96
45	0.88
46	3.99
47	0.23
48	3.89
49	0.83
50	2.79
51	1.52
52	0.47
53	1.6
54	1.10
55	3.1
56	2.31
57	2.65
58	0.50
59	1.8
60	2.62
61	0.88
62	2.87
63	0.95
64	3.70
65	1.58
66	3.11
67	3.62
68	0.44
69	1.56
70	3.85
71	0.60
72	1.81
73	2.96
74	0.13
75	2.86
76	2.63
77	1.32
78	2.56
79	2.83
80	2.93
81	0.87
