1	0.51
2	0.71
3	1.72
4	3.46
5	0.67
6	0.45
7	1.31
8	2.33
9	1.59
10	1.85
11	2.66
12	0.7
13	0.24
14	0.44
15	2.53
16	2.20
17	2.45
18	2.53
19	1.68
20	2.66
21	0.87
22	3.47
23	3.71
24	1.98
25	3.60
26	0.93
27	1.29
28	1.20
29	2.74
30	2.93
31	1.31
32	2.51
33	2.23
34	2.29
35	3.27
36	0.37
37	0.16
38	0.47
39	2.89
40	1.92
41	2.32
42	1.78
43	0.5
44	0.21
45	1.84
46	3.91
47	2.26
48	3.52
49	3.95
50	1.76
51	3.21
52	0.81
53	1.92
54	1.62
55	0.90
56	2.0
57	1.26
58	0.17
59	3.29
60	3.26
61	0.94
62	1.52
63	0.16
64	2.29
65	2.31
66	0.5
67	3.35
68	0.91
69	3.94
70	0.46
71	3.66
72	1.2
73	0.64
74	0.63
75	3.84
76	3.78
77	1.91
