1	2.32
2	3.45
3	2.26
4	0.29
5	3.5
6	0.60
7	0.47
8	1.27
9	2.25
10	3.55
11	3.18
12	2.82
13	1.10
14	1.15
15	3.47
16	1.14
17	2.18
18	0.9
19	0.22
20	2.77
21	1.26
22	1.92
23	0.85
24	2.17
25	0.90
26	1.20
27	2.14
28	0.63
29	2.87
30	0.39
31	2.39
32	2.99
33	0.13
34	1.43
35	1.50
36	2.73
37	3.90
38	1.63
39	0.64
40	0.92
41	0.67
42	2.77
43	3.73
44	0.76
45	1.41
46	2.57
47	0.41
48	0.98
49	3.24
50	2.58
51	1.25
52	2.45
53	0.77
54	2.9
55	0.24
56	3.13
57	0.93
58	2.28
59	3.70
60	2.22
61	0.7
62	2.27
63	2.73
64	1.95
65	1.25
66	0.42
67	0.90
68	1.13
69	2.31
70	2.54
71	2.37
72	0.24
73	1.9
74	0.91
75	2.12
76	2.53
77	0.98
78	1.27
79	0.29
80	3.4
81	1.53
82	3.80
83	3.67
84	0.24
85	1.34
86	0.68
87	2.77
88	3.48
89	0.25
90	3.7
91	2.50
92	1.85
93	3.81
94	1.48
95	0.33
96	0.57
