1	1.60
2	3.49
3	2.43
4	1.37
5	2.77
6	3.6
7	2.36
8	0.40
9	1.91
10	3.89
11	1.76
12	3.71
13	0.0
14	1.98
15	1.16
16	3.76
17	2.45
18	2.14
19	1.20
20	2.28
21	2.92
22	1.11
23	1.53
24	0.46
25	0.84
26	0.20
27	3.52
28	2.44
29	0.84
30	1.65
31	2.7
32	2.83
33	0.59
34	2.25
35	1.28
36	2.23
37	2.95
38	1.23
39	2.56
40	3.19
41	3.7
42	1.72
43	2.14
44	2.40
45	1.5
46	1.57
47	0.28
48	3.50
49	0.43
50	1.39
51	2.67
52	2.60
53	2.31
54	1.10
55	1.53
56	2.31
57	0.61
58	2.15
59	1.33
60	0.94
61	1.52
62	1.10
63	3.63
64	3.43
65	3.25
66	3.59
67	2.68
68	3.33
69	3.6
70	1.51
71	2.55
72	0.88
