1	3.7
2	0.52
3	3.31
4	0.13
5	3.56
6	1.97
7	3.99
8	1.75
9	0.98
10	2.52
11	1.13
12	2.93
13	3.90
14	0.17
15	1.96
16	1.14
17	1.86
18	3.53
19	2.96
20	0.67
21	1.60
22	0.53
23	0.92
24	2.71
25	2.72
26	1.47
27	2.71
28	0.0
29	2.54
30	0.18
31	2.62
32	3.45
33	3.10
34	0.28
35	1.48
36	0.17
37	1.59
38	3.55
39	0.15
40	0.18
41	2.50
42	1.4
43	3.15
44	1.12
45	2.27
46	3.89
47	2.76
48	1.80
49	2.77
50	0.3
51	0.13
52	1.81
53	3.94
54	0.4
55	1.16
56	0.95
57	3.50
58	3.68
59	3.72
60	2.9
61	2.1
62	1.42
63	3.2
64	2.93
65	3.43
66	2.31
67	2.91
68	3.34
69	3.94
70	1.73
71	3.14
72	0.38
73	1.67
74	3.58
75	3.65
76	2.46
77	3.26
78	0.26
79	0.88
80	2.20
81	1.10
82	3.63
83	1.7
84	0.50
