1	2.92
2	1.21
3	1.96
4	3.12
5	0.13
6	1.40
7	3.79
8	2.5
9	2.34
10	1.96
11	2.90
12	3.52
13	0.65
14	2.46
15	3.89
16	0.78
17	1.88
18	3.62
19	2.38
20	2.70
21	1.43
22	2.61
23	3.45
24	2.91
25	3.22
26	2.95
27	0.74
28	0.41
29	3.65
30	3.24
31	1.43
32	3.94
33	1.79
34	2.30
35	2.85
36	2.10
37	3.79
38	0.60
39	3.65
40	0.78
41	1.61
42	3.37
43	1.32
44	2.40
45	1.33
46	1.61
47	2.71
48	2.14
49	2.96
50	2.1
51	1.23
52	1.84
53	1.42
54	2.69
55	2.15
56	3.63
57	2.48
58	0.46
59	0.16
60	3.9
61	1.60
62	1.76
63	1.37
64	1.68
65	3.45
66	1.30
67	2.58
68	0.88
69	0.28
70	3.30
71	1.64
72	3.96
73	2.63
74	0.32
75	3.13
76	0.49
77	1.16
78	0.77
79	1.95
80	1.88
81	3.33
82	3.44
83	3.4
