1	3.65
2	2.94
3	2.95
4	1.18
5	1.20
6	2.6
7	1.69
8	3.13
9	0.58
10	1.97
11	0.44
12	1.82
13	3.53
14	1.68
15	1.46
16	1.47
17	0.7
18	0.65
19	0.50
20	0.1
21	0.76
22	3.92
23	3.83
24	2.64
25	3.57
26	3.74
27	0.15
28	1.8
29	1.50
30	3.26
31	2.8
32	0.76
33	1.1
34	2.29
35	3.31
36	1.85
37	2.38
38	2.40
39	1.50
40	3.89
41	2.10
42	1.18
43	3.33
44	1.99
45	1.86
46	2.73
47	2.33
48	3.70
49	0.97
50	1.86
51	3.4
52	2.78
53	1.27
54	0.48
55	1.46
56	1.92
57	1.48
58	1.5
59	1.80
60	2.33
61	2.70
62	3.16
63	3.53
64	2.99
65	0.86
66	0.65
67	0.90
68	3.60
69	1.33
70	2.13
71	0.58
72	0.1
73	2.31
74	1.8
75	3.93
76	2.28
77	3.76
78	2.54
