1	3.33
2	0.78
3	0.95
4	1.79
5	1.61
6	2.9
7	0.57
8	3.80
9	0.35
10	0.61
11	0.54
12	3.1
13	0.94
14	1.60
15	3.29
16	3.78
17	3.75
18	2.63
19	2.50
20	1.21
21	3.66
22	2.75
23	3.20
24	3.23
25	1.70
26	2.24
27	2.88
28	0.9
29	1.75
30	3.75
31	3.56
32	1.72
33	1.3
34	2.27
35	3.62
36	2.61
37	0.35
38	1.5
39	3.53
40	3.19
41	2.89
42	3.37
43	1.63
44	2.29
45	2.66
46	1.59
47	2.90
48	0.39
49	3.49
50	0.20
51	3.87
52	2.28
53	3.38
54	1.79
55	2.80
56	3.93
57	1.99
58	1.15
59	3.21
60	2.30
61	1.97
62	3.97
63	2.46
64	2.33
65	1.98
66	0.4
67	1.10
68	3.16
69	0.1
70	1.96
71	0.68
72	2.19
73	0.10
74	1.29
75	2.74
76	0.19
77	0.23
78	0.72
79	3.69
80	3.6
81	2.32
82	1.20
83	1.9
84	2.93
85	0.88
86	2.92
87	2.89
