1	2.79
2	1.43
3	0.52
4	0.42
5	3.19
6	3.24
7	0.66
8	2.19
9	1.75
10	3.34
11	2.3
12	3.69
13	2.45
14	3.72
15	1.10
16	2.85
17	1.23
18	2.92
19	3.91
20	2.88
21	0.92
22	1.86
23	3.13
24	3.47
25	3.32
26	0.74
27	3.15
28	2.99
29	3.47
30	0.48
31	3.90
32	3.83
33	3.61
34	1.23
35	0.90
36	3.5
37	3.63
38	2.36
39	2.88
40	1.82
41	2.53
42	3.16
43	3.70
44	2.97
45	0.71
46	1.28
47	1.59
48	0.85
49	0.90
50	1.27
51	0.41
52	2.74
53	0.94
54	1.21
55	2.46
56	0.74
57	3.0
58	0.57
59	3.80
60	0.28
61	1.56
62	1.70
63	2.51
64	0.1
65	0.71
66	2.39
67	1.98
68	0.66
69	1.70
70	0.79
71	3.99
72	1.41
73	0.88
74	1.57
75	3.51
