1	1.26
2	0.95
3	4.62
4	0.59
5	1.12
6	1.93
7	2.87
8	2.70
9	3.37
10	2.46
11	1.85
12	0.72
13	0.85
14	1.09
15	0.64
16	0.10
17	3.71
18	0.69
19	4.14
20	0.57
21	4.94
22	2.60
23	0.85
24	4.14
25	4.66
26	0.86
27	4.48
28	2.77
29	0.43
30	4.48
31	3.47
32	4.18
33	1.33
34	3.01
35	2.26
36	1.63
37	3.78
38	4.23
39	1.34
40	1.18
41	4.02
42	4.80
43	1.10
44	0.57
45	2.50
46	3.47
47	4.37
48	0.16
49	3.79
50	4.78
51	3.59
52	0.34
53	3.97
54	2.82
55	1.03
56	1.26
57	1.76
58	3.74
59	1.96
60	2.86
61	2.68
62	0.77
63	4.67
64	2.07
65	4.71
66	2.88
67	1.16
68	3.49
69	3.37
70	4.01
71	2.46
72	2.40
73	2.02
