1	4.60
2	4.60
3	3.84
4	4.47
5	4.83
6	3.37
7	4.62
8	4.44
9	1.76
10	3.79
11	4.93
12	0.97
13	3.67
14	2.99
15	0.31
16	1.62
17	2.16
18	4.38
19	4.52
20	4.66
21	2.50
22	3.19
23	4.54
24	3.13
25	4.47
26	0.15
27	4.50
28	0.05
29	1.37
30	3.19
31	0.26
32	4.27
33	3.22
34	0.09
35	2.17
36	4.98
37	1.12
38	1.57
39	3.64
40	0.04
41	4.19
42	0.90
43	4.45
44	2.34
45	2.63
46	0.49
47	4.46
48	1.14
49	4.49
50	0.82
51	0.97
52	0.75
53	3.35
54	0.05
55	1.34
56	3.41
57	2.56
58	3.89
59	3.24
60	3.76
61	2.51
62	1.11
63	3.61
64	1.05
65	1.75
66	2.16
67	3.45
68	2.48
69	2.65
70	1.04
71	1.82
72	3.90
73	4.45
74	2.16
75	1.55
76	4.25
77	2.47
78	0.33
79	0.33
80	1.99
81	3.69
82	0.74
83	2.94
84	3.47
85	3.65
86	1.84
87	2.50
88	1.53
89	3.21
90	1.42
91	2.10
92	4.94
