1	3.16
2	4.70
3	4.56
4	3.26
5	2.94
6	4.32
7	2.26
8	1.34
9	1.81
10	1.66
11	4.97
12	0.97
13	1.43
14	1.69
15	3.81
16	2.24
17	4.09
18	2.56
19	4.19
20	4.19
21	2.71
22	1.24
23	3.55
24	1.93
25	3.09
26	0.11
27	0.08
28	1.17
29	4.66
30	1.68
31	3.96
32	3.90
33	1.94
34	4.75
35	3.18
36	1.20
37	0.43
38	3.23
39	1.30
40	3.56
41	1.23
42	0.54
43	0.93
44	4.34
45	0.50
46	1.06
47	4.48
48	0.25
49	1.08
50	2.24
51	0.63
52	2.19
53	4.17
54	3.43
55	3.72
56	0.56
57	4.04
58	1.03
59	3.74
60	2.50
61	2.90
62	3.07
63	0.70
64	0.62
65	3.32
66	3.02
67	1.85
68	2.55
69	1.40
70	3.12
71	4.23
72	3.45
73	4.69
74	0.88
75	1.95
76	0.40
77	4.69
78	3.54
79	0.01
80	3.10
81	4.21
82	0.84
83	4.31
84	2.69
85	1.16
86	0.03
87	1.58
88	3.04
89	3.88
90	2.36
