1	1.95
2	2.45
3	4.00
4	4.13
5	1.42
6	4.25
7	2.21
8	2.83
9	4.12
10	0.88
11	0.00
12	2.93
13	4.48
14	2.57
15	4.83
16	2.39
17	3.43
18	3.65
19	0.73
20	0.57
21	0.79
22	3.00
23	2.48
24	4.26
25	3.99
26	2.07
27	2.61
28	0.53
29	2.45
30	4.76
31	4.79
32	1.95
33	0.19
34	1.73
35	1.85
36	3.60
37	3.21
38	0.52
39	3.86
40	2.27
41	4.46
42	1.86
43	1.04
44	2.77
45	2.69
46	3.33
47	1.11
48	2.62
49	4.38
50	0.14
51	3.40
52	0.00
53	4.53
54	4.76
55	4.44
56	2.86
57	1.61
58	2.27
59	1.78
60	4.10
61	3.26
62	4.81
63	1.94
64	1.91
65	0.84
66	3.43
67	1.36
68	3.76
69	0.61
