1	3.33
2	2.24
3	3.32
4	4.49
5	1.77
6	1.80
7	3.62
8	3.99
9	1.04
10	3.71
11	0.25
12	4.37
13	1.64
14	3.15
15	0.85
16	2.40
17	0.09
18	3.94
19	1.23
20	2.74
21	3.16
22	4.96
23	2.26
24	3.93
25	0.06
26	0.43
27	3.15
28	2.72
29	0.40
30	4.36
31	1.98
32	2.10
33	1.41
34	0.50
35	2.45
36	4.37
37	2.03
38	2.92
39	2.92
40	4.04
41	0.87
42	3.33
43	0.10
44	2.57
45	1.09
46	2.11
47	2.93
48	4.64
49	0.25
50	0.02
51	3.68
52	3.05
53	4.06
54	1.53
55	4.41
56	4.58
57	4.22
58	0.63
59	0.78
60	0.25
61	2.71
62	3.70
63	1.13
64	2.91
65	2.69
66	4.82
67	1.12
68	0.19
69	3.82
70	2.10
71	2.22
72	3.22
73	3.41
74	3.57
75	2.64
76	0.16
77	1.45
78	4.97
79	0.94
80	0.70
81	4.77
82	0.36
83	0.55
84	1.88
85	4.04
