1	1.57
2	1.10
3	0.70
4	2.77
5	3.08
6	3.86
7	4.00
8	1.60
9	1.97
10	0.14
11	0.16
12	2.78
13	3.23
14	3.63
15	3.13
16	1.35
17	0.59
18	2.43
19	2.05
20	0.60
21	2.40
22	1.64
23	1.75
24	4.82
25	3.93
26	2.47
27	3.65
28	3.53
29	2.15
30	1.59
31	3.14
32	1.59
33	0.20
34	0.57
35	3.63
36	0.75
37	1.49
38	3.43
39	2.10
40	0.53
41	0.11
42	1.87
43	1.12
44	0.72
45	1.11
46	0.56
47	4.76
48	0.12
49	1.07
50	1.47
51	1.87
52	1.25
53	2.01
54	3.94
55	1.45
56	3.00
57	2.24
58	3.18
59	0.48
60	1.24
61	1.99
62	2.57
63	1.42
64	2.56
65	0.44
66	3.52
67	1.97
68	1.83
69	4.84
70	2.91
71	4.31
72	0.45
73	1.56
74	1.30
75	1.33
76	4.00
77	3.97
78	0.00
79	4.96
80	4.12
81	4.69
82	0.14
83	1.64
84	4.95
85	0.25
86	4.84
87	3.55
88	3.18
89	0.84
90	2.17
91	1.04
