1	3.92
2	3.33
3	2.01
4	3.29
5	2.16
6	1.27
7	2.22
8	3.60
9	4.73
10	2.21
11	1.72
12	2.61
13	4.52
14	1.29
15	3.75
16	4.77
17	4.52
18	1.07
19	0.93
20	3.02
21	4.78
22	0.93
23	4.54
24	2.50
25	2.63
26	4.93
27	2.46
28	2.24
29	1.34
30	4.11
31	0.14
32	0.05
33	1.83
34	3.75
35	4.49
36	3.16
37	4.84
38	0.04
39	3.74
40	2.35
41	3.34
42	0.45
43	2.48
44	1.95
45	2.30
46	0.01
47	3.35
48	0.57
49	3.86
50	1.19
51	4.62
52	0.61
53	0.76
54	1.69
55	0.32
56	1.24
57	4.17
58	0.53
59	1.04
60	4.38
61	0.85
62	0.42
63	0.67
64	4.13
65	0.12
66	0.10
67	2.00
68	2.23
69	1.97
70	3.42
71	0.12
72	1.07
73	3.98
74	0.10
75	3.07
76	3.40
77	0.64
78	0.49
79	4.92
80	3.90
81	0.36
82	0.43
