1	1.03
2	2.05
3	2.57
4	1.25
5	4.10
6	4.00
7	1.04
8	2.43
9	2.97
10	3.66
11	1.11
12	3.25
13	1.41
14	3.11
15	3.81
16	4.82
17	2.67
18	2.13
19	3.08
20	4.47
21	1.57
22	4.09
23	4.15
24	1.62
25	1.95
26	2.20
27	1.61
28	1.04
29	0.44
30	2.23
31	0.85
32	3.02
33	3.13
34	2.58
35	1.60
36	1.19
37	2.71
38	1.28
39	3.59
40	4.25
41	3.22
42	4.37
43	0.14
44	4.78
45	2.37
46	1.22
47	2.49
48	0.94
49	1.73
50	3.27
51	2.51
52	4.34
53	2.02
54	3.67
55	1.00
56	1.39
57	3.30
58	4.36
59	0.12
60	4.75
61	4.37
62	2.57
63	3.74
64	1.39
65	3.70
66	1.45
67	2.17
68	1.05
69	1.81
70	4.52
71	2.61
72	1.48
73	3.76
74	4.92
75	1.47
76	3.41
77	4.94
78	4.95
