1	2.87
2	1.16
3	1.62
4	1.5
5	3.18
6	1.99
7	1.12
8	0.54
9	3.43
10	0.20
11	0.91
12	0.70
13	1.85
14	3.16
15	2.74
16	2.2
17	2.17
18	1.38
19	2.67
20	1.52
21	3.54
22	3.55
23	3.81
24	0.22
25	3.46
26	0.87
27	0.16
28	3.93
29	2.69
30	1.66
31	2.97
32	2.28
33	1.19
34	2.38
35	0.45
36	0.83
37	2.90
38	2.48
39	2.49
40	2.13
41	2.45
42	3.21
43	0.66
44	0.59
45	1.72
46	1.32
47	2.38
48	0.33
49	0.55
50	3.14
51	2.11
52	0.16
53	1.8
54	3.85
55	1.0
56	0.41
57	2.27
58	2.14
59	3.39
60	0.47
61	3.17
62	1.20
63	2.14
64	3.83
65	3.6
66	2.12
67	3.26
68	0.2
69	0.52
70	0.42
71	3.57
72	0.68
73	3.85
74	3.4
75	0.94
76	2.89
77	3.83
78	2.32
