1	0.0
2	3.59
3	0.71
4	3.58
5	0.20
6	1.23
7	3.66
8	0.66
9	1.43
10	2.93
11	1.74
12	0.87
13	2.89
14	2.57
15	2.87
16	3.17
17	1.43
18	0.74
19	0.6
20	2.29
21	2.3
22	3.3
23	0.97
24	0.50
25	0.34
26	3.7
27	2.61
28	1.92
29	0.0
30	2.60
31	2.34
32	1.65
33	2.94
34	2.42
35	0.72
36	2.59
37	1.98
38	0.32
39	1.97
40	0.57
41	3.44
42	1.10
43	1.64
44	0.68
45	0.72
46	0.26
47	3.97
48	0.39
49	3.37
50	0.7
51	3.20
52	2.66
53	2.46
54	2.9
55	1.90
56	3.4
57	0.68
58	1.98
59	0.96
60	1.17
61	1.30
62	2.72
63	1.94
64	2.94
65	2.39
66	1.79
67	0.53
68	0.83
69	3.6
70	1.53
71	0.2
72	0.87
73	2.16
74	2.34
75	1.79
76	3.37
77	1.4
78	2.54
79	1.37
80	2.5
81	1.12
82	0.54
83	1.55
84	0.71
85	3.36
86	3.13
87	2.21
88	2.27
89	2.76
90	0.96
91	2.74
92	1.81
93	1.58
94	0.44
95	3.96
