1	2.72
2	2.34
3	2.43
4	2.62
5	0.10
6	0.73
7	0.97
8	1.14
9	1.18
10	2.57
11	0.62
12	1.94
13	2.26
14	3.96
15	2.9
16	0.35
17	1.9
18	3.6
19	0.12
20	3.60
21	0.87
22	3.23
23	0.53
24	2.5
25	1.31
26	0.82
27	1.37
28	0.27
29	3.19
30	0.31
31	1.14
32	3.95
33	3.23
34	2.83
35	1.22
36	0.12
37	2.58
38	0.99
39	3.12
40	1.20
41	1.12
42	2.59
43	2.33
44	0.88
45	1.91
46	2.15
47	0.70
48	3.1
49	1.6
50	0.22
51	1.80
52	3.65
53	0.8
54	1.5
55	1.54
56	0.61
57	0.58
58	2.58
59	3.51
60	3.4
61	3.76
62	3.56
63	0.17
64	2.20
65	1.83
66	0.40
67	0.53
