1	2.53
2	2.11
3	0.44
4	1.81
5	2.32
6	2.40
7	3.96
8	3.22
9	1.23
10	2.6
11	1.71
12	0.38
13	0.70
14	2.64
15	0.57
16	3.54
17	1.43
18	1.10
19	1.0
20	2.49
21	0.17
22	1.29
23	0.90
24	2.49
25	2.27
26	1.68
27	2.10
28	2.75
29	2.89
30	1.23
31	2.57
32	3.51
33	3.52
34	3.18
35	2.88
36	0.80
37	2.1
38	2.53
39	1.54
40	0.28
41	3.82
42	2.20
43	3.74
44	0.64
45	3.11
46	3.22
47	1.96
48	2.71
49	1.55
50	0.71
51	2.69
52	2.48
53	1.48
54	2.13
55	2.77
56	0.28
57	2.33
58	1.74
59	3.65
60	2.9
61	0.4
62	2.31
63	2.25
64	2.12
65	2.97
66	0.53
67	3.29
68	0.87
69	0.24
70	2.64
71	2.2
72	0.17
73	0.69
74	0.74
75	3.15
76	0.22
77	2.18
78	1.94
79	0.26
80	0.87
81	0.59
82	3.51
83	2.71
84	3.33
85	3.40
