1	3.1
2	3.24
3	2.99
4	2.35
5	2.91
6	2.16
7	1.95
8	2.32
9	3.19
10	3.44
11	1.86
12	1.94
13	2.48
14	0.99
15	1.68
16	0.51
17	2.4
18	0.29
19	3.3
20	0.78
21	1.8
22	0.29
23	3.49
24	1.62
25	1.4
26	0.45
27	1.90
28	0.20
29	0.63
30	0.45
31	2.55
32	0.5
33	1.69
34	3.29
35	2.59
36	1.5
37	3.74
38	3.59
39	0.87
40	1.56
41	1.75
42	1.95
43	0.38
44	1.45
45	3.93
46	2.75
47	1.46
48	3.62
49	3.92
50	3.71
51	1.58
52	2.54
53	1.73
54	1.52
55	2.45
56	2.88
57	0.57
58	3.13
59	1.99
60	1.63
61	0.42
62	3.5
63	3.30
64	0.40
65	1.24
66	3.93
67	0.98
68	1.76
69	1.20
70	1.86
71	0.7
72	1.91
73	1.57
74	0.93
75	1.51
76	0.98
77	1.23
78	2.83
79	0.78
80	1.62
81	2.7
82	3.18
83	2.44
84	1.28
85	3.37
86	3.92
87	0.35
88	0.28
89	2.71
90	3.7
91	3.71
92	2.69
93	1.39
94	2.79
