1	2.8
2	2.49
3	1.23
4	0.15
5	1.22
6	2.97
7	1.97
8	3.50
9	3.77
10	3.50
11	1.73
12	0.9
13	1.87
14	0.90
15	2.43
16	3.12
17	3.73
18	1.3
19	1.78
20	2.82
21	1.6
22	0.14
23	1.38
24	3.89
25	2.12
26	1.85
27	2.39
28	2.64
29	0.97
30	2.34
31	2.0
32	0.16
33	0.80
34	0.47
35	1.54
36	1.4
37	2.91
38	3.42
39	3.59
40	3.17
41	1.39
42	2.87
43	1.58
44	3.44
45	3.84
46	1.62
47	2.60
48	2.6
49	1.27
50	2.93
51	3.62
52	3.24
53	1.30
54	0.63
55	2.54
56	3.62
57	3.66
58	1.17
59	2.1
60	0.49
61	3.58
62	1.5
63	2.7
64	2.65
65	2.28
66	1.31
