1	0.77
2	2.81
3	2.47
4	3.99
5	3.50
6	3.80
7	2.55
8	2.47
9	0.32
10	2.78
11	0.89
12	0.75
13	2.37
14	1.94
15	3.28
16	1.4
17	0.56
18	0.66
19	2.66
20	2.40
21	1.9
22	0.58
23	0.38
24	1.23
25	2.39
26	0.68
27	0.89
28	2.21
29	3.38
30	0.21
31	3.37
32	3.49
33	2.80
34	2.92
35	2.40
36	0.42
37	3.89
38	1.12
39	0.25
40	0.5
41	1.17
42	3.60
43	3.24
44	0.56
45	2.2
46	3.32
47	0.67
48	1.76
49	3.89
50	3.31
51	1.60
52	1.20
53	2.84
54	2.32
55	1.41
56	0.48
57	3.35
58	2.77
59	3.33
60	3.20
61	0.67
62	1.46
63	3.42
64	0.27
65	0.45
66	3.49
67	0.54
68	1.63
69	2.69
70	1.6
71	0.57
72	0.51
73	3.29
74	3.44
75	2.26
76	3.7
77	2.94
78	3.50
79	2.33
80	0.91
81	2.22
82	0.27
83	2.62
84	1.52
85	1.46
86	2.87
87	0.77
