1	0.34
2	0.3
3	1.11
4	2.26
5	1.53
6	3.17
7	0.56
8	1.1
9	3.84
10	1.69
11	3.31
12	0.29
13	3.49
14	3.14
15	3.77
16	0.50
17	0.51
18	3.79
19	3.44
20	0.69
21	2.77
22	3.33
23	1.91
24	2.30
25	3.69
26	3.34
27	3.11
28	1.71
29	2.89
30	2.67
31	2.80
32	3.12
33	1.26
34	2.40
35	1.94
36	2.53
37	0.81
38	2.25
39	1.73
40	1.25
41	1.84
42	2.1
43	1.90
44	3.25
45	0.58
46	0.73
47	0.57
48	0.75
49	3.85
50	1.75
51	1.38
52	3.10
53	2.0
54	3.82
55	2.63
56	0.98
57	1.80
58	1.33
59	3.64
60	3.36
61	2.19
62	3.17
63	0.11
64	1.26
65	0.92
66	0.61
67	3.25
68	0.78
69	3.30
70	2.72
71	1.91
72	1.1
73	2.69
