936	0.94
1743	1.11
1075	0.15
1640	2.03
1728	1.98
815	1.08
4904	1.16
1418	4.04
7957	1.13
5882	1.76
279	2.99
3340	2.61
5548	0.30
3435	3.78
2218	2.30
2571	2.72
5734	3.95
7843	3.15
6988	3.09
1548	0.87
8766	1.88
6571	1.49
4909	3.09
3835	0.73
1523	0.23
8932	2.92
6715	4.96
5216	1.89
6946	4.21
9371	4.01
8579	2.93
5395	1.84
2141	4.23
5110	1.46
5380	3.32
8012	3.79
4678	3.60
2549	1.56
7791	2.99
7808	2.89
2503	2.15
1516	2.78
6988	0.03
4997	3.02
830	1.49
7159	4.99
730	3.62
9734	3.48
5468	3.15
9886	0.41
8052	1.37
5163	0.49
6942	1.42
1911	3.28
216	3.48
9581	1.56
407	4.79
2759	1.67
1168	1.82
4096	4.90
180	4.73
2031	3.79
1475	0.27
4649	0.10
3590	1.84
6854	1.05
2120	3.65
8362	3.01
999	2.32
9369	1.23
8120	4.33
1520	3.53
7236	0.97
556	3.91
6928	3.01
1144	4.82
2117	0.36
6199	4.51
1381	1.64
9849	0.61
8101	2.35
4742	0.89
302	3.45
4685	3.10
1767	4.77
882	1.74
8215	0.05
5757	2.35
6173	0.62
892	4.40
9555	3.10
6755	4.25
5760	4.28
156	1.17
5374	4.43
704	2.17
5198	3.78
4592	4.19
164	2.12
3701	4.46
