6772	3.27
8695	0.76
9926	2.55
5050	1.98
5442	2.17
4476	1.19
1160	2.57
9869	0.64
9015	2.44
2441	3.69
225	3.06
4428	2.44
8840	0.50
8801	2.09
4396	4.14
3189	4.52
1574	2.20
4597	4.99
1586	4.76
3213	3.52
8058	4.36
344	2.91
2138	4.02
4462	4.46
2577	0.69
8151	2.52
4749	3.31
6943	4.84
4792	4.97
7778	2.37
2433	3.58
6715	4.28
1597	1.29
2000	4.18
9996	2.68
5421	4.59
700	1.77
2211	0.51
8329	0.94
1664	0.95
922	2.87
8484	4.32
4384	1.12
1885	4.78
9882	3.11
3825	3.91
3991	3.77
5630	4.75
6460	3.55
3341	0.91
1017	4.28
996	4.55
372	4.18
4734	0.69
1952	4.54
5064	4.36
9660	4.01
2247	3.71
8558	3.82
3995	1.87
1542	2.58
6066	3.41
9092	3.78
6706	1.38
2795	2.81
3813	1.59
9884	4.95
2374	0.29
51	3.62
9089	4.80
7921	1.91
