2342	0.76
759	1.12
9030	1.13
6403	2.35
7052	1.57
2017	3.63
9298	1.18
4682	1.58
7655	3.88
696	0.68
2394	0.39
2096	3.71
1115	1.98
6981	4.07
1594	2.84
2978	0.60
5104	4.54
9092	4.93
6503	4.95
7324	4.06
2044	0.06
3938	1.58
4238	2.79
3616	2.97
5602	1.98
986	0.91
2752	1.30
2675	1.25
8028	4.12
5154	2.46
3243	3.58
6404	4.75
4952	4.73
691	0.27
3814	3.60
40	2.23
8281	1.20
1225	0.73
786	2.21
6541	3.73
1636	1.46
7160	4.72
1038	1.22
6757	3.82
2860	4.44
3499	3.83
5105	0.23
1745	4.58
9297	3.72
7142	2.75
3714	4.48
3624	1.75
2145	1.52
4787	4.15
9464	4.75
101	3.92
2214	3.65
5630	2.44
6225	1.64
4677	0.81
6507	1.36
7072	2.96
6627	3.35
7661	4.71
6856	4.71
6215	2.19
4769	4.20
6350	1.92
4422	0.04
1971	4.40
8207	1.49
9639	3.78
3711	1.89
9882	4.26
3368	3.90
1165	2.18
2588	1.98
3026	3.91
2552	0.65
3513	2.04
5147	2.28
3413	4.02
3329	3.70
760	1.40
282	0.43
3517	3.95
3624	1.19
6462	1.44
5034	0.49
6487	4.38
8382	1.61
1513	4.84
7638	4.99
7870	3.62
5756	0.01
5122	0.22
3077	1.97
4503	3.73
7615	1.17
