5691	0.97
4376	1.59
3123	2.28
5204	4.78
7922	1.06
1147	3.85
3761	3.83
288	1.50
3488	3.20
258	1.51
2556	2.46
3900	2.23
4257	1.49
1063	4.14
8807	3.11
8217	4.34
8471	4.01
8718	0.85
4026	3.88
4630	3.31
8438	3.73
9832	2.09
2259	3.99
4574	1.07
6509	2.79
4108	3.13
3639	3.22
5656	3.77
1493	4.65
971	4.19
5275	4.01
5433	4.39
1684	0.57
5703	2.82
402	2.81
6310	2.01
626	3.00
5786	3.44
3379	0.81
8757	1.31
6287	3.40
1943	2.67
7719	4.37
6935	3.81
6070	4.07
7286	2.85
7669	2.37
3641	2.88
2497	2.84
600	0.21
2505	3.75
3480	2.31
6412	3.97
6747	0.04
584	4.77
4666	4.64
6882	3.95
3250	1.71
8893	0.25
2465	0.49
3732	1.89
5298	2.88
3137	4.47
6707	4.57
4509	4.11
2916	1.47
7381	2.34
6934	4.35
1132	4.00
5614	4.30
2769	2.77
2471	3.14
5782	0.09
4720	2.39
2512	3.38
3597	2.22
8509	2.87
8863	4.58
6405	0.29
8289	0.89
2052	0.01
3251	3.07
831	0.41
7847	0.36
115	2.53
7891	3.58
4617	0.95
1323	2.80
2426	3.90
6725	0.20
7927	3.27
5310	0.73
840	3.75
8571	0.19
9084	4.55
7054	1.26
3619	2.60
1713	2.84
1171	1.01
7014	0.19
