4482	0.48
4272	2.47
9721	0.59
6320	4.22
7524	2.75
7879	2.11
6246	1.90
5363	4.28
459	3.01
2972	3.43
5430	4.29
2939	3.12
7983	0.88
5270	0.88
6666	0.44
4397	4.72
6204	4.73
1378	0.28
9676	3.30
6419	1.12
9597	3.25
1398	2.81
8093	0.23
3568	3.59
5484	3.91
757	0.27
1367	1.12
741	3.18
9663	4.36
6849	2.48
4765	0.40
8131	0.81
7618	0.81
3845	1.41
8007	4.86
5047	1.40
9003	4.45
785	4.67
4957	1.44
8346	2.31
8555	0.74
7621	0.55
6469	2.60
4838	2.99
1268	3.24
9225	0.37
4031	4.15
6987	4.63
5367	2.09
8409	3.24
1428	4.25
1537	0.46
5473	0.99
3521	0.48
5437	3.42
8196	4.98
2734	2.30
56	1.55
5191	1.21
8552	3.84
4023	4.08
3974	2.92
1306	3.76
9306	4.89
6896	4.52
4742	1.17
2103	0.70
6117	4.06
8205	4.43
8786	4.06
6149	1.39
8125	4.25
9598	2.46
3386	3.55
3090	4.13
9005	1.91
4151	4.71
7638	2.42
5164	1.58
7829	4.02
9899	4.75
14	2.03
2331	2.95
117	0.51
2525	3.03
