5687	2.20
6193	3.29
6361	2.82
1620	1.32
5146	2.88
1971	3.78
7708	2.49
3772	0.97
9752	1.70
7707	0.91
2452	1.86
9493	0.64
3050	2.24
2857	1.23
4036	1.57
9045	2.44
2118	3.88
5704	4.89
1378	4.49
2479	1.19
3621	2.67
2109	2.78
389	2.03
750	4.49
1979	0.02
3365	2.86
8536	4.68
6716	0.61
5025	1.98
5666	1.24
1136	1.26
996	2.48
3006	3.59
2327	3.93
8372	1.75
3821	2.22
2981	4.58
6573	1.63
2279	0.22
7055	2.75
1895	4.39
5928	1.66
1125	2.92
2121	2.45
2310	4.01
6348	3.23
4544	1.05
5583	0.66
6994	4.82
429	2.86
696	2.25
743	3.97
9093	4.15
6729	3.01
3961	4.84
9123	2.00
8429	0.38
718	1.62
4607	4.09
2062	0.31
6387	2.73
776	0.61
1833	2.55
6523	1.03
8397	3.09
1590	0.98
2622	2.68
3064	3.73
2215	1.48
2541	1.51
5238	1.79
6277	2.57
7969	3.07
1556	0.70
4157	1.70
7252	2.58
4105	1.79
