5962	0.41
2569	0.19
8167	2.07
2045	3.45
5100	4.87
5402	4.98
1184	0.23
8752	1.47
7628	5.00
4711	4.93
9818	0.82
1750	2.42
5692	4.22
6033	3.69
4521	3.29
6023	3.21
7719	4.81
2790	1.42
4046	0.41
3324	0.56
782	2.67
1743	2.91
2166	0.83
9798	3.92
8107	2.47
9655	2.77
2163	2.23
58	2.53
4760	4.06
8402	2.46
1049	0.35
7243	3.77
63	4.92
3147	3.20
2743	4.19
1942	4.64
1987	4.54
9325	2.90
5986	1.69
6107	1.90
1699	2.80
7790	4.57
7534	2.62
2084	3.40
8859	4.14
6268	3.88
9066	1.35
2234	3.20
2356	3.19
1863	1.03
7561	1.86
452	0.63
9283	1.44
948	2.67
9746	0.73
8801	4.87
6600	4.54
2129	0.66
6178	1.79
3387	0.92
676	4.55
