6728	0.94
3250	2.18
5336	3.28
4247	4.80
4487	4.69
8973	3.79
2492	3.31
6575	0.42
7399	0.06
5505	2.02
8733	3.10
1253	2.18
6722	4.84
9757	4.37
6113	1.73
312	3.94
4530	1.34
1015	2.67
4672	0.95
3491	2.87
1501	4.03
1179	1.88
587	1.80
6469	2.63
3348	0.13
2643	1.00
1835	3.66
1952	0.28
7367	3.78
9992	4.51
5652	0.82
1805	1.48
5667	2.15
7942	2.06
9563	0.35
2143	0.63
8576	3.62
284	3.63
1216	2.28
4988	3.05
7286	1.03
6637	3.39
8699	2.40
169	3.39
7570	2.78
712	1.53
9331	2.48
2947	0.85
7990	3.89
1129	2.96
4392	1.86
3809	1.24
6470	4.47
1005	3.72
1073	4.84
7548	2.17
9588	0.92
3642	1.13
4921	4.35
2538	2.78
1656	3.17
3221	0.65
3801	1.74
1675	0.44
5301	3.40
4538	2.81
986	1.13
