2357	0.59
9104	4.72
5568	1.08
9709	1.21
1233	3.78
1635	0.55
8572	3.90
9110	0.81
9903	1.74
4020	4.20
5408	0.05
907	1.61
3683	3.67
1408	0.07
4755	2.26
6894	3.48
3298	0.06
786	3.09
6426	0.55
8163	0.08
148	0.19
477	1.08
5673	4.84
4310	2.36
4821	3.87
2559	0.37
4564	0.30
6307	3.01
1840	0.24
5388	1.54
6322	1.50
1717	1.06
4833	4.86
9100	3.57
7808	0.99
6434	1.90
5006	2.37
5310	1.20
5698	0.83
9920	4.89
5834	4.50
5631	0.77
4266	3.33
3994	0.76
1427	2.50
2006	2.45
2258	4.40
8594	3.18
9523	3.49
6390	3.79
6734	4.11
7414	2.35
170	1.57
4845	4.75
9260	2.49
8217	3.56
9621	3.83
4976	4.49
391	0.54
7575	4.25
663	0.88
4576	1.78
3983	1.04
