2075	0.54
5668	3.42
717	4.60
216	4.65
6772	0.47
5800	3.32
7080	4.85
4877	2.45
4246	4.74
8644	4.13
8443	0.78
7336	2.36
493	4.25
3721	1.05
6123	0.39
4315	2.58
1777	0.52
2389	2.76
9987	3.57
9985	0.43
1294	0.14
5978	1.23
3988	2.35
1783	3.58
4577	2.13
1451	2.70
2014	3.86
7048	0.11
4061	1.51
5598	4.98
6201	2.36
7196	2.01
8165	0.76
1968	1.70
5774	4.83
9260	4.63
6113	2.58
4811	2.94
124	0.49
150	4.89
4432	0.04
1955	0.41
2593	2.49
736	0.84
5561	2.82
7520	2.23
1246	1.03
3075	0.31
3739	0.39
7659	0.49
3515	3.60
6625	0.19
6326	2.76
5954	3.59
8844	1.11
1564	0.95
6371	3.42
5931	2.03
1640	1.94
6168	0.91
4554	1.63
8841	1.86
5323	0.26
2701	0.49
