9932	1.89
7618	2.88
9690	2.68
5712	2.29
1675	3.74
3753	0.50
5779	3.22
923	3.73
5423	1.70
8431	3.51
7419	3.18
8986	0.52
5405	1.43
9763	0.64
9453	3.63
3330	2.84
7481	2.35
5534	3.66
7107	0.45
238	2.85
348	3.70
8244	3.45
4192	4.80
2403	1.87
6692	0.80
2301	1.90
7344	2.21
8719	1.02
2637	1.33
2411	2.04
4689	4.60
3276	0.78
3225	1.15
9751	4.71
3684	4.29
7638	1.09
5208	1.26
5219	3.17
1846	2.02
3405	0.52
3487	2.73
8481	1.42
3473	2.04
1157	4.86
2509	1.91
5995	0.42
4996	4.30
1712	4.53
5095	1.74
3439	1.37
5129	0.88
4543	0.50
4974	2.44
3365	4.07
8184	0.38
1485	4.06
7	1.30
9017	0.67
2774	2.95
7109	2.29
1225	1.49
9836	4.63
2222	1.49
2870	1.16
773	0.86
4754	2.56
7716	1.68
9840	0.04
1430	1.25
2001	0.52
7967	0.54
1739	2.48
1823	3.68
9958	3.54
6013	3.15
5960	4.56
8259	1.88
8137	0.06
9279	3.81
7814	0.28
7353	0.90
8287	4.86
2003	1.19
6065	4.30
7749	1.03
8136	1.47
9037	2.76
3983	4.88
1689	2.33
8069	4.31
