4465	2.84
1997	3.95
5024	1.30
4443	2.31
8335	0.27
4758	3.89
9322	2.10
7467	2.86
2952	0.83
7664	4.11
3274	2.18
5673	1.96
5853	0.14
8355	1.92
2402	0.61
8527	4.43
247	3.29
5076	3.48
3973	1.24
8856	0.06
5741	3.41
2115	2.48
5729	4.50
5299	0.89
7257	3.16
3461	0.18
1076	3.50
1251	2.20
6277	2.70
1945	3.31
4029	3.93
9161	2.35
6234	1.89
5697	3.98
3360	1.85
5536	3.10
6741	4.44
288	0.00
8917	3.50
2631	1.88
4188	4.66
6496	4.25
6728	0.48
7265	2.02
2730	4.42
9096	1.44
7918	2.46
4253	2.46
3171	1.91
6297	2.08
2913	1.36
8544	2.08
3744	3.81
7062	0.66
6301	1.16
7834	1.19
7317	2.32
8918	1.15
