2068	1.34
8341	3.86
1696	2.00
2975	2.51
2729	1.71
7570	2.70
8222	2.42
3173	3.99
152	1.49
4106	4.60
4412	0.02
3011	1.44
527	4.44
6812	0.23
3789	1.69
2942	2.18
7678	0.23
1956	1.75
6940	0.24
8819	4.86
1114	4.48
7905	1.33
6236	0.85
5946	3.70
2499	2.40
4173	0.84
1557	1.35
6654	2.03
7311	4.69
120	2.77
5993	3.33
1511	1.53
7931	1.13
8215	4.47
9486	0.40
2295	4.03
2742	1.52
1324	0.31
2488	2.15
4302	3.92
7274	1.89
7771	2.03
6081	3.25
5769	3.95
3800	1.32
4307	1.46
2286	3.15
4415	0.54
5529	1.87
1471	1.94
1053	2.04
8626	1.55
1502	3.36
1439	1.63
9939	0.70
5988	2.16
5194	4.16
3434	2.02
3284	0.26
1454	2.33
2529	2.49
6851	2.19
68	3.93
9938	0.12
7581	1.62
6324	4.39
1526	2.53
317	1.13
2917	2.78
1688	1.85
8191	0.03
4553	3.06
6063	2.38
213	4.85
1235	1.50
5194	2.44
302	4.55
1665	4.08
7251	0.84
481	0.42
3616	0.10
4352	4.34
3636	1.47
7182	2.45
7320	2.21
3618	4.99
6272	0.14
8842	0.49
4357	4.58
8387	3.24
8501	4.74
6743	0.27
3157	4.62
2258	3.47
7363	0.19
6224	4.80
184	2.70
6361	1.52
7804	4.23
