9657	0.41
5906	4.30
5913	2.95
7751	2.49
1107	1.86
1106	4.80
5292	2.73
8069	1.82
9708	2.58
8040	0.64
6429	2.61
4146	0.22
3406	2.43
1370	1.40
3784	4.56
1336	1.63
5882	0.59
2427	4.61
7279	3.68
5968	0.30
9086	2.81
6593	3.99
2404	1.45
8471	1.06
8073	3.25
2515	0.02
468	4.28
343	2.81
3604	0.48
8588	3.21
9072	2.01
3079	4.02
1835	4.11
8926	3.27
2531	2.40
92	3.33
3942	3.87
5641	0.77
1579	1.12
2898	0.60
611	4.10
7	2.81
302	1.19
2500	1.29
2273	2.56
5914	3.85
3258	4.14
9664	2.11
3326	3.94
6932	4.62
8119	3.41
8076	0.23
3389	0.66
9836	0.91
3779	1.84
1532	4.84
3614	2.86
2886	2.59
8263	2.73
309	4.26
3567	4.86
7865	3.58
1903	1.70
8085	3.20
7452	0.18
529	1.14
5086	4.72
4826	1.27
7942	2.61
5581	3.92
8358	4.79
