7233	1.1770
1055	3.4472
9012	1.9643
19484	.0424
23805	1.4848
31700	3.6832
20677	.1614
26936	.4672
24426	1.9106
22735	3.0179
15965	2.2756
26120	2.8493
14240	4.3523
2720	.9996
5221	3.1821
30355	4.6423
16639	.1275
18122	4.4375
32229	3.7548
27704	2.7640
4085	.9179
22558	.5447
8520	2.4457
1271	4.7256
3702	1.8292
8905	1.1400
15100	2.4184
8403	.5845
3729	3.0765
21495	.1997
4965	4.6365
30152	2.2238
11261	3.5628
28941	2.7529
3579	1.1899
1158	4.3879
14578	1.3321
7706	3.6689
16114	2.3169
6411	.1699
24788	4.0157
15302	1.7989
26664	4.6870
11257	1.5706
29282	3.8496
7550	3.8538
27144	2.5792
22990	1.9641
