9380	2.6190
9013	4.8622
10351	2.4582
16780	3.0779
2134	.9500
24395	4.2466
23467	3.3970
15138	1.7915
13754	2.3856
565	.2558
3686	.1800
19702	3.6501
13155	1.4085
20021	2.9744
11619	3.2615
24335	3.3603
22421	2.8269
6972	4.5956
10322	3.3669
19822	1.0130
1363	3.6408
18818	2.4925
12490	2.6644
15064	2.8997
17600	1.0797
11438	3.5628
22590	.2777
30271	3.1530
10624	1.5303
20674	2.8528
8287	2.5186
31769	2.5189
2222	3.6864
8821	3.7044
294	1.4456
12658	2.4367
12046	2.8952
1055	2.9345
18395	4.7126
21847	4.3916
6425	.7699
21838	2.1217
11039	.8793
21901	2.3094
29652	4.6542
3353	1.2134
5814	2.9873
22720	2.8452
17679	2.7697
9100	2.6181
3301	4.2814
18505	2.0195
25637	.2598
78	4.8031
