1567	3.1020
25881	2.2138
19549	1.8739
28933	4.9398
12627	2.9494
21160	4.1302
19979	1.9580
17693	1.9212
29957	3.7730
18623	3.4263
10371	3.6936
26524	4.5512
24673	1.6354
10244	2.4506
20304	1.0292
5511	1.5451
23401	2.4547
27589	1.3463
2325	3.4612
17829	3.5836
4806	1.2340
8697	4.1210
32117	3.5419
14864	1.7934
3569	2.9760
2490	3.4571
20696	.9468
9812	1.4113
24424	1.3405
16869	4.9311
14777	2.1573
20019	3.1218
8220	3.8247
7584	1.4395
5795	2.7750
23002	2.7306
7112	.1721
7497	1.9545
14204	4.7238
21004	3.4478
18600	.4025
19332	2.2429
201	3.3289
3176	3.5755
10111	.2945
9443	4.3719
24142	3.4960
2361	.9613
13027	.8600
26588	2.4497
17340	1.8457
5829	2.7080
529	2.2840
22522	.0703
26733	1.2181
20202	2.8511
6787	4.8272
11405	1.4813
27194	4.7143
8941	.3012
12583	2.0815
6093	3.3524
10885	2.4591
11262	.7441
24107	1.7056
28272	4.9957
11307	4.3997
29835	3.9248
29704	2.4370
20353	.5757
17383	3.2100
3138	.5742
