16657	2.2980
666	3.9292
11582	1.0469
8302	1.1342
16319	3.1266
30363	1.0084
20394	4.3607
30789	1.7938
17357	.9038
28855	.8684
10696	4.3162
25031	3.5883
4992	1.8105
2849	4.8858
19734	4.2632
12909	.1397
14958	3.4212
13478	1.7230
8564	.9112
4538	.1083
804	1.1780
20643	2.1800
18509	2.3386
25033	3.0437
10421	1.4304
23584	.2919
23781	.2803
3950	3.9686
13340	3.4061
27833	1.1044
7459	.5760
9372	1.5157
15371	.7621
19464	1.8779
16868	.9524
6444	2.4578
25873	1.3687
32557	3.6463
15141	.8114
8403	4.0099
13429	2.2217
14429	1.9258
9991	1.0106
31765	.3437
2706	3.2924
19074	4.9688
15168	.8700
6537	2.6993
13918	2.4733
11354	1.3074
32400	3.6495
29768	1.0003
19727	3.4916
28543	4.9896
7221	.4770
1049	4.2519
20278	.6845
2921	4.6002
23168	3.4054
12774	3.7960
16744	3.2760
12894	3.9863
2297	1.0997
17894	.2372
10314	.7556
28126	3.1742
14039	2.8336
3609	4.9290
24573	.8047
4673	2.4457
9071	3.0767
10607	1.0448
24627	3.8550
26788	1.2291
3336	.0482
11415	3.7542
4989	3.9947
10087	3.8941
14164	1.0191
