25972	.6328
14004	3.5963
29936	4.9400
18109	3.1615
22802	4.1679
16974	1.2132
18495	1.0477
20679	4.3763
19472	4.6465
14662	4.8815
16888	2.0310
1215	1.2433
13358	.5554
30098	3.6631
30416	2.9400
2034	1.5395
13875	2.0406
23630	1.3524
10470	4.8556
9095	2.8366
11967	2.0561
10494	.8246
22756	2.1860
8139	4.4532
22196	1.1752
22457	1.4514
16731	2.8250
23513	2.0618
5900	1.9798
9520	3.1347
12856	2.1953
12780	4.8232
11832	4.8675
28810	.4110
31687	1.7369
20949	3.3207
9041	.9289
7197	4.0914
22321	1.8514
26546	4.2812
