10681	1.8015
21177	1.8564
2653	4.4344
1370	.4997
3767	3.3709
15438	.5690
18818	2.1941
7626	2.5753
27707	4.4384
15800	3.5511
1615	1.0838
24862	.5044
11889	4.9472
4033	.5664
31509	1.9882
12994	2.7687
670	3.4635
24729	2.7951
2407	2.1562
31797	4.7352
6859	3.0257
3732	3.6823
14757	1.8056
2729	4.4068
2084	1.7363
32004	.8349
16163	2.4483
10479	1.8956
1593	.7794
3809	3.7971
28859	.1419
13153	1.6173
15859	1.8568
12679	2.1572
18147	2.6465
7558	3.2859
19645	4.7962
10366	1.2228
32506	2.2583
26441	4.8107
5723	1.5778
28357	2.9367
20530	3.7224
