17863	.4159
12304	3.7168
10357	1.2030
22647	1.1307
1867	.0781
27798	4.8995
3489	2.6589
27852	.5508
17906	3.6504
9998	3.9147
18551	1.0391
13265	2.7574
32189	1.2004
7778	1.5036
22539	2.1105
23311	.6302
23025	1.8759
2019	2.1271
29001	2.3343
4226	4.0411
208	3.2081
3098	.5842
11922	1.1757
5738	3.7565
5865	.7934
23478	4.8307
11186	.6930
22409	2.1868
5212	1.7206
10149	4.9200
28370	3.9226
10812	4.7116
32279	2.1483
18832	2.4910
8549	1.2924
31560	.3808
28244	2.7408
32624	1.1087
17460	2.6424
22373	2.8759
20049	2.3055
19238	.2925
22369	2.5501
21405	3.5331
2352	2.3335
21310	1.6032
10809	4.2814
9035	4.1296
4696	.3637
32481	2.6143
8865	2.1001
3411	3.0858
22342	.3225
13898	3.1556
15802	.5098
4104	3.4846
14494	4.1309
7435	3.3240
28986	1.5970
8802	1.7366
22496	3.5970
21864	.2462
13012	3.8775
2099	3.4138
20153	1.0705
22656	.6649
