8745	.9335
24952	4.9121
4179	.7976
24047	2.0513
11466	4.2742
13727	3.5561
1295	4.2320
8310	.2967
19920	4.9055
14380	2.2757
32123	.6431
20545	2.0851
32734	.3501
28744	4.8796
13693	1.8588
16276	4.5838
18499	1.3454
25868	2.6465
2800	3.0735
9280	2.7939
1597	4.9844
19196	2.0847
31853	1.0478
28927	3.6945
7859	3.3957
13922	.1257
992	4.4911
30280	4.3313
31674	2.2705
29515	3.0735
21688	3.5639
31784	4.1245
13559	4.0514
27050	2.2144
22386	3.2755
1753	2.8711
8613	3.4923
32755	4.4430
11753	2.0830
8818	4.9748
5533	4.5577
9669	3.7804
25538	.7126
31352	3.5569
24197	.6935
30866	.2932
20252	1.1601
16327	.4809
21514	.5626
3170	3.2349
30595	2.3108
22764	3.8711
11971	.7258
13790	4.8541
1383	1.3631
14747	1.9461
32664	3.8108
26658	2.9552
16362	4.2089
11515	2.2682
14204	.8761
13369	4.1674
5293	.8851
6459	2.5479
5148	4.0328
15899	4.8820
582	3.1987
19064	1.0182
7166	1.4586
22966	1.2298
27894	3.1340
13781	1.7369
13963	.4409
514	.4983
21828	1.3466
30166	2.2605
17113	3.4406
26698	3.2873
43	1.5620
17382	3.1844
21926	4.4814
1490	1.1297
13542	2.4393
32616	2.9343
16908	3.9382
18701	4.6108
31400	2.5324
22942	3.5624
18412	4.6235
30987	1.8218
21553	4.0728
23879	.7322
27723	1.3307
