6958	3.2442
803	2.3645
11163	3.0822
25278	3.5888
22136	1.6335
8168	1.0527
20573	.0090
3696	4.5416
5840	4.4624
29034	1.0539
19050	4.2770
15786	3.6936
32705	3.3567
14808	1.3243
29540	.0454
20507	2.5310
27643	4.2986
23612	3.4730
17276	.8938
23797	3.3713
4175	.7882
3747	.5249
6827	4.5490
4091	2.1848
26206	3.3974
31099	2.1831
9643	3.3817
8072	1.3946
18812	1.2002
12359	.2346
17907	.7872
5661	.1193
26813	.8412
30346	1.0118
5505	3.4600
1088	1.5991
13566	2.5945
27114	3.3590
23423	1.5628
13652	4.4105
15989	4.1602
18013	2.9322
24105	4.3528
41	1.0556
20915	1.1450
32502	.4629
30540	3.8067
26985	4.2448
13567	3.6237
5712	1.1923
15387	4.2292
27672	4.8513
28240	3.0367
26008	3.4090
221	.5574
611	2.2841
30229	4.9728
13388	2.9302
17077	.5384
20827	2.6017
31052	2.2345
18300	2.4732
23119	4.8416
8656	.7223
5714	3.9558
4404	.2819
6238	.5462
10	3.5439
12140	4.2043
12680	2.0923
9430	.9184
2635	2.8385
29265	4.2222
22120	1.4302
6191	.8401
4853	.3289
28272	2.4900
