32556	2.0957
16213	2.9941
8690	2.1063
17092	2.3651
23632	1.5164
10375	4.9656
14905	3.8895
32587	1.3367
8662	2.2399
10029	3.0530
2839	.9340
8374	4.7463
13369	1.6000
7579	3.7081
15135	2.4745
3661	.3018
31955	4.5266
1290	4.7190
31000	.0112
15739	1.2309
24354	4.0746
24276	4.9952
13226	1.5054
6443	3.5100
1782	.7963
7514	4.3974
892	4.3719
31862	1.9316
16479	1.2923
9327	4.5799
4479	3.5238
21935	3.8329
24363	2.0046
1582	.2818
16836	4.3302
15592	4.3356
20340	2.9476
32689	3.9963
22591	2.4066
5013	1.6657
22002	3.8352
1442	2.5461
24225	3.5178
20490	4.7581
17343	2.2219
19682	4.5530
4559	2.8385
13868	4.9095
11949	3.2641
27520	2.9741
18961	1.6655
17753	1.2849
31716	3.8010
29071	2.5717
8876	2.2641
21139	4.0276
16877	.2116
23036	1.5570
18517	.1875
19660	3.6027
443	1.9528
15921	.4393
11536	1.7758
12087	4.4682
23396	4.5788
14863	4.3429
18107	2.3627
23342	4.7621
14000	1.3081
5073	2.9757
15879	1.7267
32679	2.3238
24532	4.8698
9612	4.2883
32203	2.5275
30827	4.4100
24555	3.7543
3906	1.5126
21380	3.8457
13496	4.8808
20424	1.1963
9776	3.1594
29129	3.6603
6915	4.2709
13044	4.8974
27441	2.2605
10590	3.5502
2895	1.7368
15823	1.2800
14291	3.8024
16702	1.9032
10182	3.5024
4243	2.6975
20234	2.9451
17834	.6979
20111	1.4496
25027	1.0895
26395	4.6458
16649	4.5504
