22931	4.6000
29757	3.7386
30014	1.7384
20230	1.8980
13591	4.9583
8552	2.2309
15898	3.2976
17752	.1214
19171	2.6766
1920	.0296
1917	2.6474
15750	1.4543
17754	4.3954
7196	4.7627
4668	1.4139
17630	1.0400
27307	2.7176
10139	2.4085
14104	3.8871
17037	.5381
29140	4.1836
6093	1.5335
6862	4.8615
25522	1.1447
26194	2.6906
18335	3.0553
9590	.9694
28796	1.2170
28526	1.7046
19381	1.8601
23870	1.8312
20762	2.8395
14660	4.5663
20754	1.0971
4029	4.5147
31283	3.6330
13914	.3292
21590	1.9869
611	1.9975
20851	3.3706
23073	2.8037
21380	3.6873
6300	2.3975
27249	2.0932
21410	1.1792
12873	1.1012
2465	2.5724
23314	1.9682
2052	1.4839
32390	4.6214
5081	2.2791
12663	2.4947
12154	.2627
31965	3.7388
5428	.7408
15085	3.0129
15648	.6086
16284	1.4215
11366	2.0189
3559	.0259
16854	4.0758
26269	.1864
24042	1.0263
24362	2.9276
19664	2.0403
8697	3.9602
8135	2.2899
30744	.8662
4826	3.0611
14075	3.4992
7771	1.9765
