28619	3.4022
12107	1.6406
1332	3.4452
7349	1.5657
27534	.0404
30286	1.4824
13498	4.5616
1303	4.5849
19193	3.3346
29796	1.1806
27163	2.5540
24955	3.9545
30525	3.2290
31332	3.2528
838	3.3017
8463	.9585
9969	.6888
18697	.3411
13898	3.9538
29455	4.3388
14192	4.9302
16257	4.6525
29795	2.1695
22863	3.1405
144	3.5856
6091	3.2906
27922	3.1936
1696	2.5887
17422	.5760
13535	1.0304
22549	2.3354
9919	4.2178
1105	3.8021
15950	4.8927
13205	4.3917
14791	1.3686
31392	3.7673
16588	.9437
21081	4.0578
11406	1.3493
31486	2.0871
1135	1.8868
17550	1.6766
28372	1.7517
