15943	4.6214
18068	1.0319
21471	2.2650
1308	.9920
10686	1.5721
4920	2.6026
27328	.1583
3177	1.5126
19432	.2134
5264	1.4247
31713	4.9488
5563	3.8212
11651	2.9497
3342	4.2364
13527	.9822
6386	.9859
23702	2.3450
1157	3.0976
19081	2.7785
10616	1.9327
15519	3.0809
29687	4.1218
31014	1.1740
24776	.5691
32097	1.0591
32251	3.8949
31373	4.0357
25941	3.4240
22312	4.2214
9955	.9120
9507	1.2900
18197	1.4143
22554	1.6362
12271	2.5656
2831	1.7957
14234	1.0962
7828	3.8499
29720	.4206
9584	2.2965
31218	2.3795
25040	2.2373
3098	1.9531
15075	.5372
17585	1.1386
7120	2.5046
16730	3.7055
15310	.6587
30042	1.4024
12110	3.0863
22935	1.9582
1633	2.3151
28255	.4557
29723	3.9020
17979	4.5384
29466	.2844
22023	2.2589
9376	.8987
12412	4.6377
15466	3.5598
32487	3.3013
4001	2.2978
21605	3.9674
4254	.6924
19125	4.1407
21026	1.5953
4238	1.2417
5912	4.7151
23898	1.0568
5284	3.3916
25620	3.7440
11466	2.9592
12096	.3129
22779	2.9197
7544	2.4788
24328	.5629
10638	3.6953
24530	1.6248
8757	1.5819
27746	3.5160
15273	.7570
6190	1.5829
18709	3.5654
11322	.5009
19667	.5223
29040	3.3988
14223	.0914
13255	4.8586
29633	3.9167
22241	2.0229
5161	4.1891
14320	2.4208
