26622	4.8654
2381	.3569
18802	3.2686
2737	3.4447
28199	3.4200
30449	.6111
22352	1.1824
26452	.9601
22025	2.1477
26947	1.9440
23508	1.3818
21475	3.1295
5674	3.4328
14729	1.7401
24157	3.6634
21030	1.2544
30477	2.0088
2604	1.8503
2118	3.4269
14576	1.3283
10217	.6277
21742	.7142
28828	2.1449
7010	4.1801
19278	1.0077
292	3.1267
646	2.2290
14232	1.2666
27540	3.3004
24920	.5679
4145	3.5119
2239	3.4643
16078	.1879
30505	4.9728
24864	.7266
3354	1.1883
21458	3.4388
4289	1.7806
2691	.7594
10740	2.1994
2753	1.9775
16627	.0527
20084	2.6415
21099	3.9967
32257	.9166
3134	.4654
26672	4.9528
26257	4.2146
981	.5258
24944	3.7037
19355	3.3059
5092	4.9684
29572	2.0192
5797	2.1266
23652	2.5922
350	3.0181
956	4.9983
26963	.3033
9580	4.8052
8813	3.9477
25260	4.4164
20181	2.7904
14625	.1843
20414	3.0368
6810	.2093
