11930	1.6052
2245	.3624
17876	4.7437
6794	2.3050
30795	3.1458
15303	.7933
7320	.5566
22579	1.4584
1776	3.3138
8899	1.4413
17348	.2259
3939	3.9054
11873	4.2339
31320	4.6786
17004	3.9782
21696	3.8967
17938	4.2626
23238	3.8549
7993	4.8983
4513	.3083
27009	4.3974
7730	.9007
8734	4.7000
1272	3.9210
14214	4.2965
20023	2.5266
14947	3.6315
31110	3.2583
21120	4.2426
4461	3.4206
12098	2.7034
17967	2.7043
21805	4.6838
4618	2.9259
23228	.8008
11606	.1428
7259	4.4273
7938	2.3720
23717	2.7472
573	2.5371
5121	.0285
32524	3.3379
28541	.0527
207	1.5553
12820	2.7303
32230	3.4649
7013	2.7719
16456	.2726
21438	4.1502
394	4.2564
3720	.1213
11108	1.1111
22833	1.5926
18287	4.7877
22373	3.9257
22008	3.4298
17557	3.1096
16624	2.8992
24256	1.5462
13549	1.4084
16335	4.5052
24600	1.6866
26285	3.7461
31715	2.7219
1474	1.6495
7419	2.1907
14587	.6788
8423	.5903
18188	.0219
30446	.2162
1138	3.9162
774	2.1150
1345	2.3848
5903	1.7563
30910	2.9996
9154	1.8803
20013	2.3995
5854	1.8721
19624	2.1866
10815	.0698
14001	3.2819
18647	1.2546
22152	3.3089
8440	1.4836
388	3.1580
15752	4.0786
20724	2.1109
26202	.5861
9101	3.0204
6089	2.0076
4734	.1789
19195	2.3033
12451	.4075
12826	.1879
30120	3.4406
8164	.5278
17201	1.6351
