20283	4.5452
24863	2.8841
30518	4.3604
918	1.8842
4331	4.9229
24318	3.6109
7621	4.1119
31129	3.8047
12923	3.8517
23049	2.1427
9838	2.2321
6745	4.0517
1352	.0881
16009	.8516
12659	2.3960
9660	2.2962
31012	2.0503
24309	1.7101
11137	2.7204
10240	2.9068
6343	3.2459
26920	3.7029
21796	3.2401
18244	1.6597
26776	4.2144
4509	.6305
5323	4.7802
13852	3.3574
10540	2.1648
15740	4.8104
12057	.4165
11474	1.2851
10868	1.3341
18595	.6932
19687	4.5944
32423	3.3942
7294	2.6577
10216	3.5987
9850	2.2041
11173	.1406
1295	1.4786
17139	.1007
1945	1.9280
21734	.0186
30422	4.4877
6707	4.5887
3502	3.5029
15801	4.6253
22724	4.8411
20778	4.2765
7762	2.4475
20167	2.2733
