25823	1.6748
4632	4.7137
27590	3.3159
8585	.6530
16812	1.5704
7477	3.7150
12248	4.9005
11835	3.4772
15280	1.7528
16877	.3428
27611	1.2898
30676	3.1461
2874	2.3186
13585	.5015
32370	3.5889
4785	2.7426
18046	4.3183
9923	1.7102
24342	2.7327
19807	.3650
20395	.2681
9004	2.5666
3633	2.9523
4845	.7817
7553	1.9231
19444	.3054
27167	.9004
19784	2.0851
2797	.4390
28526	3.5883
27706	.7473
6790	2.2013
7578	3.5999
7033	4.3076
22098	1.7011
24992	2.5414
1805	2.0291
16913	2.9964
8239	3.3548
10049	3.1836
26057	2.8276
10038	3.9626
28240	3.6797
7231	3.2990
18905	1.6798
2930	4.2664
13601	4.4918
21505	2.1375
23442	3.4034
11233	2.0677
4186	4.0482
9538	1.0550
20160	.4333
24707	3.2396
400	3.9425
25320	2.9833
13440	3.0443
26661	.4818
9285	.9335
20520	2.1999
9605	1.4569
28013	1.6164
24207	1.5581
9579	1.9458
26914	3.6901
4089	4.0862
17940	.5800
8037	2.7680
21781	2.6090
30539	1.1302
4990	4.3980
26626	.4693
5658	2.9065
13885	2.1413
32664	1.3383
12756	1.8382
30084	3.3841
26758	1.4732
26339	3.0899
3831	2.1774
19199	3.1153
24156	3.0947
7561	2.9377
26262	4.0742
10303	.8441
29788	3.0310
