26059	4.2461
6480	3.8340
1408	4.1920
18076	4.2533
19494	1.1085
1896	.8874
31314	4.6704
9442	4.9279
11044	3.5746
21233	3.2738
3280	1.9670
26125	3.1681
29811	2.3244
20267	3.6959
5418	.1629
32540	.3411
2379	4.2448
7936	4.5304
14910	4.0838
20887	3.9510
14545	3.7099
15327	3.4456
25478	3.4429
7172	.0097
23142	.5998
4952	.0596
13039	.8989
27154	.1670
27245	1.0927
10074	2.3419
10993	3.0069
21192	3.5108
23278	.4637
22332	2.7980
20619	4.6710
22036	3.6346
23729	3.5659
10195	4.6481
19137	3.0484
18627	.7467
31493	3.7611
3537	3.9590
20006	4.6278
12522	.3093
2122	3.4644
16381	3.7136
9615	4.9151
1397	3.4264
32221	4.9853
30475	.8763
13155	4.0189
23945	.7300
5605	4.7808
22192	4.4195
15173	.1953
28007	2.5684
23724	1.7499
17751	3.4510
12597	2.3584
23528	3.3973
306	.7138
16706	2.5252
30716	2.6049
6765	3.5683
4550	.5363
9993	.6752
718	2.5814
22248	2.2995
