1658	1.6446
16135	4.9931
1252	.8835
7704	3.7784
24454	3.4517
27090	.7104
2711	1.9589
21822	4.4755
4458	4.1091
27006	.9483
24667	1.0983
10798	4.4752
26471	3.6179
13080	2.0180
2900	.4124
26690	4.3989
26425	2.1279
2138	4.2033
24578	1.0545
10704	.4477
12144	.4831
6071	2.8626
28966	3.0266
5100	2.0581
5260	.0108
30018	1.7188
24555	.5084
29056	1.8259
7144	2.1311
9336	1.5382
23935	2.1105
22771	3.0234
18894	4.2495
31253	.1968
31888	1.9821
3374	4.9522
25806	.0163
12950	1.8590
15397	4.9436
22647	1.6054
29502	.4300
3916	2.1636
21822	1.0026
31705	2.0992
6887	.2960
27427	4.4451
31724	.6678
30393	3.3577
28337	3.5332
11766	4.0614
29287	.3125
19422	1.5469
30516	1.5593
3304	2.6079
27866	2.5948
5885	1.1900
31177	1.0884
503	3.0965
9817	.8963
10739	2.7655
6463	3.2171
31479	.4403
31912	2.1411
32684	2.2539
4218	2.1979
27205	3.1281
6176	2.5296
4651	3.8126
24837	4.5829
8027	2.8106
6208	1.5414
18658	1.9469
28353	1.1246
32551	2.4332
27981	3.9255
2449	3.2297
11499	1.6675
1023	4.5858
2274	2.1109
13098	3.7038
19283	2.7181
29699	4.5953
9239	.3906
28137	4.1296
32737	.4179
6007	4.8536
3331	1.9809
22640	2.9815
