20605	2.1996
30391	1.8228
32311	4.0408
31257	1.8651
10034	2.0264
21271	2.5577
16046	1.0504
15014	4.8187
30020	2.7857
21087	2.1384
31047	2.7687
12139	3.4804
19786	3.6156
28002	.9451
18448	3.8535
12352	.3007
18638	3.5253
29761	3.4452
27251	.3657
16921	3.5306
6432	3.3515
14081	1.6435
17045	3.2099
27482	4.3000
27423	1.9957
26606	2.1897
15652	2.3198
2126	3.4876
16247	3.0445
10592	2.3352
758	4.9337
28090	4.9822
26153	4.5025
20147	4.9476
22237	.0999
27134	1.0402
22556	2.0772
11827	2.0853
16510	4.5086
6422	.9480
12425	3.1136
9557	.0480
3308	4.5300
26754	1.5955
12870	1.7297
9752	1.2929
4556	2.0320
5210	1.2060
13371	1.2634
4395	.2389
17353	1.8430
32312	2.4533
12968	2.1964
17535	4.4917
28142	2.3204
16390	1.8486
29429	2.6973
22771	3.7229
21018	2.6865
20080	1.6010
13358	.9991
18372	1.1255
7580	2.3796
8294	1.8221
6144	2.9650
13318	2.9534
6284	.3382
20111	4.1915
25998	3.7627
9078	3.6657
23197	3.0687
24553	1.8901
6493	2.0780
25611	.9073
26093	1.0853
24178	4.8879
27871	1.3028
27000	1.6353
25581	2.5794
9872	1.5730
25544	4.9523
13403	3.7405
26834	1.0426
3226	.3210
5740	3.0553
17799	4.6450
