13125	4.0037
9076	3.4612
12833	1.6888
20112	4.5345
974	2.2954
20256	3.2793
20228	3.4104
5583	3.5155
516	4.3699
24581	2.5211
2886	.9076
21621	3.5157
32306	3.6597
1921	3.9832
11416	.6456
25292	1.3997
30099	1.6025
2593	4.9612
12245	4.0720
172	2.5156
13532	1.7020
4502	.4087
8146	2.5875
15712	.1832
6217	4.2761
29090	1.9492
32663	.1341
11941	3.8499
2353	2.6448
6042	2.8540
11042	1.8433
894	2.9241
31774	2.7997
16213	1.9351
27081	1.8201
12506	4.8629
23961	.8465
30525	4.0699
32465	.9512
30262	.6982
29364	2.2264
15439	3.1006
1665	4.9215
14324	.1557
12986	.9318
13969	.5740
5828	4.7601
24427	1.8697
12431	2.7352
28529	3.6002
15012	.8822
1387	4.2356
22462	2.3990
7855	3.0375
7621	4.1276
13998	3.0651
13438	1.4787
28691	4.6852
18306	2.2838
1282	3.3040
28320	1.9763
31855	4.0513
31049	2.0239
21816	2.3708
4358	2.4271
22789	4.7056
2001	3.3080
27419	4.8970
32001	.9465
30097	1.5817
14511	.5871
2011	.4431
29379	2.7286
15466	2.8890
10333	2.5629
11129	1.8704
13370	2.9256
6558	2.7629
9399	2.3818
4700	1.1655
8485	1.4712
23337	3.1594
4203	3.7592
5424	1.2041
18001	.2598
15536	4.9357
6352	.2069
19669	1.4522
31255	4.2979
