23945	3.6291
3495	4.1860
2073	.1409
13459	2.4152
14715	3.1554
30368	2.8669
8119	3.3387
23342	.0642
15944	2.5231
6922	1.2836
15553	4.8678
12093	.6419
21630	1.3330
7313	1.9417
2098	4.1788
12501	1.9804
32717	2.3581
31500	1.3408
32479	4.7689
27735	2.0404
27213	.1683
31436	.6498
5009	1.3359
16118	1.5637
7108	3.2151
31743	3.8050
19946	.6491
23399	4.8735
28698	2.9865
23953	2.8443
2198	2.2330
25817	3.3211
4914	.4452
15355	4.6787
26075	3.1199
8508	2.1430
30628	2.7961
26004	.4025
31718	2.7732
26025	2.3329
27618	.8737
