31320	3.7362
14574	2.4472
11193	.2873
6127	3.1595
32741	3.5505
8990	3.4900
16365	.6537
2507	1.8994
32530	1.1445
30576	4.4061
26988	1.5431
24628	4.5875
4618	2.7060
1950	4.7367
12407	4.7581
3131	4.4557
7432	3.6085
7497	4.4502
19923	1.9751
26285	.8291
10126	3.8906
7389	4.3668
21201	1.0446
14701	1.4276
28618	4.0600
21179	1.5251
6062	.5073
30113	4.7415
23508	4.2278
611	2.8075
24104	4.7164
16285	3.6655
4340	4.0525
10438	3.7092
8828	1.6129
16363	4.7346
32697	4.2056
29541	2.7237
16398	2.9171
1962	.3856
28172	4.2767
7236	1.4540
30548	3.3330
