4804	4.2904
1879	2.0380
26449	2.1013
7080	3.7668
28658	2.6921
4104	2.2139
3001	.6871
16137	.5417
6149	1.9038
10538	.9768
8374	4.9223
7545	2.3511
4576	1.0284
13783	1.8053
20509	2.4190
11927	1.5950
22781	2.8640
19984	.6968
4635	2.7472
19699	2.8012
26210	3.2696
14908	2.6132
25239	1.5567
21703	1.0850
4300	2.6625
31685	1.7873
349	3.2869
12174	2.3462
15287	4.5445
4938	3.4623
24544	4.9279
1786	3.7255
4153	4.2703
14523	2.5598
6340	2.1240
551	3.0039
31850	2.1715
8477	.5658
10069	4.7766
24315	4.2881
23160	4.4381
8636	3.3222
28508	.1759
15867	.0836
23888	3.4679
14929	.0112
18094	3.1830
25409	3.9855
16847	.1411
3626	.7632
2160	1.9269
31518	4.0385
5005	4.2118
