21257	.9376
776	2.1829
2111	2.6496
30467	.5552
4575	3.2210
29883	.3270
23657	1.4423
2061	.2352
3468	2.5879
51	2.1807
17892	.2839
2538	.9178
792	.6396
20413	4.0450
6866	3.8619
3123	4.2730
7287	1.9382
28416	1.7299
3278	1.4778
25983	.0280
6277	.8423
26539	.0920
14041	.9044
3425	4.1470
30017	3.8860
6382	.1573
15118	4.0534
8089	4.8168
1419	1.7662
5903	2.3148
4986	1.9066
24899	4.5901
6737	.8777
20754	4.7486
2978	3.9005
29911	.6364
31261	3.4145
3625	1.1053
24199	1.2140
11192	2.8112
29992	.6585
21786	3.1072
14274	2.0377
15076	.1242
2027	3.1754
27019	2.8553
25534	.3489
1146	.5783
32010	4.9642
9079	3.4473
25719	3.7629
27502	4.1045
4377	1.1243
1835	1.6631
10097	2.3682
2156	2.1604
27894	1.7000
18618	4.1090
24738	2.2193
24723	3.3750
4604	.4315
7798	.3346
14175	4.3585
1482	4.2023
20390	2.2222
4315	.9695
17485	.3497
18307	.9547
9527	.6015
2203	1.7644
6371	1.7378
15289	.8627
6488	2.8676
