929	2.2548
30638	4.6095
21166	2.7130
8686	4.6893
11088	4.5359
15269	2.4140
22228	2.8666
8148	.0656
12353	3.3017
9358	2.2087
30412	1.1508
22960	.8839
14659	2.5914
7094	3.8148
844	1.6537
4863	4.1158
11227	4.7610
28754	2.7393
19514	.6607
13016	2.7744
17333	1.9350
24650	2.8824
13938	.7654
28749	.7747
10910	1.9357
16493	2.1086
25917	.1742
25934	2.1367
12543	2.0542
2260	1.2965
17110	1.4610
16185	1.1252
32749	3.5961
29934	4.4499
26596	4.0290
26297	2.4880
22183	3.0999
8540	3.9944
32168	4.4454
21896	1.9167
1971	2.8023
11550	3.1644
15994	1.6495
5487	1.2459
23127	4.3995
11003	3.2891
5980	3.8744
25587	3.2457
2848	2.9540
802	4.4727
372	2.0538
5255	2.5968
30843	1.5826
10432	.4550
4372	.6968
3174	.9028
15691	2.2403
17877	2.9300
28344	1.2656
14014	2.9483
11937	2.1658
6618	.0828
30743	3.9141
24979	2.9424
10542	.6701
20899	2.5757
32457	3.8686
31422	1.2399
5450	4.2211
28350	4.8062
8569	1.8901
11661	1.8659
10180	2.4861
23916	.5658
10493	4.1831
