23084	.7367
367	2.8199
12416	.6741
10056	.3907
10355	.4484
6090	1.1735
28444	3.8621
8333	2.4620
3015	3.1667
19534	4.3285
8202	4.0549
849	4.1164
26204	3.0228
19985	2.1816
24867	2.4214
24537	4.7694
8498	.6067
26952	1.2208
10170	1.8546
18727	3.7728
17303	2.7814
9285	4.9583
12564	.4176
7497	1.7410
10778	3.6159
14015	.5749
14291	3.5464
15823	4.9226
25185	2.6702
693	4.1302
27510	3.8752
10959	2.6900
527	4.7891
16701	.3938
6334	1.7592
30412	1.4586
21729	2.9535
10783	1.0632
26941	4.2715
13842	2.8281
30513	2.0738
25443	3.1965
5159	1.2633
13192	2.3187
20800	2.9064
22158	.6331
8029	2.1532
15886	1.0519
12737	4.2248
3347	.0735
5790	4.1611
5223	1.9054
317	3.5473
23113	1.3466
30491	1.3078
13681	1.8694
13793	2.2537
568	3.5912
16715	1.9852
11678	4.6215
29121	2.2060
14230	1.9385
28256	2.1523
1187	4.1642
10355	2.0171
23345	4.8767
5663	3.1760
31906	3.4513
19415	3.6614
8683	2.8127
10762	2.2557
13372	2.8867
7078	1.0309
29220	.0494
23405	1.0768
