12340	.6956
11629	3.0944
23561	.9311
3879	4.9876
20070	4.5263
15075	1.6756
6081	4.9662
15047	2.2348
30820	2.5635
6234	.5601
24860	3.6318
31119	4.4601
17319	1.5022
3571	3.1949
2296	1.2724
1156	3.8012
8685	3.3138
21316	2.8897
15670	3.0454
25263	.5168
980	3.1080
30531	1.4317
24371	3.8329
4251	4.0479
19721	4.4880
13335	4.1348
4037	3.1054
21124	2.1636
4065	1.3350
15260	.9659
16265	2.0383
8624	.2845
26215	2.3813
28151	2.9183
1328	1.8298
22193	1.0013
21606	4.5922
10695	2.5193
9395	4.9386
13925	2.6282
19204	3.5883
5320	4.8077
3547	4.4666
24047	1.9763
4853	2.6438
18299	.2876
3798	3.2544
24030	3.5648
29223	4.9429
8784	3.9507
20898	4.4476
16090	.2165
7120	2.0140
14243	3.6890
26665	1.5234
1848	.4699
12471	.1881
30253	1.3080
19125	4.5187
20434	2.7599
9078	4.4111
23990	1.2659
8111	2.9586
15366	2.1581
32314	1.1571
22179	4.1700
6280	.1123
17055	3.5349
2937	4.8991
27939	3.0285
15493	2.9320
7165	4.2762
13293	4.1904
11480	4.5237
28136	4.7419
27323	3.9912
25826	3.3153
21475	3.2105
6377	2.1829
16175	.5882
32410	3.1324
28458	3.9019
19531	2.4492
1089	.2385
31196	2.6810
32706	.8877
17560	3.9567
30932	3.1533
31896	.0495
7934	1.0959
22172	3.0513
17027	2.0336
27257	4.1788
21330	.2711
20704	4.0871
17818	1.4867
20770	.3711
23932	1.0142
17344	1.2211
