25301	4.3089
19823	.0939
25400	2.0659
2786	3.6477
8048	3.9628
29556	1.5236
22256	3.0001
16965	.2258
32542	3.4928
6496	.8304
1939	.8272
21538	4.4170
12078	2.5539
9506	1.3115
30461	3.5634
3624	4.3058
31895	3.2947
18013	2.1716
5275	3.7398
24075	2.7178
14635	1.0956
29991	2.4005
24410	4.3328
20170	4.5454
28325	.3674
32120	3.5105
11813	2.6686
10363	.5151
31940	2.2708
8215	1.7857
8995	3.3889
1528	3.6779
32625	2.7282
6362	2.6979
23931	1.1018
4339	.4931
7011	2.8118
8745	4.1210
27336	2.9136
4549	1.7442
15316	3.1092
3634	1.9176
10112	3.0925
27289	3.9678
13906	2.1071
24959	4.2802
3024	4.3963
9940	3.3436
26534	3.6040
24990	4.9934
9222	1.9949
15717	.5983
21067	4.4615
29705	1.7818
20405	.2319
10319	4.7213
10267	1.5686
23854	4.4862
13436	.0047
