12884	4.1448
27065	2.9642
31726	.3663
1000	1.5497
4684	3.7194
19502	4.1631
24579	.2146
4696	.1261
30939	3.7751
10938	2.3430
21276	4.5744
26823	3.5479
29318	3.0385
28857	4.5113
8060	1.4174
14050	3.7588
20238	3.3504
18881	2.9984
8867	2.2089
14283	3.0567
2379	1.3969
16875	4.3279
19636	2.0899
17293	2.5484
2299	2.7684
21893	1.0127
8416	.8023
3280	.8932
18761	3.4429
2138	1.9188
30241	.2710
30936	.9276
21212	1.0397
3194	2.6793
14749	4.2814
6960	4.1053
32759	1.9647
19882	.3115
31870	3.4401
25403	3.8041
23294	3.8990
1220	.5822
3513	1.9942
3809	4.4438
3815	4.7708
25999	4.7045
9629	.1742
3090	4.9673
12188	1.3164
13287	4.1114
12949	.7870
202	.3451
22366	.4884
596	.9227
23699	4.1325
19950	4.6810
32077	3.9182
22136	1.4056
2161	.3082
20258	3.7701
18656	1.7107
7083	4.0272
12477	3.5813
23072	2.3053
2996	3.8869
5538	1.0005
25404	2.3406
7732	3.2445
1277	1.2019
13890	3.1731
13509	2.0934
103	2.0247
32250	.8363
18488	2.0036
26445	1.1532
1543	3.0214
29051	.8800
30574	2.8060
5570	.6161
32067	.0120
16241	3.1791
16967	.2496
23741	.8352
2039	4.6093
