19849	.2990
24232	3.8178
5505	1.7458
31149	4.3264
30415	2.0162
17775	2.4111
31850	.3488
10019	4.1592
7995	.6398
6450	1.5988
18679	4.6174
25984	1.2085
15453	2.1419
11911	4.9905
24331	3.7974
2126	3.0048
28199	4.6113
25343	3.4191
25060	3.2384
23111	4.0250
31064	4.1193
13981	.4162
7864	2.1759
32672	4.7915
32003	1.7151
21563	4.2686
54	3.6483
3783	3.7728
11472	.4676
18332	1.8509
24049	.6237
775	2.4402
32144	1.5141
2598	2.8205
19951	1.0338
13380	2.6635
24883	.0030
28284	2.7117
12288	.3404
29798	.9161
27848	.3093
18931	.8326
31933	2.2957
1551	4.4856
31593	3.7092
12575	4.4233
1771	2.7921
20140	.7007
9564	3.3143
22668	.4257
2086	2.4056
30718	2.3831
30821	1.3673
22071	4.7299
15733	4.7601
2934	2.3317
2997	3.2395
18069	3.0071
7791	.5427
4405	3.0942
17008	2.3534
18421	3.6140
20773	4.4045
25928	2.4378
