26928	.9836
32589	2.0963
7727	.9401
9911	3.0959
27579	3.7174
24397	4.7058
19941	4.5057
10529	1.6708
27126	2.0686
16903	1.0663
31531	1.8248
28193	2.4680
24835	2.8728
16976	2.6720
15920	.6688
31768	.1399
9032	1.5099
23050	3.9342
26232	.8761
24870	1.5572
3653	3.1827
22880	.5207
17432	4.8818
8545	4.9176
8962	1.8347
5533	1.4044
11882	1.0936
18214	1.3835
18477	4.0453
16814	1.7777
4093	4.2237
18970	3.5415
11540	1.4220
7290	3.0147
12675	.4403
17344	1.0530
5477	1.8076
12136	3.2598
5206	4.9830
9693	3.0439
21744	.9283
23606	3.7479
26846	1.3791
29870	4.0661
2563	3.1415
2669	4.2803
1949	3.8129
31121	2.5202
9785	2.5893
1073	3.3439
12025	3.4603
27273	2.8916
31552	.7292
18926	.4129
17279	4.3444
738	3.6906
24850	1.4604
29773	4.6337
6477	.6340
4669	4.0473
3244	1.1453
6518	3.9791
19257	.2327
18173	2.9581
6881	.2143
