11016	.9814
20153	4.2924
3624	1.5161
8283	1.4809
23325	1.6052
25631	2.3003
15129	1.8230
9914	3.2749
6426	1.5747
10874	4.1297
14537	4.5901
19871	1.4142
6218	1.4584
22525	.9776
24208	1.5489
19091	4.9198
6239	.3146
4722	1.5407
8942	.7954
25032	3.9265
9609	1.1073
30335	2.4051
4535	3.3805
10581	3.7841
18993	1.6861
32271	.2529
11848	1.9225
10244	1.7497
15849	2.9581
16002	4.0241
19834	3.4859
17951	4.5294
14313	2.3950
14484	.9210
941	4.5831
2102	2.3686
9203	2.3299
25320	1.1938
2010	3.0039
10913	2.4164
19480	3.8435
26753	4.7291
5578	3.9666
4985	4.2208
8432	3.9451
29529	4.0360
23082	.0532
8147	4.7917
28278	2.5005
4808	1.8155
9232	1.4725
15640	3.8167
11821	1.9402
13601	4.1039
7519	1.1238
22004	3.0555
16819	3.1759
3850	1.2594
31000	.6416
21969	.4255
6249	3.9669
21657	4.0081
12822	3.8142
23302	.6968
7533	1.5688
2758	3.4508
22538	2.0183
3930	3.2296
32683	4.8174
22957	4.6389
10441	.6866
10176	2.3848
19784	.1838
25945	3.4029
17058	4.5158
23194	1.5622
20735	2.2710
10289	3.0573
15987	2.4190
4580	2.5081
14449	1.2759
1756	3.8703
