21047	1.2681
21988	2.3572
7930	2.3541
21927	3.2950
31867	2.1881
6416	1.0113
6599	1.2573
2712	4.6984
12541	2.7164
29257	3.7882
5963	3.8007
25116	3.7507
9313	4.1994
31652	2.0267
30582	3.9584
7692	4.1680
16271	.0701
23613	2.1048
23577	1.4980
32082	1.4448
14972	1.0617
20407	4.4647
13620	4.8753
31014	4.3034
22965	2.6465
6265	3.6144
21464	1.8729
14053	1.7479
30219	2.2516
19992	3.4176
3990	2.1752
27078	1.8265
1422	.1956
26927	.3289
15280	1.2730
15971	.3122
32377	2.6833
20544	2.1019
7148	1.0635
20157	.2014
6098	2.5637
29175	1.9377
14510	4.9101
21932	.8442
17635	2.4306
10097	4.1647
162	1.4943
4750	1.6438
24144	2.1121
24582	3.1308
16030	.0964
7686	3.9989
8843	3.0906
26056	2.9656
24080	2.3957
28445	2.2711
1612	.1689
8310	1.9118
22056	1.1842
29018	4.9143
21674	1.3921
