26317	3.3906
13241	2.5289
24173	.1640
25035	.7116
23432	4.4535
17277	2.7094
23360	1.6040
24610	3.4617
30684	3.1893
17012	1.4654
133	3.4168
11292	1.5833
30836	3.4507
2668	2.0508
26582	4.7306
14403	3.8871
24320	2.9400
6288	4.4975
14989	4.3700
7470	4.2815
21647	1.2575
10154	.4850
18548	.5331
20617	2.8939
22576	3.8395
16445	.2809
4781	2.8910
15747	1.8811
7946	4.0330
18976	1.2680
1903	2.0775
11810	2.8511
28906	2.6477
21021	.5038
12241	.9096
7262	.9492
7844	4.5226
28103	1.2422
10333	1.4185
4237	3.7806
23743	2.7111
18806	3.3550
14434	1.2186
20389	2.4419
12704	1.3226
17343	4.1734
22138	1.1703
3687	2.3769
15789	3.9429
207	3.8564
14323	3.7459
29474	4.0653
30542	4.1534
