10618	1.6983
14666	2.3175
21370	3.2259
8953	.2775
10039	2.7094
10795	4.5069
7733	4.0235
20083	3.0861
27093	4.1702
14396	1.4488
29492	2.7304
24254	1.1427
13219	4.9473
16209	3.6553
27494	3.9727
10926	3.4398
3071	4.1346
19999	2.0644
24325	1.8037
17123	1.4865
20366	3.8157
31434	.9482
30081	4.9998
6442	1.0008
9764	2.0355
7655	2.0192
17316	2.6252
29352	3.9201
2692	4.6989
3219	1.3847
10538	3.2088
2404	2.2954
13932	.0965
29969	2.1904
13812	2.7356
13202	2.1710
21332	4.6569
20895	4.5359
22146	.6422
5210	.5633
24727	3.5854
721	1.3548
2	.2255
12776	2.8275
30386	.1609
23094	4.0823
4442	1.4563
21838	3.4667
5926	4.7740
22951	2.1047
8648	2.3535
30409	2.8759
17838	.9474
23385	4.8200
4495	2.0998
24497	1.0802
6966	3.8186
21595	.8308
26369	3.9562
7218	4.0975
24105	2.3516
29831	1.0432
2947	3.7496
4826	1.1845
20579	4.3337
26136	4.6656
21004	1.6972
27696	4.2759
26661	.7036
5745	1.2265
8952	1.5089
6031	1.1954
800	1.9153
593	4.0682
14307	2.7401
18305	3.3848
3697	.2156
18933	2.9697
17977	2.9665
31212	2.5443
15290	.5990
32753	3.8840
22376	3.9622
11424	1.6093
1027	1.0635
15211	2.2765
4804	3.7366
13064	4.1383
10711	1.4453
2617	3.9080
