30321	1.0852
29936	4.1294
17340	1.6684
2703	4.5574
23005	2.0232
20121	4.6806
10792	4.5858
23484	3.4826
10276	.0434
30186	.4280
4845	.2041
10780	3.0468
13510	2.8341
22253	4.1694
5440	3.1812
23170	1.2184
11017	3.4852
7174	3.7092
27178	4.4666
8869	2.4700
2402	3.5598
5497	.0801
25901	.8955
11771	3.5720
24753	2.1562
6590	2.9287
7107	4.0066
12901	3.3584
12972	2.8980
20823	3.1653
12843	2.3787
25864	3.4260
30039	2.9758
12219	.1069
9186	3.2528
28913	1.2102
31915	2.9700
32063	2.4584
29309	4.5211
30757	2.1346
30161	2.0366
29964	1.5161
7862	1.6272
16630	4.4523
5854	4.3760
27220	1.7648
28638	1.9841
23716	2.1056
5306	3.5029
27522	1.1535
15910	2.5905
20137	.4472
16064	.3140
14086	.3872
6792	4.8728
24896	2.2217
28082	4.2890
27228	.1469
23442	1.3736
2424	.4831
22946	.5162
12367	3.8932
9585	.0598
14639	4.7717
20789	2.8209
32545	1.2594
21582	4.4308
24489	2.2513
3251	3.5416
