2927	4.7277
10991	.6970
17745	4.5591
28335	3.8494
12686	1.4535
8787	1.2430
413	2.8914
27544	1.3045
32760	3.5396
1990	.5290
2788	.3921
5674	.7925
20614	3.9211
8729	1.5863
8937	.1341
1091	4.4152
722	.5005
24249	4.4567
808	3.0829
29469	2.3392
5159	1.7217
6958	3.3011
10416	.9402
11517	.2734
15267	1.8012
5286	4.3597
25848	.5433
24717	4.5248
3744	2.8411
29966	2.4304
9755	1.0753
4191	1.7339
29794	.0273
7031	4.3433
29938	2.9773
5182	1.0112
15145	3.3135
8673	2.6299
24353	2.0799
8349	3.9092
375	1.5041
32014	3.1795
18739	1.3489
4473	1.2152
25936	.0325
9786	3.1611
