2455	4.2519
15970	.5888
14992	1.2039
22291	.9192
24031	1.7406
23682	3.3335
29330	3.5003
21205	4.8754
9446	1.2594
14096	2.1300
1141	2.0819
15621	.5444
13078	4.3821
29790	4.5223
19529	4.3102
3500	2.2396
10648	3.8166
28129	1.4635
1740	.6996
30642	.5005
32371	4.9504
20736	3.6696
5678	4.5246
4184	3.3138
13458	.8754
12333	3.3541
17198	2.1932
3843	1.4824
13181	2.3403
10908	1.9002
7080	4.6436
3710	3.0333
19860	3.2233
29568	2.1011
5819	2.7910
6881	3.7711
27220	4.8219
23761	3.2187
20878	1.0715
6474	.5339
9776	3.3046
21927	2.7686
7711	.0198
24045	.3842
18540	1.3643
20344	.0593
1885	3.2987
10779	2.1401
28780	3.5152
