17300	4.4027
25898	2.8778
26623	1.3713
28328	2.4477
15842	1.6284
26245	1.4789
25099	4.5023
9056	3.1821
19688	.5250
26664	2.5360
29062	4.2115
17536	2.6548
760	3.1954
4557	2.4719
31155	1.0000
1933	3.0959
27519	1.9539
12959	4.0427
8762	3.3603
13350	1.2921
25849	3.6445
22016	2.2557
15500	1.9461
10710	3.9753
32130	4.1569
7407	2.8795
15247	4.9166
22228	.2023
10951	4.9336
6209	1.2253
30232	4.2092
21782	.8691
19636	3.9571
26248	3.2448
6918	2.6055
25088	3.2137
3043	4.1254
627	4.4755
10458	.3201
18551	3.0637
8833	4.0005
27877	2.3155
24151	.2552
32340	1.9953
5920	4.7556
25551	4.5312
27313	.7400
16171	3.4319
25010	4.5072
4158	4.6534
5754	.5621
18342	.3538
11514	4.2884
11424	2.7971
29684	.6184
25622	1.6510
1235	1.8118
