0      2.87
1      .23
2      1.25
3      2.83
4      4.31
5      1.95
6      1.63
7      .25
8      .39
9      4.73
10      2.37
11      1.02
12      4.53
13      .76
14      1.18
15      3.95
16      2.31
17      2.10
18      1.50
19      3.58
20      .52
21      4.33
22      1.36
23      .12
24      4.79
25      3.77
26      3.47
27      .81
28      3.48
29      1.01
30      2.95
31      3.08
32      1.86
33      3.71
34      1.57
35      1.62
36      4.53
37      1.26
38      .90
39      3.75
40      1.86
41      1.01
42      4.94
43      2.33
44      4.14
45      2.00
46      3.48
47      .18
48      .71
49      .24
50      .13
51      3.73
52      .17
53      4.03
54      1.41
55      1.09
56      3.54
57      2.58
58      4.84
59      3.71
60      3.92
61      3.91
62      4.43
63      4.60
64      .64
65      4.63
66      4.16
67      2.60
68      3.52
69      .82
70      1.70
71      2.10
72      1.93
73      2.49
74      4.15
75      2.20
76      3.53
77      4.38
78      1.32
79      1.32
80      3.40
81      1.21
82      2.70
83      4.57
84      .44
85      .30
86      4.01
87      4.56
88      3.66
89      2.80
90      4.00
91      4.90
92      1.44
