0      .73
1      2.53
2      .15
3      .38
4      .89
5      .86
6      2.08
7      2.08
8      4.86
9      3.96
10      2.01
11      3.87
12      1.08
13      3.67
14      2.71
15      3.96
16      1.00
17      .77
18      3.16
19      4.22
20      4.82
21      .92
22      2.37
23      .59
24      .56
25      .11
26      2.24
27      4.67
28      2.72
29      .18
30      2.04
31      .46
32      2.46
33      4.80
34      4.30
35      3.97
36      .12
37      3.99
38      4.55
39      1.59
40      2.73
41      .94
42      4.52
43      3.52
44      .48
45      1.49
46      .10
47      4.79
48      2.99
49      3.79
50      3.15
51      1.59
52      3.26
53      .68
54      1.38
55      1.62
56      3.86
57      .08
58      2.66
59      1.09
60      2.38
61      1.53
62      1.35
63      1.73
64      2.88
65      3.42
66      4.71
67      4.16
68      .70
69      .28
70      4.66
71      3.08
72      2.02
73      .47
74      4.21
75      4.81
76      3.05
77      .17
78      1.71
79      3.88
80      1.85
81      2.52
82      2.23
83      4.50
84      .54
85      3.93
86      1.98
87      3.98
88      4.58
89      2.98
90      2.09
91      4.63
92      1.26
93      3.15
94      4.49
95      .62
96      4.23
97      4.95
