0      3.06
1      2.23
2      .09
3      1.25
4      2.39
5      4.57
6      3.85
7      1.49
8      3.39
9      1.47
10      4.04
11      1.64
12      3.11
13      .05
14      4.84
15      2.69
16      4.22
17      1.03
18      3.34
19      3.93
20      2.68
21      1.34
22      4.10
23      2.31
24      .04
25      2.23
26      1.87
27      1.86
28      1.11
29      .29
30      3.10
31      4.12
32      .23
33      .16
34      2.42
35      3.07
36      1.32
37      2.95
38      4.88
39      .88
40      2.44
41      4.73
42      3.91
43      1.71
44      .26
45      1.19
46      .31
47      2.55
48      1.78
49      4.38
50      4.33
51      4.90
52      .99
53      4.12
54      .82
55      4.94
56      3.80
57      .42
58      2.71
59      .58
60      2.90
61      1.40
62      3.09
63      1.48
64      .18
65      4.77
66      2.82
67      3.89
68      2.46
69      .09
70      1.24
71      4.56
72      3.13
73      4.37
74      .71
75      .33
76      1.81
77      4.79
78      3.98
79      3.08
80      .91
81      4.50
82      4.76
83      2.93
84      .98
85      1.59
86      .05
87      .42
88      4.96
89      4.84
90      2.94
91      2.16
92      3.15
93      2.95
94      4.83
95      3.61
96      2.24
97      4.26
98      4.41
