0      .76
1      .51
2      .28
3      1.78
4      2.48
5      3.36
6      4.09
7      2.21
8      2.34
9      4.14
10      1.04
11      3.52
12      2.61
13      2.24
14      4.75
15      1.09
16      1.18
17      4.55
18      1.31
19      .07
20      2.64
21      2.76
22      1.18
23      1.65
24      1.07
25      1.24
26      3.36
27      3.94
28      3.82
29      3.99
30      2.80
31      4.66
32      2.31
33      1.83
34      .31
35      .32
36      2.07
37      3.54
38      2.06
39      2.04
40      1.27
41      4.79
42      .30
43      4.66
44      .12
45      1.51
46      .34
47      1.63
48      1.85
49      2.90
50      .02
51      4.47
52      3.21
53      3.92
54      1.65
55      .20
56      2.99
57      3.53
58      4.07
59      .58
60      .70
61      .01
62      2.07
63      .13
64      2.47
65      .87
66      1.89
67      3.01
68      1.94
69      4.00
70      1.87
