0      3.87
1      .36
2      2.60
3      .62
4      2.03
5      .01
6      .65
7      .56
8      1.67
9      3.77
10      .16
11      1.50
12      4.77
13      .54
14      3.84
15      .77
16      4.60
17      4.91
18      1.01
19      3.20
20      3.05
21      3.04
22      1.46
23      3.51
24      4.35
25      1.87
26      2.08
27      3.31
28      1.84
29      4.38
30      1.16
31      1.01
32      3.31
33      .87
34      3.66
35      3.94
36      .20
37      2.06
38      4.26
39      1.08
40      1.44
41      4.65
42      2.13
43      2.90
44      1.96
45      1.76
46      2.40
47      4.03
48      2.13
49      1.92
50      1.51
51      3.51
52      3.42
53      2.95
54      3.34
55      1.99
56      4.26
57      3.72
58      4.81
59      3.09
60      .25
61      2.71
62      4.92
63      3.57
64      2.60
65      1.21
66      3.74
67      1.56
68      1.99
69      3.73
70      1.44
71      3.51
72      .92
73      1.29
74      3.29
75      3.59
76      4.48
77      3.56
78      3.59
79      2.70
80      .98
