0      1.03
1      2.37
2      3.22
3      1.38
4      3.23
5      1.25
6      2.35
7      1.16
8      4.61
9      2.86
10      4.25
11      4.28
12      1.60
13      4.29
14      4.14
15      4.23
16      1.83
17      1.33
18      3.48
19      2.72
20      .92
21      2.51
22      2.22
23      1.60
24      4.02
25      4.87
26      1.06
27      4.90
28      .17
29      .47
30      2.67
31      1.32
32      2.50
33      4.52
34      1.48
35      .06
36      4.51
37      3.17
38      1.33
39      4.53
40      1.97
41      4.79
42      3.48
43      2.03
44      4.96
45      .65
46      .30
47      3.89
48      1.92
49      4.03
50      .76
51      3.53
52      2.38
53      3.30
54      2.54
55      3.34
56      4.22
57      2.79
58      .71
59      .71
60      .71
61      4.25
62      3.20
63      .27
64      1.86
65      1.80
66      1.28
67      1.84
68      4.55
69      3.65
70      2.43
71      2.21
72      3.17
73      3.58
74      .71
75      4.87
76      1.81
77      3.78
78      3.76
79      1.14
80      4.54
81      4.28
82      1.20
83      4.40
