0      4.60
1      .32
2      .96
3      4.15
4      .19
5      2.96
6      .08
7      2.79
8      .60
9      1.10
10      3.02
11      1.44
12      4.57
13      1.97
14      2.43
15      4.34
16      1.97
17      2.27
18      4.84
19      3.49
20      2.15
21      2.79
22      1.58
23      2.40
24      2.17
25      2.57
26      2.31
27      .01
28      2.32
29      1.76
30      2.09
31      .64
32      3.12
33      3.13
34      4.32
35      3.06
36      1.67
37      4.36
38      2.19
39      3.92
40      2.80
41      2.07
42      1.44
43      .74
44      .65
45      .62
46      3.54
47      4.43
48      2.39
49      3.02
50      3.99
51      3.80
52      1.70
53      1.37
54      4.53
55      2.68
56      3.21
57      2.50
58      3.30
59      3.19
60      2.15
61      2.92
62      3.12
63      4.06
64      .48
65      .47
66      1.14
67      2.33
68      1.62
69      2.06
70      .90
71      1.25
72      2.88
73      3.06
74      1.11
75      3.48
76      1.00
77      .90
78      .56
79      .08
80      2.53
81      2.92
82      4.66
83      3.09
84      1.63
85      .02
86      2.31
87      1.26
88      4.48
89      4.93
90      4.91
