0      1.47
1      3.09
2      1.28
3      3.10
4      .30
5      1.85
6      1.04
7      .91
8      2.74
9      4.87
10      4.25
11      .41
12      2.53
13      3.11
14      0
15      3.20
16      1.02
17      .85
18      .25
19      1.22
20      2.32
21      .44
22      1.21
23      2.17
24      4.29
25      3.04
26      .58
27      3.54
28      1.19
29      1.31
30      .05
31      4.44
32      1.19
33      2.21
34      4.90
35      4.71
36      1.24
37      .42
38      3.73
39      3.83
40      .97
41      .13
42      4.82
43      1.84
44      .43
45      .77
46      4.80
47      3.12
48      4.13
49      4.26
50      4.49
51      .48
52      4.33
53      .36
54      3.86
55      .95
56      4.71
57      .46
58      1.24
59      2.59
60      4.65
61      4.41
62      .31
63      2.61
64      3.69
65      4.21
66      4.26
67      1.25
68      3.81
69      3.87
70      2.68
71      3.59
72      3.67
73      1.33
74      4.38
75      1.34
76      1.98
77      2.42
78      4.95
79      2.12
80      4.13
81      1.02
82      1.85
83      1.49
84      .24
85      2.37
86      1.50
87      4.34
88      1.03
89      1.67
90      4.76
91      4.80
92      1.17
93      3.43
94      1.42
95      .93
96      2.23
