0      3.69
1      4.96
2      .22
3      3.30
4      4.07
5      2.72
6      2.64
7      .55
8      3.16
9      .02
10      .70
11      2.05
12      4.56
13      2.42
14      3.19
15      1.30
16      2.49
17      .33
18      4.46
19      4.27
20      3.14
21      1.31
22      3.20
23      4.63
24      1.51
25      4.10
26      .71
27      4.82
28      2.14
29      .88
30      4.79
31      3.92
32      4.34
33      3.47
34      2.11
35      .08
36      4.97
37      4.53
38      4.50
39      1.71
40      1.59
41      .51
42      3.56
43      .68
44      3.30
45      4.26
46      .80
47      3.97
48      2.46
49      .44
50      2.63
51      4.42
52      3.09
53      2.37
54      4.71
55      .16
56      2.00
57      4.81
58      4.78
59      3.92
60      2.29
61      .82
62      3.08
63      4.97
64      2.01
65      .03
