0      3.48
1      .48
2      1.69
3      1.17
4      1.05
5      3.51
6      2.67
7      .33
8      .17
9      4.65
10      1.50
11      2.53
12      .96
13      4.24
14      .46
15      3.10
16      1.85
17      .69
18      4.91
19      4.13
20      2.99
21      3.33
22      3.40
23      .34
24      1.35
25      3.24
26      4.68
27      2.82
28      4.68
29      .08
30      2.29
31      3.09
32      4.51
33      3.29
34      4.63
35      4.82
36      2.37
37      4.00
38      4.56
39      1.50
40      2.60
41      3.38
42      2.25
43      3.07
44      .28
45      .79
46      2.22
47      .05
48      3.18
49      3.29
50      3.68
51      3.88
52      2.98
53      1.57
54      3.21
55      1.85
