0      2.05
1      2.82
2      3.84
3      .37
4      4.36
5      4.99
6      .44
7      2.55
8      1.48
9      4.89
10      .47
11      2.35
12      2.75
13      4.28
14      3.11
15      3.54
16      3.74
17      2.65
18      2.25
19      2.87
20      3.65
21      3.04
22      2.31
23      .32
24      3.38
25      4.09
26      .87
27      2.59
28      2.36
29      .45
30      2.84
31      1.89
32      1.20
33      3.61
34      3.73
35      3.31
36      .30
37      3.23
38      .53
39      3.06
40      2.10
41      4.80
42      .62
43      .81
44      2.79
45      1.12
46      .58
47      2.57
48      3.27
49      3.95
50      3.43
51      4.34
52      2.43
53      1.68
54      1.56
55      3.07
56      1.45
57      .24
58      2.25
59      3.54
60      1.40
61      1.34
62      3.94
63      1.65
64      2.49
65      2.32
66      2.07
67      4.63
68      4.78
69      3.86
70      2.99
71      .62
72      1.88
73      3.59
74      2.55
75      2.06
76      1.12
77      1.76
78      4.80
79      1.02
80      2.71
81      3.32
82      3.89
83      4.52
84      .69
85      .32
86      1.09
87      2.95
88      1.33
89      2.90
90      1.42
91      .46
92      1.68
93      .22
94      4.38
