675567832	2.9030882720384
32542765	2.5783868471991
533492505	0.77333647560949
2120475256	3.3196893559395
2097156247	1.5011886886792
564681430	0.70228355969409
159139860	1.134653958089
533299775	1.4863380307734
1190706015	4.3146490092923
320074486	1.5452022508463
1466386472	3.5500551311067
27598100	1.7820995821534
432948708	4.5925372324849
44365522	3.6014332592494
554350845	1.550517141144
1248007246	1.4921467245986
976235359	3.1105602011599
1472686719	1.6741766578863
1269891808	2.533421904097
93894554	4.6401329988801
1110486218	3.6701448767773
1875989473	3.2355908249671
153390948	2.9111090572137
178576817	1.5551227454818
1940191836	0.86799836990796
834471080	3.1247571008861
378867034	1.6859967036573
1991753264	1.4303288266204
784478533	4.671204148173
67210328	4.2162459689268
1513504002	4.1981865974135
670985628	2.5205384742099
325803607	3.4846752153173
895725055	3.4409396412973
1444787995	1.0380034735603
1302019119	1.5011107975157
38757007	3.2080426687412
1614545063	4.8570346808327
664718386	1.693126697416
1996805230	0.80851382846409
987119882	3.401506267675
1486132156	0.56170278487806
716418737	2.9780624355087
1505575440	0.85339108987404
1498734582	3.045386300909
949971326	3.6342772532414
1825806357	3.9052930864996
281922987	2.9737891433638
149620191	4.0238840407803
1303516376	3.3616300012738
794616101	1.1120047052912
632699534	1.292778913068
1125282405	4.2224795297824
1357255575	2.1953135762342
165611615	1.8281343261842
75690003	1.5819499602457
720133931	0.27437295544631
2026040708	1.5056112834744
534453297	2.8207026551574
1618228835	1.6835214787552
598139936	3.2318997281752
1282714449	3.7478445604201
767470363	3.3117627018652
571253521	4.5929166905549
923597308	1.1665634304129
497580842	0.37149682658329
1096712429	0.24973418342403
654847130	3.3384983163972
856501454	4.3596809750235
416103217	1.2951804191317
2134724187	1.2579936842704
718634723	2.0523552792391
695701630	2.5699291203962
313094851	3.1146763884996
1723926532	0.43777365025029
1209965473	1.2362018931826
