1743767211	2.4721985461527
573275104	4.6444064237384
858595549	0.2689671191708
1471869389	2.0209012259827
890880451	0.32576813610539
1302943371	1.3005191885403
1380027522	0.71810379192145
763953698	1.3009735296019
724657382	1.1135789407946
1529897477	0.8064836220846
2050707311	1.0525019401929
1467955140	0.80054203318457
1890842848	0.44000754619018
1266647198	3.5763593034709
1606406569	4.8738006012858
1101702657	4.3427319495672
1593198487	2.0720301648006
1892996713	2.1953960634747
749251028	2.6478202094547
1138657417	0.61329575516903
916508693	1.2796993280201
2113203498	3.9855991671726
466595132	2.0266444734422
1479078713	4.9212171160249
1230215640	4.9019053671052
1670370066	2.6692932507346
338194862	4.0150464624237
1972544849	2.1244750647454
1439113537	2.2388528344402
1434867096	4.7001729997341
191156743	3.4542362780563
1375963517	3.7724897306284
1798281821	4.0057051316862
634892045	3.9064798010078
1932790071	3.6989987495816
1167336360	1.1657443089251
1764647646	3.7447544134896
1297548494	3.023614209622
1384009273	4.3261045330791
1408513014	3.2165673576373
766684403	0.7203517438473
982953382	3.4914159767755
1921793599	1.7065765483801
1964163083	0.37692436034648
536535486	2.6766197931378
921302397	4.5859817692945
