240348826	1.0271395328581
1281790820	3.5858586284266
1171153502	0.87270734872329
1647938180	1.7439092680551
223996337	1.0877754614166
1414196515	3.735244718257
164223589	1.0487824240927
1276007814	4.8618693509427
798599608	1.1704766569522
941586744	4.3064282156091
862378620	2.5428405602196
1908564376	1.5723922530061
1684687286	2.2189281635075
935973260	3.4308303373078
1710257462	2.9168995436825
531742038	3.1711249557189
360153838	0.52562562540435
1701431234	3.0535723236639
880373940	2.1493104575897
511966671	1.7052542821994
1011495170	3.6633544152898
1312103235	1.3894677308339
941830890	4.3690568182473
1290914416	1.0130056068362
1972998409	3.1761099692323
271072731	0.66104210245472
1637098779	1.6139366438677
1034679342	4.8986379056697
