564382672	0.17388476532599
495340268	3.3627883197566
442846221	0.50523920706717
1614555577	2.90349673615
1481986963	2.7366372280459
1851825647	4.2162159663701
1673509026	4.3830143541019
1520768244	0.10947766253235
1044084373	2.371417124463
108696041	2.0854750075776
565915897	2.1689915550728
5256562	4.4708107781926
760811807	0.079132884312017
643743722	2.5891120068678
1087850339	4.7217793225878
2070082566	2.7365748666863
279897339	0.61340546729667
127853128	0.95550647515594
1288200538	4.2769282889911
1178158032	4.5471746099867
217023837	4.8977527673811
937360704	1.8237201924546
1664424931	0.42670237851641
1709721717	0.60545881307007
444051108	1.1730447230735
1732236813	4.8998664179351
228799174	3.3439303391352
