190888254	3.9312075399473
1216399734	4.2034105952845
496417137	2.9896481675048
1056570075	1.6657961703212
1759917011	1.6427538109211
957596149	4.9582786485359
1411748323	4.8414245573065
622396846	1.5457304574296
2054805432	2.6576098020457
1333081529	3.8558127958587
1398138735	3.9962071198952
1386894749	1.5717988934237
1597500415	4.2132725749227
1308913699	4.9413726222428
1884374980	3.8562663429679
1606775901	0.071625327724789
95689869	0.89030335000265
1841295800	3.0342188794325
396238131	0.4571326032547
79933606	3.5332910570005
1893843642	0.43151386800758
514266701	0.31802360448894
444030885	2.1021293020351
890521879	0.53030699050534
231291869	2.968974191681
1151003628	4.2120303698871
1665860660	0.35650800231682
1804140210	1.6886087608005
1955432810	1.0370120247998
1799574764	0.68131782844724
1773309420	2.1505211559825
1890146434	0.040146003030309
1661879600	2.6309312263648
4387338	1.584472757105
160363573	4.1080220388752
1174082746	0.064943174396149
