2019746602	1.8504949644443
814696181	2.1633567508139
853442750	4.6780844007982
1185784856	2.4571427178835
1584241499	3.1759208315871
1238736153	3.5267228696154
395049787	0.22607525355465
1181892149	0.080391743723485
1166723211	3.88804409834
2103532481	2.8820873624096
15522438	0.760788927209
910489654	4.6179333397271
1688406110	0.88787849801028
1449808096	0.34553657301959
504438548	2.8547052609989
1051867429	2.1865165336926
2121922378	1.4208429010682
614643876	0.52680206509624
1476274514	1.0647710394416
1072708172	3.5796425950619
1045234412	3.3866561662344
2021012167	1.4675642533542
1747126583	1.179446236314
482559821	3.2481115699038
1493007653	4.630449139341
932781208	0.31110854135412
639097073	3.7199586926587
920157904	3.9312466531672
692232425	3.5023413009487
1699038706	3.5181489021136
499339875	3.5775053960166
880247554	0.64712483931665
1777036908	4.7172089548396
792516310	3.7138818058716
1691018062	2.5330229627588
1900111772	2.1026874739224
1648840382	1.8115445700528
1136003921	0.3737781850499
745615131	0.95682011961789
1884659787	2.0398669536411
1879640271	2.7615743585683
2009706646	3.1002221690026
1580349945	3.3649727671244
1203048453	1.5564844997397
1223171694	3.1624363493931
2034868624	3.3633862265215
1124171214	2.0543475994162
