1172221105	3.2496723012299
125427401	3.4639260934032
1219676025	4.8301442409075
1186370121	4.3432857395817
794239108	4.2581832219186
533784754	4.019908206081
2092730142	3.5495556791078
1417395127	1.1433013696891
1456845390	4.0001036780887
1946453116	4.1099659186369
1883915100	2.216376698211
1751393549	0.55020477648368
212079896	2.094627710569
1323364445	0.89488301002182
1135885430	0.099929247563672
2047580225	1.3912722917233
1795339770	1.2065701425106
492338678	4.9030487308759
1330486417	1.4031047147713
190277816	3.9226728719299
1108426409	3.136875002243
2089594165	4.8869318747366
436052331	0.025610642053937
835193260	4.8148632980021
919024622	0.96081285316535
819843431	2.8329182825205
426871627	3.6367780802011
1134030958	1.357146136629
1025323465	4.6807227282229
1931637562	1.129301144336
121502595	1.8161522279569
772508753	2.6505705540304
696630281	2.013854734606
1076805471	4.2637892040721
181291860	2.6364589448257
1395545191	1.4440848708358
493604209	3.2676434648538
1916457463	1.9172578849444
2089053013	1.5172149178187
