156663543	3.0752878999688
362679410	4.4130647645393
1475786186	4.8498546936781
430196159	0.62946118676544
2072628100	2.4183848697778
1123461574	4.2797149947284
859368892	1.3392732089103
1171128731	1.899203603109
812567831	2.4249254946713
837599134	2.414627162467
1448321890	4.5537123547651
382743894	1.7296499627315
1156930648	4.7367725007873
646910681	3.0214467751893
2023010353	3.517003577909
1768860654	0.44058494756025
678555272	1.9877740237805
411727478	4.7010329154791
746993268	2.2407690725479
1182832039	2.0031348252684
1988584097	3.2180042859251
1878929082	1.5646051646045
1104407030	4.3587501902872
785432156	0.84091807754753
1961873727	0.69255900135849
1492201186	0.12791839201372
2007625929	1.3887559163332
1495212595	2.888456712425
744276188	2.5989951275284
