156803092	3.5713449067303
1190952754	0.49963524588367
774803829	2.6694860484775
1784848350	4.436910045071
646312663	1.7681628892981
1853073453	2.9983192696228
1790255419	3.6264714918223
261593763	0.71195494882388
1244295309	4.1070300615891
1429879538	3.7881651328822
1366250373	2.9405791046752
813913971	3.4368682482452
435869936	4.8890931694252
1197310536	0.99135718820214
262469386	1.5724864562845
324259031	4.9996187957002
775592631	3.1213371400355
1953457346	0.0059265922782601
1478855487	2.147400198573
1206768528	3.5617117856451
1324639621	3.4325858477655
570222785	3.9599787252769
458232989	1.871986785844
1776033410	4.1424332531832
1723278030	2.0943944654867
1240973680	2.3613317391655
1058895197	0.91993976427239
1471909863	1.6007186386738
1264494840	2.140196707165
432601020	3.3128052220274
445903269	3.3426471885027
313620441	4.577140051209
687956097	1.7787203620089
108987491	0.77871984372787
1550810372	3.9481696225461
1841220208	2.7356483916452
938957055	1.2089958746028
1201531748	0.029652207172314
