1674210417	2.228869780539
502561780	3.4421101205247
1104703123	0.36021973954524
1821424095	4.8559598833583
1258022147	3.935966500517
142251689	4.9317734618354
504120686	2.7253210021766
1657656960	2.8010473948908
719724171	1.7558358454871
1979679416	3.7083149322813
1739283645	3.5894683974746
639289165	4.1503557791702
620636081	4.2693165383624
207394094	3.1060406184318
1358765545	2.5098702812148
482005504	1.0091844159221
1390407387	0.82321508825906
866079113	1.3600257487781
1143874305	4.321745587197
448557436	2.4137593537633
1996336641	1.0901638847264
1752830935	4.5770325882253
1359705197	1.1552081472032
