1337582828	0.17420388533464
275476653	1.7516943471281
2000118635	2.9224201817636
2002507705	4.4908776504411
704477577	2.7708215675181
928546156	0.48953950893578
1437667929	4.9884874466753
252369175	3.9692410961582
186398097	1.9560954635758
2071887111	4.3356754674277
67880605	1.559374635834
1469149026	4.4176616028033
1430263756	2.236127460951
578087853	0.24615003040347
1362845442	3.6018916655341
1135675955	2.8701613414428
1502327949	4.8301498497977
1251405277	1.1198586510121
1372396376	3.6166299756694
443556690	0.68607375756189
376999159	1.1842721869164
414158804	3.1590762330029
1628813280	2.0176839581773
1593134098	1.8968492568922
1001886576	4.0629917425397
1488806551	1.5591587738875
1958132852	2.161553850007
1289802617	4.2041798234937
1622984999	1.1055250447735
778482060	2.3833826055673
595371224	1.7815935666587
236631341	3.984425297931
