79705392	2.0397524265758
412183268	1.2571849819539
2044084115	2.9874068838486
1639063069	2.3877262824158
743477490	2.759028311241
117450968	4.4543463501401
1997959478	3.3091750546867
1535463694	1.2889672682104
2004374479	4.5597545940242
1180769818	3.9288915129979
117868778	3.8934305165398
1281945141	3.1472147620037
1048294252	0.11231125570476
795199312	2.6983049268361
146425830	0.28617818387513
2071370716	0.086255683603816
766621657	1.4036536409537
2024773176	0.77546682477718
1013341560	1.2421872169907
1371428009	3.5300021169381
1055346472	0.33606565107408
879300324	2.3385168040816
2061721172	3.8582419482331
1115161256	4.0898715770291
1766696748	2.9326995871648
543885780	1.0156214288509
810618193	0.48168486705128
1979783139	1.8937406488199
108858107	4.7585403196321
