1	3.63
2	3.56
3	0.13
4	3.98
5	1.80
6	3.34
7	0.91
8	0.52
9	2.76
10	0.53
11	2.94
12	0.38
13	3.38
14	0.25
15	0.68
16	1.2
17	1.3
18	2.16
19	1.75
20	1.74
21	1.8
22	1.72
23	2.85
24	3.63
25	1.10
26	0.78
27	0.98
28	0.61
29	1.71
30	0.82
31	1.45
32	0.13
33	2.70
34	0.73
35	0.75
36	1.24
37	1.69
38	1.41
39	3.98
40	1.36
41	1.15
42	1.97
43	2.72
44	0.12
45	2.86
46	3.59
47	2.25
48	1.63
49	0.1
50	0.24
51	0.87
52	2.91
53	2.69
54	0.11
55	2.25
56	3.58
57	1.11
58	1.98
59	1.96
60	3.40
61	0.57
62	0.90
63	2.18
64	3.7
65	3.67
66	2.17
67	1.68
68	0.28
69	0.33
70	2.13
71	1.59
72	2.40
73	3.98
74	0.35
75	3.57
76	1.65
77	2.85
78	3.74
