1	3.94
2	0.23
3	3.34
4	1.37
5	3.34
6	0.65
7	3.54
8	1.27
9	2.0
10	0.12
11	0.8
12	2.79
13	3.42
14	2.86
15	1.8
16	1.13
17	1.83
18	0.65
19	1.22
20	2.77
21	3.43
22	1.82
23	0.40
24	1.80
25	0.9
26	3.56
27	3.2
28	3.69
29	1.29
30	0.76
31	2.24
32	1.44
33	2.63
34	2.79
35	1.52
36	2.50
37	1.32
38	2.93
39	2.75
40	1.60
41	0.45
42	1.58
43	2.9
44	2.13
45	3.6
46	3.19
47	0.98
48	3.34
49	1.74
50	3.93
51	2.78
52	1.42
53	3.5
54	2.56
55	1.85
56	3.89
57	1.67
58	2.28
59	1.0
60	2.62
61	0.84
62	1.40
63	2.27
64	0.53
65	2.4
66	1.0
67	2.75
68	3.42
69	3.81
70	1.7
71	3.3
72	2.19
73	1.17
74	3.36
75	3.50
76	3.75
77	1.88
78	1.12
79	1.82
80	0.43
81	1.55
82	1.63
83	2.9
84	1.50
85	3.66
86	0.58
87	3.71
88	1.61
89	0.93
90	0.9
91	2.3
92	2.89
93	1.3
94	1.25
95	2.9
