1	1.63
2	0.42
3	3.57
4	1.18
5	1.54
6	3.29
7	2.76
8	2.1
9	0.20
10	0.7
11	3.55
12	2.59
13	2.69
14	1.44
15	2.78
16	3.47
17	3.36
18	0.81
19	2.55
20	1.23
21	2.30
22	3.17
23	0.52
24	3.21
25	2.42
26	3.96
27	1.67
28	1.82
29	2.70
30	1.81
31	2.65
32	2.49
33	1.41
34	3.7
35	2.43
36	0.94
37	1.1
38	3.73
39	3.62
40	0.98
41	0.88
42	2.78
43	1.8
44	0.99
45	3.29
46	3.43
47	3.95
48	1.54
49	3.5
50	2.65
51	1.18
52	3.66
53	3.48
54	2.82
55	0.92
56	3.49
57	0.32
58	3.74
59	1.43
60	3.15
61	1.48
62	3.91
63	3.93
64	1.4
65	1.15
66	3.34
67	3.62
68	1.53
69	3.55
70	2.85
71	1.35
72	0.50
73	0.72
74	1.83
