1	1.82
2	0.93
3	3.34
4	3.12
5	3.18
6	2.62
7	1.99
8	3.48
9	0.93
10	3.25
11	0.52
12	3.71
13	1.30
14	2.45
15	0.36
16	3.96
17	0.8
18	2.78
19	3.70
20	3.41
21	0.21
22	1.91
23	0.22
24	2.1
25	3.42
26	1.80
27	1.2
28	1.82
29	1.92
30	0.2
31	3.4
32	2.64
33	2.77
34	2.37
35	2.88
36	2.50
37	1.61
38	3.2
39	2.63
40	2.8
41	2.62
42	2.1
43	0.69
44	2.89
45	0.48
46	2.98
47	0.39
48	3.88
49	1.46
50	2.46
51	1.63
52	3.60
53	3.49
54	2.77
55	3.51
56	1.36
57	1.58
58	0.6
59	2.50
60	3.60
61	0.39
62	0.76
63	3.2
64	2.71
65	0.97
66	0.25
67	0.93
68	2.69
69	3.75
70	3.53
71	1.26
72	3.46
73	0.70
74	2.75
75	3.43
76	1.49
77	3.75
78	2.53
79	2.10
80	2.37
81	1.42
82	0.58
83	0.65
84	0.51
85	3.56
86	1.41
