1	2.93
2	1.2
3	1.34
4	1.39
5	1.12
6	1.79
7	2.52
8	3.1
9	3.74
10	2.94
11	3.63
12	2.93
13	2.4
14	3.14
15	3.68
16	0.20
17	2.77
18	1.24
19	1.64
20	3.74
21	1.42
22	2.6
23	0.1
24	2.97
25	1.84
26	1.24
27	0.27
28	2.78
29	1.81
30	1.30
31	3.31
32	1.29
33	2.81
34	2.69
35	3.14
36	1.32
37	1.76
38	1.84
39	1.34
40	2.36
41	1.65
42	3.81
43	3.29
44	2.52
45	0.63
46	3.40
47	3.15
48	2.1
49	1.47
50	2.17
51	1.5
52	1.14
53	3.21
54	2.21
55	0.48
56	0.77
57	0.85
58	1.22
59	2.35
60	0.26
61	3.0
62	0.32
63	0.90
64	2.87
65	1.81
66	1.57
67	2.14
68	1.0
69	1.83
70	1.58
