1	3.54
2	0.0
3	1.63
4	1.40
5	1.39
6	3.24
7	2.64
8	2.78
9	1.7
10	3.46
11	2.57
12	1.8
13	3.44
14	2.53
15	1.46
16	1.43
17	0.78
18	3.78
19	2.39
20	2.85
21	3.4
22	3.97
23	2.3
24	3.28
25	0.56
26	3.91
27	0.16
28	3.23
29	2.49
30	2.30
31	3.46
32	2.76
33	3.71
34	1.23
35	3.59
36	1.40
37	0.57
38	1.67
39	0.29
40	0.96
41	2.82
42	0.24
43	0.97
44	1.57
45	1.32
46	0.41
47	3.21
48	3.20
49	1.16
50	3.58
51	3.95
52	2.51
53	0.8
54	0.69
55	1.73
56	0.18
57	1.8
58	3.26
59	0.72
60	0.6
61	3.21
62	3.11
63	0.36
64	0.63
65	0.1
66	0.59
67	2.89
68	2.79
69	0.95
70	1.46
71	0.73
72	1.24
73	2.62
74	3.37
75	3.7
76	1.22
77	2.88
78	2.25
79	1.43
80	2.9
81	0.14
82	2.91
83	3.67
84	0.9
85	3.76
86	2.18
87	3.64
88	1.82
89	2.22
90	0.41
91	2.4
92	0.22
93	0.47
94	2.51
95	0.31
96	3.25
97	0.6
98	1.92
