1	0.15
2	1.99
3	1.63
4	0.72
5	0.80
6	3.77
7	0.70
8	1.7
9	0.15
10	3.21
11	0.11
12	3.79
13	2.73
14	3.24
15	1.36
16	1.85
17	0.82
18	0.78
19	1.91
20	2.7
21	2.9
22	3.66
23	0.74
24	1.10
25	2.44
26	3.72
27	2.22
28	3.97
29	2.34
30	1.46
31	0.78
32	2.31
33	1.22
34	3.76
35	0.35
36	3.12
37	2.71
38	1.32
39	3.23
40	1.74
41	3.78
42	2.39
43	1.97
44	2.52
45	3.14
46	3.25
47	3.13
48	0.96
49	1.86
50	3.93
51	2.63
52	2.76
53	1.53
54	3.80
55	0.40
56	3.95
57	1.52
58	0.75
59	1.14
60	0.14
61	1.44
62	0.44
63	2.22
64	1.10
65	2.99
66	3.30
67	2.54
68	2.79
69	3.89
70	2.63
71	3.0
72	0.9
73	1.61
74	3.44
75	2.2
76	0.70
77	1.95
78	2.43
79	1.60
