1	2.19
2	2.52
3	0.23
4	2.28
5	3.85
6	1.12
7	1.62
8	1.90
9	2.88
10	1.29
11	2.63
12	2.89
13	0.11
14	0.16
15	2.57
16	2.82
17	3.45
18	2.92
19	0.25
20	1.14
21	0.92
22	0.91
23	0.90
24	3.95
25	3.95
26	2.83
27	3.5
28	2.22
29	0.47
30	1.72
31	2.99
32	1.56
33	0.20
34	2.23
35	1.97
36	2.42
37	0.5
38	3.73
39	3.8
40	1.3
41	0.44
42	1.33
43	3.56
44	0.4
45	1.29
46	0.79
47	2.16
48	0.19
49	2.55
50	1.73
51	2.36
52	1.41
53	2.54
54	1.19
55	0.22
56	2.98
57	2.95
58	0.10
59	2.35
60	2.10
61	1.13
62	1.6
63	0.33
64	2.49
65	0.55
66	3.44
67	3.70
68	0.77
69	3.83
70	1.70
71	3.6
72	1.59
73	2.83
74	0.18
75	2.93
76	3.47
77	1.85
78	2.16
79	1.25
80	1.19
81	2.17
82	2.70
83	3.27
84	2.1
85	1.80
86	0.60
87	0.0
88	2.63
89	1.18
90	3.27
91	2.98
