1	0.21
2	0.74
3	2.38
4	3.67
5	0.37
6	0.80
7	1.27
8	0.98
9	3.73
10	1.99
11	2.42
12	1.6
13	2.9
14	3.44
15	3.68
16	0.48
17	2.75
18	0.14
19	2.12
20	3.86
21	0.52
22	2.91
23	2.78
24	0.14
25	1.62
26	3.76
27	2.44
28	2.4
29	3.50
30	2.29
31	1.58
32	2.10
33	0.71
34	1.85
35	1.22
36	3.43
37	0.64
38	0.49
39	3.14
40	0.27
41	3.86
42	1.92
43	1.99
44	2.42
45	1.72
46	1.29
47	2.16
48	3.17
49	3.75
50	0.44
51	2.82
52	3.17
53	1.56
54	2.35
55	2.39
56	0.62
57	1.48
58	0.7
59	2.64
60	3.59
61	0.53
62	1.25
63	3.99
64	1.21
65	2.13
66	2.38
67	0.68
68	3.63
69	2.30
70	1.27
71	2.70
