1	2.44
2	2.60
3	2.54
4	3.40
5	3.0
6	3.21
7	2.57
8	1.44
9	0.40
10	2.4
11	2.82
12	1.12
13	0.46
14	0.76
15	3.48
16	3.23
17	3.83
18	0.91
19	0.53
20	2.14
21	3.97
22	0.3
23	1.27
24	3.73
25	3.30
26	1.44
27	3.81
28	1.98
29	1.82
30	3.60
31	1.65
32	2.45
33	1.66
34	3.62
35	1.53
36	2.32
37	3.0
38	3.87
39	2.49
40	2.91
41	2.39
42	1.21
43	0.85
44	2.72
45	1.9
46	1.90
47	2.8
48	0.37
49	2.56
50	0.89
51	0.38
52	3.52
53	1.41
54	3.12
55	2.84
56	0.78
57	0.85
58	2.99
59	2.50
60	0.44
61	0.42
62	0.82
63	3.0
64	1.23
65	1.81
66	2.17
67	1.80
68	3.97
69	0.66
70	2.92
