1	3.34
2	0.34
3	1.53
4	0.66
5	0.53
6	0.71
7	2.6
8	1.24
9	3.15
10	2.67
11	1.48
12	3.15
13	3.10
14	3.76
15	1.34
16	2.51
17	0.25
18	2.3
19	3.56
20	2.2
21	2.47
22	2.42
23	1.10
24	2.73
25	1.30
26	1.64
27	1.70
28	1.95
29	3.95
30	2.84
31	3.21
32	1.76
33	1.27
34	2.72
35	0.74
36	1.96
37	0.86
38	3.40
39	1.82
40	2.70
41	2.56
42	3.19
43	2.47
44	1.64
45	1.47
46	0.93
47	3.86
48	1.24
49	1.93
50	2.83
51	0.33
52	3.90
53	2.81
54	2.35
55	1.22
56	1.82
57	3.20
58	3.85
59	0.24
60	3.79
61	2.4
62	2.35
63	3.50
64	1.67
65	2.38
66	0.75
67	3.39
68	0.89
69	3.68
70	2.81
71	1.33
72	3.30
73	2.73
74	0.3
75	1.53
76	3.76
77	1.76
78	0.13
79	0.26
80	1.52
81	0.51
82	1.95
83	0.18
84	3.58
85	0.82
86	3.19
87	0.58
88	3.94
89	3.66
90	0.55
91	3.92
