1	3.75
2	2.13
3	0.31
4	2.79
5	1.37
6	3.83
7	0.4
8	2.78
9	2.56
10	3.93
11	1.43
12	2.74
13	1.46
14	3.46
15	0.48
16	2.25
17	2.13
18	1.72
19	3.18
20	2.83
21	0.43
22	3.38
23	1.61
24	3.64
25	1.4
26	1.86
27	0.20
28	3.64
29	3.5
30	0.63
31	1.22
32	0.72
33	2.6
34	1.85
35	1.42
36	0.25
37	1.44
38	2.84
39	0.3
40	0.52
41	0.68
42	0.0
43	3.3
44	1.83
45	1.53
46	3.82
47	3.40
48	1.6
49	1.34
50	0.44
51	3.38
52	0.56
53	0.97
54	3.56
55	3.26
56	0.72
57	0.80
58	0.53
59	0.39
60	0.92
61	0.15
62	2.1
63	3.84
64	1.93
65	3.1
66	1.86
67	1.32
68	1.83
69	2.70
70	1.64
71	1.24
72	3.15
73	3.5
74	0.36
75	2.74
76	2.76
77	1.35
78	2.82
79	0.36
80	1.99
81	0.16
82	0.18
83	1.16
84	1.83
85	1.67
86	2.63
87	3.10
