2933	1.11
7917	2.13
3958	1.83
108	1.35
936	2.75
7184	3.38
1663	3.81
3657	1.32
6216	3.95
9089	1.89
9225	1.14
7318	2.41
2178	4.10
7167	0.00
2767	4.45
8451	2.92
7415	1.49
4864	3.79
2192	2.35
9394	2.12
444	1.86
2527	1.07
2387	0.26
2016	2.84
7319	3.68
7608	3.59
7327	1.20
2458	4.92
1676	0.73
478	2.75
654	0.25
1365	3.29
2981	4.20
9973	1.29
3557	0.66
927	3.68
9812	3.45
8482	4.18
3439	4.97
3046	0.93
34	3.23
6019	0.85
629	4.78
9377	4.95
2465	1.27
9777	0.63
4113	0.11
6474	0.62
6981	3.19
8774	0.74
5748	0.05
3643	2.10
6699	2.82
3560	3.09
2139	1.47
5003	1.48
2485	0.45
143	3.04
4347	0.69
4770	4.78
197	3.75
3461	3.67
1142	1.55
216	1.48
2863	2.16
4550	2.23
4091	2.01
1715	2.23
340	0.09
1545	1.06
7836	4.76
771	1.84
7465	4.96
2861	2.09
7602	1.69
7861	0.90
7171	1.64
1013	2.93
6212	2.88
2984	3.56
2815	1.88
2357	4.21
3696	1.81
9995	1.38
