5795	1.47
3507	1.60
9571	3.60
6440	0.01
6584	0.28
715	3.49
6953	3.84
6258	1.77
5365	3.45
9450	2.12
7611	3.19
5423	0.04
3373	2.57
1477	2.86
1761	1.16
3245	0.52
310	2.04
8870	2.03
8247	2.64
8250	3.00
4930	4.20
5081	4.92
9751	0.71
6880	1.93
9508	1.95
807	4.93
903	3.39
7062	2.80
8546	0.52
8883	2.09
3961	3.33
9370	1.37
465	0.01
1364	3.74
4408	2.97
9766	1.72
27	1.80
6188	2.75
5398	0.12
3469	1.48
6786	4.38
8756	1.67
3470	2.03
7245	4.58
5867	4.80
9090	1.30
336	0.83
2940	1.69
6597	1.31
5405	1.14
3216	3.65
3894	1.83
3131	3.50
2677	0.37
9765	0.69
3415	0.57
4593	3.89
6827	1.92
5499	1.27
2148	2.17
1433	2.86
1248	1.44
6343	2.33
2796	1.71
5946	0.51
8822	3.51
8114	2.69
7202	2.04
