8753	1.07
4429	1.50
4237	2.54
7174	1.83
1335	3.63
8473	4.81
1308	2.12
5910	1.12
5588	0.33
3496	4.99
3041	0.72
5186	1.03
169	1.38
2397	0.15
2371	4.00
6726	2.39
3676	0.02
1087	3.41
71	1.01
3136	2.66
2424	2.27
2276	1.64
2338	3.49
3463	1.04
7692	0.21
4317	2.12
3783	0.77
1326	1.03
8036	2.63
6706	2.63
6549	4.10
4868	2.22
210	3.89
2986	0.44
2229	1.67
9996	4.54
9235	4.61
8213	0.47
3537	3.98
402	2.47
3390	3.30
1928	3.33
7374	1.14
354	4.85
6024	1.19
1536	2.88
3576	1.40
5434	1.08
1667	1.09
1692	4.54
4075	3.47
5607	1.58
1453	1.03
