8342	3.99
936	4.18
1777	2.80
9768	0.97
2191	3.56
2214	3.14
9080	4.05
3953	0.48
1977	4.09
67	3.75
318	0.16
367	3.84
5320	4.68
130	1.46
9612	1.45
511	1.15
1092	4.55
9165	0.71
1399	1.59
2649	4.41
1514	4.92
3747	4.61
8129	4.47
8459	3.95
1496	4.57
3756	0.15
302	4.14
209	4.38
1893	2.13
1552	2.33
4496	2.39
8164	0.98
4949	1.29
2472	3.23
9177	0.07
211	4.32
6439	4.68
3589	0.96
9476	2.84
1068	3.08
2700	3.22
4914	2.27
9281	1.36
4019	4.22
5802	3.32
165	4.20
4830	4.16
1316	2.94
7535	4.45
5672	0.63
6903	0.55
4404	4.73
47	1.63
7392	0.95
4413	4.24
6302	3.28
4581	1.21
1083	3.65
3547	4.12
3385	1.08
3727	4.95
