1433	2.18
1577	3.36
8750	1.82
1873	1.09
3545	3.14
9011	0.85
9617	1.50
6606	2.95
5648	4.47
8422	3.42
1981	4.01
9631	1.77
5955	3.74
2482	0.69
7198	4.84
3778	0.47
8477	2.59
8800	2.05
4757	0.07
2436	2.77
8311	3.54
8776	1.03
7546	2.41
5957	3.90
1968	3.73
5101	0.53
3112	4.16
9179	2.24
9504	3.10
7045	0.07
8761	1.39
9903	2.49
2547	3.57
4638	1.90
950	1.52
4318	2.61
9762	3.53
8969	0.84
9292	3.41
1042	3.83
545	1.00
32	0.30
4005	0.87
16	3.38
771	0.02
7335	3.26
392	0.87
6415	1.18
1180	2.52
2334	4.51
7749	2.56
9087	1.76
8523	2.00
9459	4.15
2373	1.66
2766	4.71
9299	1.17
220	0.25
7117	2.66
9649	2.24
6414	3.13
8583	0.87
8875	0.21
1477	4.54
4504	2.48
230	1.10
7396	4.83
4145	4.63
634	4.42
2239	4.31
3479	3.26
8042	2.99
9196	2.90
5392	3.18
3785	4.31
195	0.23
2451	1.11
9259	4.61
8900	4.51
7018	1.00
861	0.47
458	3.83
1021	4.01
910	4.57
1234	3.64
121	1.21
6206	2.83
8784	1.84
3020	2.33
5772	0.41
5213	0.41
