7737	1.70
4082	3.96
1082	0.31
2513	4.96
936	4.65
3292	0.90
9002	1.77
9655	4.79
3963	4.86
8722	4.85
2356	3.80
1849	4.72
494	2.02
8556	4.91
9535	1.38
4750	1.57
8912	1.73
6660	0.87
7305	1.13
5650	2.18
7084	1.46
2619	0.45
4654	3.83
1124	2.63
163	0.99
2701	0.73
2665	4.37
3930	3.57
1170	2.58
4560	0.22
1293	1.06
7589	0.75
5067	0.78
2417	3.69
1472	4.75
1878	4.67
2202	3.55
885	0.58
9382	3.58
373	4.60
133	2.27
8188	3.83
4588	1.46
1661	3.15
1385	1.77
7710	2.71
3103	0.38
658	3.61
3139	1.73
645	2.31
3423	2.60
1335	3.76
8424	0.19
9109	3.44
3770	3.90
9594	0.02
4518	1.80
50	1.47
5971	2.04
8546	0.44
4308	2.18
131	0.88
4335	1.62
4576	4.44
252	2.01
