7002	4.48
8190	1.78
4662	0.07
6286	0.68
2928	4.12
4330	0.69
6905	4.39
7747	1.40
7596	0.67
1459	3.23
5197	2.13
9896	3.66
7132	3.18
7446	1.69
213	1.46
2109	1.85
4862	4.10
4921	3.40
1561	2.18
2296	1.70
3153	4.59
7186	2.80
8496	4.79
9682	4.54
4696	3.51
686	3.90
1877	1.14
8897	0.79
9347	2.33
5121	0.05
7618	4.94
8381	0.66
9839	0.42
656	4.27
5689	2.66
1491	1.20
3365	3.26
3136	2.18
2064	3.49
5958	4.94
7743	4.87
8732	3.59
8898	3.77
6672	1.93
681	2.62
9682	1.27
3846	1.01
1359	3.98
9497	3.04
777	0.14
8290	1.92
1382	3.89
7998	0.09
7896	2.04
9490	3.06
4911	1.59
1484	1.83
2690	0.87
4020	4.90
741	3.29
5014	2.36
2153	1.04
8687	0.46
2331	4.58
4682	4.97
9143	3.42
2287	4.16
5533	3.49
1880	0.51
1738	1.38
8147	0.88
658	3.19
7801	2.87
2318	3.26
4346	3.25
2775	3.36
1537	1.55
9662	2.50
2590	2.87
1109	4.28
3331	2.90
9054	3.09
4633	5.00
