967	1.93
140	2.79
2639	4.75
3469	0.83
3079	2.53
3782	1.69
8815	2.77
2816	4.58
4928	2.30
6871	2.89
9790	3.22
9327	3.72
6470	1.67
7248	0.72
4731	1.46
9495	2.46
8519	2.98
2344	1.52
6439	4.38
9927	2.74
7070	2.73
6030	2.91
735	2.35
1033	2.24
6020	2.45
5860	0.04
4815	0.03
9907	3.29
2352	2.51
5915	3.79
6065	3.34
1081	4.26
4700	1.39
2931	2.35
9031	0.08
8755	3.14
61	0.99
5096	1.76
9161	0.12
3863	3.20
9994	4.50
6439	1.96
1989	4.49
6594	4.93
9725	3.12
336	3.03
5770	3.96
1418	4.74
9402	1.86
2537	3.79
9992	3.40
825	3.46
9297	2.33
5128	3.61
6041	0.91
6533	4.92
2391	2.12
5971	2.89
1613	2.05
5319	1.73
1766	4.11
7364	1.10
3242	3.83
6081	4.04
6112	0.52
3947	3.74
7719	2.70
2231	2.48
5370	4.31
4644	3.13
7930	3.05
5921	4.00
8407	4.15
7107	0.05
5657	3.92
7718	3.92
6872	4.73
5820	4.70
4496	4.77
9491	2.09
4775	0.60
8220	3.38
5615	2.38
1873	1.43
2723	1.68
1223	0.88
8594	4.44
2205	4.16
4410	2.44
1677	1.13
7617	4.53
