2002	4.81
965	4.65
4436	0.56
8664	3.88
6308	1.73
6546	0.10
6453	4.78
1670	3.96
4956	2.01
9692	1.30
5482	2.65
4002	1.85
2575	1.50
1642	4.43
6157	0.45
1529	2.14
5474	3.53
5592	2.00
4566	4.68
3486	0.90
2456	1.92
2000	1.58
9734	3.04
1543	0.64
7861	4.49
8292	4.20
4290	3.62
6510	4.06
6446	3.16
9275	4.54
1033	0.83
2518	3.43
2500	2.30
1240	4.77
2871	3.78
5634	2.19
9620	1.92
9522	4.71
3714	1.98
8950	3.92
1750	0.33
1101	2.00
8773	1.32
7284	1.52
7092	1.89
8187	2.27
7465	0.63
9741	3.21
3108	0.90
1315	3.76
8973	4.77
2659	2.38
7515	4.63
3395	0.03
4080	0.01
7133	2.93
2135	2.47
9510	1.68
7656	3.63
2678	0.24
9416	2.54
5640	4.80
2293	2.09
4537	0.14
9187	0.41
5410	2.50
7852	4.66
5219	1.30
4256	2.73
5449	4.16
1888	0.29
8841	4.77
1230	2.86
5572	0.93
1219	4.56
4918	3.62
8397	3.59
8090	0.96
3175	0.97
9225	1.22
4286	0.55
7937	3.05
5548	2.09
3660	2.40
6016	1.32
8914	3.46
6501	0.98
32	4.06
572	2.66
9470	4.08
9938	3.45
9180	4.58
4852	0.51
