9616	4.55
495	1.02
1026	0.31
3965	4.67
9641	3.94
1345	1.81
4409	4.75
6773	2.44
4549	3.67
3068	4.25
5266	4.49
9081	4.20
1901	0.14
2640	0.17
1881	1.19
2341	0.84
2619	2.33
8161	0.59
9146	0.08
3671	0.59
4217	2.30
896	2.98
249	1.82
1539	0.13
5416	1.79
7766	4.57
3081	3.30
3787	3.98
375	4.83
4876	1.40
2135	1.58
750	4.66
6049	1.34
414	3.46
7387	1.45
3182	2.46
8474	1.43
5457	1.31
4637	4.06
2701	3.05
1698	4.29
9693	2.22
1682	4.63
4221	4.04
5448	4.83
4864	4.27
5397	4.34
7030	0.93
8279	0.96
7826	2.30
9835	0.91
3396	4.02
8651	3.27
