429661741	2.7379261435652
29668863	1.7655062101621
1449850785	4.9890818074295
434541539	1.6846884701795
1146743721	1.0241538896338
1378923245	4.40280769691
1748344808	2.4039058840852
712631165	2.4311862012517
1731352641	4.4331966337902
2052837150	1.0911672031931
1550971980	1.9069000901221
294924841	3.2763538431732
958157347	3.7864972668637
992136170	1.6480995489508
1916757854	2.7419288911586
1024953655	1.0454869927119
236714561	4.5594230292176
1881635937	1.0392653551136
987328498	1.2500000727596
1318627739	2.3141661157432
1240677922	4.4248436388675
1978809285	0.25922576908917
1232578252	2.6105330593933
1514200469	4.8480464703627
1778326090	2.0235034180915
1222872300	3.5023739344917
1817638361	4.4737000993796
1767041650	3.6333917773484
2135735532	2.0910861958242
970910256	3.4576539362118
1607207292	2.558001576717
663742311	1.2937637750496
250910705	0.94201743879449
910830586	0.12822910916443
240691875	2.2523288672102
1459902916	4.5962459592131
1931626480	3.7813173135656
1731348388	0.88491805637484
1458600362	4.8580176987955
863184365	4.2121233554613
851318780	2.9231909210436
291324905	4.8253049351393
759111660	2.1940334640416
1076797867	4.6923412660567
715141255	2.5829364138576
754746541	4.1747794529306
476637561	4.2872210449014
1582890705	0.33140819768021
622805535	2.4193624697716
1802207063	4.099277387885
1869424055	2.1822240260347
1429717777	2.5462077919143
1433209863	2.3016815457035
653958147	2.67158092124
1339148066	4.3257087791924
2120146616	3.2705450306044
671666594	1.9293386358439
1706537291	3.2828068422539
834987500	1.5859441047469
727764833	0.45523353640699
830993714	3.0171728963112
1055205703	3.0893774950362
1344265820	4.3103182871408
1975483736	1.3836571790202
1803495029	0.60661291033337
