492203657	2.1254029833364
276186645	1.1552267061338
723459447	4.0277740983422
1444722356	2.443418166341
670576590	1.4223740815289
759572338	0.6242209815533
173491162	0.15269052244382
512016962	0.0046042050256413
2081768826	3.2985812440974
1457384468	3.3180364911994
727992985	3.9134729299291
990374165	0.24212945263932
1266869867	3.0164504041972
1215559575	0.41541555682915
1132351283	2.3565334721266
1215663292	0.4990792579479
1847858485	3.34086787344
1740278077	0.60852281544754
1502715309	4.5185679893561
918158140	2.3593118401986
2093230551	3.2071394139003
1455180494	4.8851694212692
1907620783	2.9436586065887
1537518081	0.74259675608137
886963174	4.7959189651515
238843577	2.0447605834551
1865717139	0.40775568709139
1347772018	3.507023071175
62537910	3.0480632316545
541629027	1.4812490979588
1268603472	3.8577282446705
988577913	3.59484308101
973160254	2.9109186040754
1550045142	4.0201174975467
205512296	0.37478326604459
362180811	0.47171119855331
564407786	0.82692428530516
1984246010	0.57846795794483
301253574	4.1182790622666
814284040	2.7503887669884
1570010838	3.6478479619361
1990108871	2.1977031939652
1500877742	3.9610720048477
474937349	1.3228864252208
1870163235	2.2687348710693
1952033076	0.4908145896582
1198966425	4.7935509634174
1460957482	3.2904398084108
291842406	4.8053368552613
730021841	3.6335576039895
1006660618	0.14996825957204
1569992150	3.2219492565943
2065337570	4.1886061798728
814861580	3.8071572169695
1716708761	4.0798752308264
2007711670	0.035443201211953
1472243513	1.4899781213561
811835	2.758009984511
1923150898	0.33360912480094
2083863805	0.39312375727721
520845187	3.1300676558772
849774043	3.4833726256543
406672959	3.7959788803924
1396195282	3.3363026023546
744621953	1.3101461908362
1749756601	2.8040045559425
1028833920	2.7681874822677
1127390884	3.5774073463759
2047899451	3.6738982604229
1359297997	3.2263131361577
1893484792	0.48452430427285
1142029295	0.62882961268948
1713911222	3.1991649084721
263142863	3.2544013640165
65874000	3.7994949979705
104523684	1.9163299244439
2033415703	1.0344110666934
300868631	4.893422473638
390402119	2.0568779330034
148056920	2.4153956782144
1218601101	4.817618133881
1113005651	2.6994622441472
1707181290	0.9460694300691
1033405187	0.3044332309181
887699687	1.755298553852
1563281947	4.7991104702461
1495519278	3.1694824426293
2085660452	3.1662661201164
1546165398	2.5989060930903
1581210527	2.0007304740142
672986717	3.1081615053621
290132823	1.982065894167
1193653315	0.30824775821913
562850437	4.4185952350584
1671879936	3.2493770137659
917531903	1.8808774984818
1417947141	3.3074622430408
