1583224409	2.4184258479711
1357639881	1.2486932828318
213456426	2.0396448704599
1238262842	4.2041902752613
826231820	2.8053917585897
619358366	0.5958950662035
1437954189	2.2389082434768
709641669	3.4573014003492
1753599372	0.16942337163231
449079475	0.71463558856148
1211917920	3.0995093882547
440668158	4.3351373469155
1053130303	2.5142788339938
115991201	2.5460692460398
1848614134	2.4580562405559
1012890450	3.5452162933281
818571308	4.3921667334587
1712598500	4.5154491879584
680518666	4.8186082205822
559335636	4.0084695881272
1819777783	1.6096087832049
700787370	4.6421045854884
596898295	0.83371270486792
211541910	4.2694822811845
1716672981	3.0558334025814
1320007293	3.0297159743634
1134251593	0.85769485722189
472045575	1.0523721440939
220833330	3.0896205120206
1043334668	4.9802495282983
618671584	0.32011462623259
506660682	2.4098461411939
2049943547	3.1467702743349
511405143	2.6466742798903
923631155	4.861342448211
1628448516	0.37155884102525
754348036	2.9785546511312
975210036	0.78459425865886
806287873	4.5555871210786
1760444021	1.9688106546965
1029616407	0.12367094407029
1656303307	0.19420003993167
838996739	3.7218942021587
2063845646	4.9328606342584
1128244047	0.4846302561856
1325677835	3.0805875095914
694274858	4.3935656707704
1568242619	2.9405914260729
1310498330	4.6688671408542
961777729	0.22212482067855
623763085	3.4249842648511
1026601543	3.1678774152733
2044266829	4.8004907717931
1314259705	3.6609349789382
892545728	3.0894839661613
1423831000	4.4907102312384
1948559420	3.9177042170976
1648062214	1.9513213620294
2138385017	2.0033153970741
779576101	0.82496760684297
610191237	1.1020904854415
1235944064	1.7094673038039
1541017747	4.9593583261405
369754613	0.656068893455
201015156	1.6155088886691
915905502	1.8418264839993
1607290011	1.1421935498445
1584250585	3.2345178854812
1492453845	4.6515085127445
312025204	3.9015227807227
420431715	4.7463815262291
43981646	0.13040497439467
654195276	3.1184678841934
78571066	2.7201008343697
1786960231	3.4973688090674
227803300	3.3904122041494
641048044	1.0595672047043
314765368	2.454126962672
476959318	0.87773661170049
447553478	3.5572135092491
1368512171	0.91420140159978
83335259	2.9949046662054
834242766	0.085097567683597
738899538	0.35867611894322
593566961	3.0775586227316
449724012	0.93016135083985
237675470	0.37297959223994
1244424913	2.6625845826522
