32176925	1.6119582655895
246184836	4.1668091524238
1495427750	1.9742870433136
2103371298	1.2677696190159
1115539521	4.5594905128514
1459838240	2.7743621346421
1238568993	3.5581966436273
1002131428	3.2257578071327
2098776854	3.7324565712979
1949333930	4.8251591016656
1721769369	0.16690989731201
16617847	3.7728516053282
1891689868	1.0429006866379
868922341	1.2149265111494
817337122	3.1308967797695
147494038	1.0133200353074
993130211	2.5818016694774
1686179387	3.8114719599539
21047209	1.6728614534591
835613438	2.9838202441967
2065041658	0.17144110061761
1078425955	1.6260289524803
749950191	1.8588437940268
567354979	4.47838772064
388090407	0.6287169948354
1409448295	0.16377855798406
757918120	2.7200113040023
524998646	1.2804947659748
1605289846	4.7113788778481
1701790362	1.985243946307
441585362	3.6609363735937
1945301211	1.0347838611504
1780434052	1.7101654185495
1342275074	3.3186247261793
2127746841	0.42873319258389
218893686	2.8791682342436
