771384340	1.3369058474605
62577384	2.9174847798038
1907691460	2.5673457293619
1926605066	4.1838676152676
1623341780	2.634752433577
1736182033	4.9606563313681
434028761	1.6438397563267
484118462	2.2709099330338
9947784	4.1096685031008
255357936	3.193845692181
1130043291	4.904207347382
644591745	4.4492845048426
1115561117	3.1840652265512
2025219386	3.8632926875089
1882354538	4.8922486020682
1753963807	3.9531695465339
770260645	2.9344907416657
1371243655	1.6482963211128
1851404658	3.7976161384944
1284522627	1.598179699666
755910680	4.7837462647742
1998653055	1.5893546312998
1679900287	3.0486710337217
1219411575	2.1002027821262
666245520	3.3708711612834
1694313113	3.3768617563773
726909356	1.7598691241629
250825145	2.3884335706888
1820534437	1.5021437786064
820951543	4.6993374799841
499747459	2.4419064109409
1260814682	4.7518202405199
1931023068	2.6859097614353
372089886	4.6289810024337
327710683	1.7650820113556
566980518	2.5829168025325
552546117	3.1452934761277
411250865	1.1530235438389
638915743	1.3230127824112
2126984331	0.7324490164092
624194450	2.5365298625718
333058613	4.8809622041327
1716319700	0.47008589397654
661253580	3.908164426176
1878628445	2.4696336092752
706905778	2.8320934916065
1352922492	3.5113691904169
936454518	0.45624042882409
234918142	2.0594150419624
827176232	4.8099894704344
1346589562	2.9144564657074
332740638	1.7875442569086
1957181575	2.4393220303763
989972459	2.388155987667
1787549570	2.827898856638
1548949353	2.7747202910365
1889231658	4.3706735197318
842358320	4.2703061244778
2135355196	3.5036048635392
463949993	3.071341853622
915213227	4.790098324786
342066308	1.1995635536497
1084139033	1.2243471626306
1104455991	3.263948212035
1267102167	0.39673924697411
1341245332	3.5469980018898
870212400	2.7894147312219
1979330463	0.8402295507678
892405131	0.82828007444194
1482256268	4.23247256979
1491222895	3.0144443214007
712750896	1.1759419488609
1171926226	3.5128125145625
273056414	4.0086659854318
658614393	0.088506387587873
1281968863	3.332890664848
1129045951	0.064824733447668
244447485	1.0344399144102
1558688814	3.2017849423931
455903705	2.4886706483032
1245132274	3.6522022512053
398955112	3.1582971630424
289498624	1.8235937584301
83271374	4.2017077371486
130903903	2.5908013794528
1019757219	1.7474151899793
1454651234	1.0588818746893
423346002	2.3702069522674
