706792649	1.572819297003
606388237	4.8484600893447
1725232664	4.3525802946429
1151939708	0.41582481954984
795649347	1.046194676797
1089965142	4.6857168454145
607788345	4.6551221560944
1524596784	3.0167984790247
89205579	3.241542434898
448137446	4.0542377108029
1885787447	4.7674464922247
573719282	3.9540963452096
1805444825	2.2881323622019
488034007	1.6867732543902
522645686	0.47740849688528
854087364	4.6424254121456
921762138	3.2508681170879
121689765	2.4208769516185
83022521	2.1421285798504
2120920749	2.6903196995567
1781114891	4.5070525954976
948158832	0.88845264673627
865436550	4.4608046228349
994218137	3.9838988957852
1948376698	0.20582731589946
1826156450	3.12201891007
1083707168	1.6282942083796
1277792804	2.0202473746707
837648781	4.067656425325
591929429	3.8558899559341
1835012823	3.5269938891414
1660609154	0.91778105167569
2105344286	4.0740603390495
454893501	3.2806372355114
1560162013	3.9707038942588
486971574	3.3161366164294
112559850	0.75839553063661
529704977	4.6378343783495
20112128	4.8323716967517
836807933	3.962836986856
803474041	4.6630701095159
579884713	2.8121824040134
558026012	4.5947264901338
375688125	4.4657400457495
1385653678	3.5405872196614
1149675194	0.92338477304363
1029059146	2.5120024860427
2006479495	0.61139354045102
1629489848	2.22414972597
1430756761	2.71880243333
2081872721	3.6321634839439
1137091546	4.9405990843385
508117802	3.4565109147022
2029539658	4.6822161994326
1542447842	3.2611698067101
754028807	4.5060079495916
178001714	4.0805332428219
264229553	3.7066533294072
1016324694	1.5510199738438
90330475	2.1525582890737
1019725195	0.98196262539456
353206762	2.7449299733829
1175870940	2.4062510847143
986504758	0.51563134208118
1360232066	0.12964340864198
1598008036	2.1776307803475
193575264	4.9640090740118
385397765	4.2199804863054
1916954022	1.8745182835844
1955409313	1.4344871097405
573168944	4.8193608270117
929858468	3.5476398833784
2040500331	2.2713654196222
1973149783	4.8219304368002
749871301	0.42841055916083
450856406	0.096767365511864
1383412741	0.49414068250644
1725508115	1.2280424946118
1855468414	2.1704244274508
491777940	2.9289134419192
1480863083	1.5349046590435
535770936	1.6961721688026
2018064503	0.012253555474921
527558756	3.9378013736279
73419150	4.8777580260661
591378936	4.0770674166628
