1319129398	0.02843331779746
1392915715	0.82789034155565
1278147169	2.2137862384384
1183053272	3.8734571257948
1477492277	2.4133249173934
389968498	3.9635400469245
837755020	2.848994879913
757175595	3.768197583858
866622380	0.84302963029734
489825255	2.2620362542859
1513736810	1.4844233270196
1673633475	4.2531706435853
1059546478	1.31189510753
1828700262	0.23949914390198
165965154	4.4916267131882
1463302106	1.9382948437418
972749046	1.3950721134409
784470661	0.83563789997047
760318528	3.4505657960896
471329825	4.9371589719957
278548989	0.20267334310462
1269781732	4.7483592572382
1240631840	0.87463978485886
1793098991	3.6451775644185
1844160649	4.9570115189799
1977198273	0.87428346316995
2090740487	2.3038029145933
271510201	2.1824396528222
28901067	0.18553784358573
151978054	2.7592509718422
1516552428	2.3724011738656
1823366470	4.0147718456643
208560874	3.5244971390462
1463364520	1.1264308314428
445631870	1.7628342782905
498583556	0.51727687964089
991919125	1.4481553022974
1136626651	2.1526705111157
973302045	1.5429353628042
481855902	0.25977368944314
732407443	3.7917125475554
1243792891	1.8181046805429
2011263877	2.6008009387184
1424593873	2.1670005434039
502335513	4.4633300204125
981307444	0.58371372548105
14065907	0.05171536237547
684963376	4.8729426599447
970060965	1.2973219651251
342654080	2.4931963172244
851487749	0.42842227054221
1379776333	4.236185755225
792398644	3.5577100508649
1998154786	0.37445052311497
1453054392	0.55271444867957
595181886	3.5230243431977
1946209707	4.1148623517318
1959104347	0.2395777777953
1012176438	2.0616912688416
31887714	0.92050354970643
1926474954	2.4816454888702
1867294760	1.8157538198008
1373406180	1.9308643540977
1545153522	3.7943255220513
919075946	0.77665793279962
1344992242	0.67715378509702
1072964616	4.1212810059643
395996363	0.079644953403457
692324198	4.2339738175431
46124026	2.6740689541558
333787252	4.7018693549102
1726525317	3.0280027063694
1749614961	3.2640267388262
1471547268	3.1447832650248
936303353	0.62433915474654
508961305	2.6233326772337
5540988	1.0358348703179
319716428	2.1871183613255
498914051	2.4399375740625
1601239110	3.4630951674018
2066648364	0.55501101098722
206900888	1.7305568287757
1803382530	4.4596550005766
1178629	2.7402818099318
1377259913	0.74722212075592
929682950	1.557776903062
807721960	2.3744588123516
448651574	3.5774403198517
1715059477	1.3414735632676
2125262590	4.729511635252
86425162	2.8133661056931
167818075	1.3997401559724
1054934115	4.1806145171545
119343051	2.2441603067537
