388062295	2.9479278078992
1106688460	1.1923312098683
1937521242	3.6457998252687
1513620027	3.3816553551618
2032887368	2.9142855191204
63790512	1.4827666554985
662035574	3.3608533061859
1423992215	3.0501517597819
279180176	0.4963461800927
1503553448	0.44442175675389
64799037	4.5149807839258
455785612	3.1029427135843
937485788	1.7001178333071
29219071	2.2912605280482
540051370	1.5406353639162
2114753983	2.5303415150989
1730313030	0.049837753199897
318064423	3.3778563227401
1553336505	0.63163581333665
950566155	1.8116299513782
1640791253	4.9938357667969
1271809433	1.2054931680697
207053304	2.4060076300083
1138223484	0.14291383565539
509428661	0.34987210312387
433094007	1.8436873223836
879438105	4.7930754650352
358474851	4.0918324441145
530904993	0.48637740802317
754194411	3.0362368598749
1692341532	0.15811205383302
1230066227	2.576104147628
544616482	3.5202501684056
691998591	4.3980027825562
372140290	2.6397645136527
489199988	3.8388739055204
1851369549	1.9681762191319
2093236612	3.7307714059627
487775366	3.6279674845878
397761383	4.9754715920312
1292211328	1.4071372460607
1720373623	1.8932297019722
2087825856	1.3839874143638
1185313827	3.0216915709999
1705691371	0.39893499361302
287688514	0.029188345665666
1284196743	2.6913883340039
149123951	1.3469961175448
1985570753	3.7639930722136
188143917	0.12908877112395
841214474	2.1811615778977
1037982056	0.61225124896143
81857981	2.6093708898916
1919609319	3.9345948695832
1847937276	3.2607968422867
878830113	0.8470328132841
490352063	4.7721977973227
1020897855	4.6171202532095
1730693175	4.7423190575756
1180947028	3.1809987235726
1566444032	0.51494649868223
468824283	4.2488848065254
392476342	4.1995042162945
679280124	0.92237480726204
305793960	1.6554137629715
536733839	3.733690992805
1439583277	0.48722024796867
2106033111	4.9789338256134
549264512	2.9454368832267
1010716081	3.6560392606333
463297078	1.771788742287
1786457588	3.7771549675507
388718986	4.8582804155807
1063587554	0.16754623975956
260233536	1.6159630434662
1995344965	0.31655080398384
833967394	1.2060055887355
1958251014	4.3253302594299
1016636055	2.6240689063557
2108811712	4.5479644180965
1374818445	2.4606511078126
1082651590	3.8174124638631
246986895	4.3291668334646
1961592280	2.3444864025081
790285864	2.4708970414805
1702088692	0.94235345299465
853671980	2.2998360508586
119211926	3.9742487151987
1898016297	1.8530165855088
96798657	3.923398220876
754649273	4.0159729165099
768043946	4.8008489654403
1220498860	0.26570178347905
