1061274355	4.4888795630489
425570472	3.4062687253609
1535734258	1.3295819639832
1728413036	2.8459520139014
2133174740	3.19852347169
2061393713	3.0663828007255
1605412670	4.6074491551181
1696073481	3.8136006723221
869476295	4.9274116381665
1981548555	3.6321293719262
2029873925	3.7000355188269
208280618	3.9936314122722
1818874737	3.0487420447398
1958997229	1.4775494586106
1147866557	1.1495278385233
243427111	1.5273747670126
1905080293	4.0547298728743
1096891965	0.9556134049574
833514040	0.046953069999327
1683268727	4.2013745751238
854245692	0.020815853504844
788077902	3.7621111300597
