1109897627	3.8349442155263
462742764	2.5604595023023
1086896217	4.7149212284549
794348957	0.37597909354418
2036008272	2.3622082976448
1645189782	1.0361566958186
533055329	4.7926051960292
53982158	2.1986942632118
1980187311	1.3558426622096
998773811	2.5295956281617
1617914474	3.7497307866578
1433762502	2.8688141716965
643565131	3.850870837388
149057585	0.16073284911026
1733581506	2.0458424450112
1994924467	2.3735904984053
1254199117	2.4278112186248
1235644347	4.284858032728
1352089784	1.751569610439
1159053280	0.82393678409231
177962519	1.424260189023
1467048393	1.4230246336307
1150636476	0.77377388057009
1121086805	3.3334210809942
204768816	3.7562821054628
2029724742	0.95369100149427
1049562100	3.6765877989477
419766468	1.9135637776524
1642225959	1.9098205873323
2021723073	1.3914197107737
130159794	4.7781941596317
378116053	1.7327446265764
328885286	2.4990867485754
551258868	0.48252461500583
585241823	0.76722187025809
711691550	1.1055142740279
1333535071	4.1201105476916
483051910	4.7586146321886
775211515	4.3631339931689
20244371	1.5023315681621
1080223777	0.84099534006836
1040889047	0.78185133439575
314845863	1.9769172472772
1184683607	3.9091412717985
315024278	2.7420425264826
443566311	0.40470661381479
600225301	1.0646906569901
1131335533	1.2798463605716
1133117015	4.1573855579632
1093349334	3.4712979353365
1511126306	1.4948012547078
750780724	1.1178884613877
2050324612	0.021904725591608
2043234144	0.46265874312383
1200588560	4.5640417815019
1754797477	1.3711047132365
1552268125	2.7573620331275
1881526677	1.3077861425969
642619274	4.2115254486965
1118671166	4.1148580466932
1339997053	1.5753037908931
1669562249	4.0257563484021
1216167207	4.1538828607434
663929224	2.4053490755173
1986595393	4.2067252119103
1540263241	3.9614651882842
390297279	2.7221421584124
1428377096	4.1475880793983
577389498	3.4138304476691
209155243	0.12039138708282
177162456	2.5997943606227
2016543531	3.0971626812113
1129367029	1.3442275050768
1420823681	1.1798784817475
745862245	1.1752562160488
2060019695	1.6531907378944
2024334328	4.1767862854417
709295232	1.7119830156267
384891398	3.7891253334419
925134189	4.3472647896722
452903461	0.70557186645715
632844753	3.2313543875848
