344669866	2.8506408272547
1895380376	3.7752201099765
1329231414	4.2740785816098
1173616987	1.0684941807149
533189710	4.3691002667738
1275184220	1.5478298471066
1143625522	2.6881341997944
2032580573	2.6343130286011
26017878	3.3865377508972
1245030746	0.5469082903801
2073320968	4.9402436311078
97785164	2.0722842691803
1316480756	2.8928393697798
240050735	1.0084797213825
1126386591	1.8163926814759
1101387376	3.7172516522544
1617412131	0.068222670847654
1184781216	0.92928814512179
1716062372	0.27764992568532
1710037025	3.7325215263909
492089607	1.0292518655906
1913906455	3.6368571075782
1259586282	3.3059311510557
2041093828	1.8287477208435
1033640886	4.2085914542939
1899187610	3.1799491044041
1053331417	0.73486275772325
1606574044	4.5017313023572
1322058268	0.21106164679446
1384472130	0.11110080876905
1792269176	1.9414895921673
256073492	4.2992302003779
1675807960	0.063576602872264
