219212300	1.630132154855
38192584	0.98301811189531
1445732210	1.9081626212728
1445724679	2.7322189801988
1509545	1.1757783597222
1887444696	2.1780888071182
1254770538	0.85977737599042
536544579	1.2975541717827
425190958	4.3252855373199
689419467	2.9574325019295
1525225984	2.8282019974795
1831084701	0.81425918304094
604797861	3.7478367373104
375334206	2.8150874738652
230246818	2.6462195430166
293558913	4.8102592885542
1402374669	1.3883397501839
979582301	1.5024321486719
1498136447	4.3876118722314
1993959438	4.8621371783605
473354494	3.0784507063583
1099117889	4.6894659938707
1296930032	4.2125580037071
1936872411	3.3994818913748
1684475916	1.9531993041528
24259799	0.060225904481591
1796990832	2.599496796075
1101423648	0.0165412388819
2009867103	1.1040847846792
1081707334	3.2963401862869
272126369	4.8601576894802
1918752066	1.2185573211026
1689267143	3.4559939142577
19742241	0.22520815731269
1230398448	4.6281440135223
1148881070	3.265849788797
