1510266191	2.960543801524
1085517007	2.0694854888457
621061775	2.8151962337155
889018206	4.7680490486175
521180840	3.6765895987286
1286538946	1.9428201121943
320287493	0.8430401030197
1048323460	3.4377185830091
460638309	0.16689596006968
395432994	4.4907504084943
740156441	4.7398907666746
1858511743	4.1249995348626
232213630	1.4673211525508
1754881138	3.2980867444063
832910270	2.5150070630549
781868659	0.865266281583
1575926395	3.0057846698937
279347736	3.0400600996986
2038765149	0.54252347934177
1521365478	3.7233686999992
1603312126	0.035011640300514
1961828182	3.8535001286555
1854892574	4.5505066237182
1881640191	0.51343652443655
565140242	2.0668150610602
1209308499	0.84750102173886
1123672264	4.0340312333005
164949737	3.2882015492246
785251017	2.0545745697127
490392400	3.6520551208649
214672245	3.1615282214068
224284053	1.9651578236209
1712601756	1.6397386470995
369799938	2.7620949259783
1294329995	4.9884434440119
93851515	1.6311052309494
1557183587	1.6487502593774
739071006	4.7963024954294
1814856755	1.5481333558206
1426899102	0.23732907615478
632435646	0.32624820262485
729297307	2.7451896540565
760015791	1.2532050354654
565862629	4.2676919183078
