1094947644	1.013976687572
1352969411	3.9533721836998
1776903258	0.52559218393899
1335320855	1.8621328342064
259538762	0.80845340192712
1973463346	1.6888876779419
1655397504	0.18360218740236
4253565	2.0079630273431
1796733387	0.43367039432454
1939491371	2.7365919867235
1683832199	0.25458207831466
396815242	2.9578568520759
1910368828	3.1400403557997
1138986534	2.683156844081
1145204891	1.7386768626695
593255767	1.2826080602978
1148155312	1.1237617307919
1612844914	4.6280133349951
826810082	2.2010289724921
273401213	0.28822277220349
1752471398	3.3262144556857
1886922927	2.6939422044409
