779140922	2.4415123753443
14172469	3.7935688876517
405253446	4.1006199382714
1625268210	0.33618706061327
1565754313	1.9027061280341
967418502	0.88976714801498
1184210341	1.0683883079646
1959686881	3.55323419606
102242468	0.66338837410481
487887476	2.5993276585822
425694311	0.54857548351799
1858049281	1.8792503824827
1335610292	1.7419077976336
1375018836	4.6727290561761
187657162	1.9592212638628
25742853	0.090833671898969
1090216232	0.27946266591524
1214902601	0.59152341009654
1113321810	4.9993580137376
1173967399	2.3429136152113
1372184886	3.521072561164
1359046459	0.74790339020449
32344458	4.8624543984711
411180310	4.6448884902731
1060222980	3.0601118239854
653214656	0.16891607324077
394202124	2.8377118067992
1912343598	3.3814695772629
699585341	0.36019078705469
237534477	1.402253024933
469854956	1.9992610635232
232721785	0.8386065512144
1239906980	3.7370236351793
469649747	1.7639600680042
1727911231	4.1319818883818
2075019409	1.0820557740899
492729978	4.901899788483
349269888	2.3116697847432
1419798816	4.2839355716873
1769579899	2.9793517421835
2144779900	2.7451626131056
1496065537	4.1009274540008
2053494968	3.528772512697
1128620717	2.8758369911815
960213131	0.27079497476611
1119077505	3.4008169911806
647369169	3.6773653531807
1989341634	4.3265455026769
1660204077	0.14331104473365
284611905	1.1897418001619
1460595456	3.8375369267713
1738618471	0.092492357405132
1914286806	1.536522743542
1704149922	2.0933668930518
1530297935	3.2142926511421
1904150823	1.0957092959879
1783651766	0.12518429436031
1086234367	1.2126122467279
326872129	4.6369325461038
27760977	3.4323152263799
1336408901	2.1622114568773
1032927372	3.7490494333902
2011973291	2.1851036079159
46356193	0.35317576506789
1563412897	3.2497149301924
1074354568	0.71359522441104
624265986	4.1776439287596
226307625	1.5689260310349
455770367	3.3535408640064
206810386	2.3668278601797
1931545243	4.1131262779763
1923973116	4.2775575231191
1314309534	1.209983309363
1548819317	0.5373050368099
2056369043	1.5307708603939
117988468	4.5654278269808
1763789530	0.58386964983487
633067452	4.6840318407323
1479094346	4.2441684888881
554891663	0.049391139787338
1348738013	4.945831610796
133818813	0.58493638205572
2106335591	4.9749318812857
16247234	2.0723510799335
850394039	2.5808463024818
