1826225920	2.0479244934618
162794021	2.595150220485
1159260031	3.084667317143
1096860193	1.3319187245015
1176803875	1.2623369839333
837160711	4.7266270661385
138565068	1.7793506066219
1063742387	4.7702008414875
1076328447	3.2352870810941
353191454	0.48021694201986
1223676017	0.5270043343897
672365835	3.9880869183634
1580203895	4.3597178996353
956246955	4.4972185788198
2126908319	2.2297373983216
1588969901	0.010591086470797
664505009	1.8943626139752
135862349	4.3431935689148
1775067088	4.8066146554456
647855272	1.8640244295187
192168683	2.2335188450448
446017915	0.80408728718948
1678244568	2.3563271306252
887519956	1.6095183657527
1682320614	3.2428037716275
229475812	1.4297346940403
645742243	0.88447116589382
1692617666	1.8131499187151
1819316912	2.2585333312203
1874235388	2.3268887434746
12997734	2.8838236084598
1939121426	1.3275535480713
138417197	4.5294090358212
172753293	1.2773260806116
668307632	0.77959116817433
115332012	2.4898484570393
2044064425	1.7492235413516
2082245842	1.3668994425642
969971679	4.5306194571455
1910568971	1.6598736712057
2139820296	2.7159308934193
1315346425	3.6894989496514
