2067014972	4.2369290018626
1788387806	4.7511100558336
22256030	1.7110333134006
259395436	1.3353092485738
1723902887	0.69076620307321
879093718	4.7822796203114
1198090120	2.6672471979015
1635323692	0.96958251482322
148249559	2.4310326936799
1763693115	4.5771394179096
1522956040	4.6774375483754
2023373227	3.6362173215655
1207846637	4.9132389248876
1406450350	0.021857442344472
1945887592	4.4839619190823
1813126397	2.0810738192317
1969463250	1.6542777380227
170355240	2.9094409048136
1233338344	2.8691290146062
1421796029	1.7719111879225
539109847	0.80274804532656
1487798654	3.1616263502099
2014750155	1.4751374216169
422656565	4.8030648379601
1842701811	0.38512938208186
2054060415	4.1800541287195
1960556070	3.51379052201
227618749	3.7891421973655
1775173776	0.58471268768642
143900402	4.8163627739141
585023675	3.8925251219852
1937672849	2.3389519901662
1779978853	1.5053251648812
2003669999	2.0618044687723
426485524	0.26111460303008
813902330	3.8448078971565
1937071610	1.8901240974153
391181026	4.5018909147484
156538707	0.99116546148023
162632899	4.4704171873026
1403722246	2.3012909909251
1834658269	1.1678119125626
900711355	3.4508967695063
1925142540	2.0694988626379
1847706613	3.7185515992895
1448479932	2.4460511782421
689994342	2.1904425729022
139491121	1.7507458835611
1034307404	2.2402996952833
2048701139	1.0597428917232
812080754	0.24019564745957
877794290	0.75493840303036
555137991	0.56613741701755
1417966830	1.1410782072419
1306441979	4.6328197906878
1514788248	0.28077771201766
944826623	1.8246850077178
1951858897	4.5741971813022
1458505187	0.91476767366508
1660803748	4.3865535172571
1261445862	4.765371403082
965132247	0.88667224202616
623983837	1.7944763143521
1649175975	4.3852909278987
266700006	3.8017735834242
2496620	0.4429972406677
901715805	3.6258628329383
260396012	0.52991603991478
