1426257790	0.38599765877519
1962303108	4.824197983753
1769594394	2.9330675317594
234115374	4.4076894081233
99846377	4.0041909338926
1668572197	4.4828185250437
21059388	0.12019098741943
461226329	0.8196727446372
251184409	2.4273706168995
15767775	0.6946353291602
1246153801	1.3965793449416
1743168034	3.5617631434285
1251371633	0.1069118362418
1398350721	1.5611837345926
379527953	4.8732661851092
828320230	4.6587854086695
415131533	2.8066595377432
181512471	1.3439487881697
935106018	4.6667325588254
539407277	0.023948331374651
1780911181	4.5748442665557
938535617	1.2434715783426
2092214510	1.9637656081299
1324300951	1.4830410045027
1654983232	0.48575131245225
704230739	0.59651040499867
1075055054	4.8917203326205
1313592850	0.43155097655559
1780875963	4.2891403889699
923787407	4.3089217968792
1871644334	1.4167031582523
1540869126	3.4693954109537
2043756433	3.187769597018
1298716454	1.9633528785609
1832069040	3.4250386098516
1148183770	3.3307110813124
755793843	4.9291738285353
2122190679	0.3116307152955
1584048147	2.5846082170422
1965021787	1.2112244131096
483323119	0.1820899081333
1970001163	2.47112432377
14399072	2.2808428980787
1368674684	1.9598333639837
1851989203	1.0837860899436
1212857166	0.61588931624586
697141067	3.3971435033703
336818565	0.81274432633666
377304275	4.6257716299155
1708052777	0.91022655643068
1671557576	4.3367941022556
1464592959	3.8380865491173
1184741046	2.773852726805
1360946165	0.94558936122134
454901643	4.33988304778
1480311997	3.5528990736012
288252996	1.8532839658918
1987883526	2.1507650297837
123376680	4.0848096106596
797263061	3.9240934555065
1538198668	0.34103980769452
1256887769	4.2424113765556
1315991788	3.4229247916597
1421029408	4.1080716387872
1195995905	2.422854177385
497355236	2.8023323127079
950619099	4.9990329798306
1700941078	0.94200002771895
980544470	1.5740728152795
75795421	1.6258382246019
1278109153	0.77085138567297
319671622	3.0173119870095
1460910068	4.1771885353034
301386678	2.8900044098916
780278332	4.4228881594832
1227799407	1.4712620836083
715139687	2.8137754336064
1467249979	2.6075273973902
329268279	3.593061940555
1773088026	4.4680636443515
686449247	2.8425929894869
1744154129	3.0503253978911
1567602908	3.6762937547994
1144746739	1.7838040421641
2003060495	2.6527120837256
1866766443	4.1418551905741
1822269763	0.79922899873891
1865359678	0.84181305525909
1052983027	3.092045934448
3485474	0.11107636853637
897249124	3.19116447968
1249662567	4.4393097327274
2104488010	0.25752350932803
913465335	4.0910778679378
366892454	3.9367661783177
149782641	3.1474905056634
610335572	4.0214896663192
