1100640609	0.59798600645642
1735552189	3.5843148099186
1545854169	4.2685666956327
1329104164	1.9897296568331
2043273419	3.5376542241022
798987722	2.1554173259788
211437053	3.3677981111071
124319034	2.6367121318526
2120258048	4.2918897696267
1262638412	4.8813606844663
1176528187	4.4046754200965
681412996	4.6305537524775
421447722	0.34712111593556
1138230754	3.9600220969692
900530582	4.9679225124269
56840845	0.56343663044434
92273626	4.4473390790854
1972828307	3.6175760783337
1384664705	2.3177866462235
1249626148	0.86083488113286
1276961018	4.4902013379569
1392359647	0.15913531657268
1432963241	4.6829330291054
1538466244	1.1948206607228
688370331	1.4803193632887
825171034	0.71710608932986
1989708270	3.4325901365059
2069273709	3.9500166307902
657789185	4.3761454240308
239220508	2.8064301949024
1754870349	4.3463250293146
602731943	1.8272540563844
492159921	2.7351294167969
280234603	1.7798512879665
1496177872	3.3519361020773
367086552	3.4557462383321
2105670559	2.9994795555246
106151555	4.011964268988
843177575	4.6948873226973
2073515860	1.9680311889239
837028732	0.76987179497717
468122740	2.9648684072145
1033182642	2.2608866762653
1182567530	3.0979576767878
1643795016	4.0754180094578
2132729926	3.4439861813765
1081341790	0.35341745724595
1066455017	2.1686571101512
935744406	2.3799488634709
502234590	2.9146347976823
145429386	2.682906225176
127793420	0.083235974928008
1021845492	1.0157778142094
1807106363	1.6281734810342
2112893118	3.0021540601748
248464980	2.3133096039823
273761441	4.7029053814257
520898848	3.2126129037759
2073883383	4.9291966389535
698393959	1.0764650586417
703599085	0.68410572162089
139175640	4.7159539185073
1922093786	3.5196833841129
2057608313	2.9878280046339
