1519718111	1.4135810436744
1781530086	1.616105063174
97285508	0.71168007595077
591041930	2.4564923101368
963292899	2.2765436592868
1433449763	1.4211682865495
1930763127	3.9333167900021
1776411705	0.56037987142819
1159033564	4.1784546124649
987539124	4.6931345363581
327213453	4.1355132214425
1055414371	4.9767968337875
1609496137	4.4695863567617
1801995239	1.6667244451431
314840799	4.4314352350456
424319302	2.060804200387
197809923	3.1958738706055
368560958	1.3045062596465
1728895145	0.81652271366516
964626473	3.6729491356169
319614415	3.5656168025758
550386268	3.7129587604259
848596184	0.00080215279050272
569333150	2.7450576344249
242595424	3.3929719046657
1267691934	2.8555660265757
931329012	3.8363633997908
842342237	2.0534843937743
473084193	0.68434141142496
1696127336	2.3346639016339
26817097	4.2651025947487
1486756015	2.1854189095019
250288160	0.10079711447507
38932631	2.3095381130974
443411461	0.73868182289353
480719432	1.9353585815687
724786008	0.33056753935784
1182254616	1.7199627061933
1530717808	3.6158701654598
1005231820	3.7591542484049
1357717468	1.7869206968634
958688093	1.9123615147138
880408887	2.1380796316723
893211339	0.65622562805946
1109042861	1.6196367967034
780325227	3.8695726561684
1271326992	2.3072698536828
64489229	2.4382323596805
625412877	3.2397956346347
247868333	1.9055595909737
563719682	4.4194833931604
281822169	1.9581578005842
592110235	4.0606620740428
243055137	1.2654491054199
2103216994	3.46567980408
609396452	0.20159982619882
970287314	1.3592400338311
755277208	3.511485417146
749595850	3.726146169345
69483491	1.5940280638607
224881258	1.3035402569471
25168057	4.8055488452341
535193238	2.9901084783441
1083687288	3.4538656419394
1559357530	4.9895105697166
828028353	2.3414500254865
1002612024	0.32805921525138
1139447578	4.4370821278715
1099381027	3.5786749578913
566898760	1.9903205786787
1422378021	3.562649580912
341084172	2.8204506625517
1545044790	4.872183403872
652845816	0.15746377415837
77919999	4.4989732184908
1528932020	4.3068201068355
706472527	4.8713051084761
153338068	4.5851332133567
645570513	2.51558865072
1589437565	0.48783681378133
644835500	1.6672427494392
1585941010	4.0513238818624
1077397930	3.0253894152238
2095628776	2.3009499941491
1356808668	0.5230220735646
1337401166	0.090610485100472
66138822	1.5720950796139
1137631898	3.0368664944716
280871630	2.9098267540847
695185668	4.7310966880671
1876711680	2.901876064903
