1	4.67
2	0.99
3	3.39
4	4.76
5	2.19
6	2.31
7	0.90
8	4.54
9	3.91
10	3.23
11	4.94
12	0.80
13	1.54
14	0.17
15	4.69
16	0.39
17	4.84
18	0.90
19	2.39
20	0.23
21	3.47
22	1.24
23	2.18
24	0.76
25	1.68
26	1.08
27	4.28
28	0.23
29	0.13
30	3.49
31	2.17
32	1.37
33	2.67
34	1.81
35	2.85
36	0.70
37	3.93
38	2.16
39	2.32
40	3.62
41	0.70
42	4.23
43	3.62
44	3.01
45	0.28
46	1.71
47	4.17
48	4.80
49	4.15
50	0.51
51	2.94
52	2.68
53	3.61
54	1.35
55	3.97
56	0.81
57	0.99
58	2.13
59	2.91
60	1.52
61	0.50
62	2.94
63	4.27
64	4.83
65	3.00
