1	0.39
2	0.21
3	0.01
4	3.96
5	4.59
6	2.89
7	0.73
8	0.81
9	1.44
10	2.69
11	2.60
12	0.09
13	3.63
14	3.48
15	0.79
16	4.52
17	3.97
18	0.06
19	0.09
20	4.17
21	3.31
22	4.00
23	2.82
24	1.95
25	4.88
26	0.79
27	1.80
28	2.39
29	0.24
30	3.00
31	2.94
32	3.12
33	0.26
34	1.49
35	2.88
36	2.34
37	3.83
38	4.83
39	0.20
40	1.71
41	3.75
42	3.63
43	1.48
44	0.59
45	2.55
46	0.06
47	2.48
48	1.98
49	1.06
50	0.84
51	2.13
52	4.64
53	4.20
54	0.73
55	2.64
56	2.56
57	2.80
58	3.05
59	0.34
60	2.53
61	2.28
62	4.25
63	2.19
64	3.47
65	0.39
66	0.05
