1	1.78
2	1.67
3	2.19
4	2.78
5	2.10
6	1.20
7	0.59
8	3.47
9	2.89
10	2.21
11	3.98
12	0.25
13	1.31
14	3.06
15	3.61
16	0.36
17	4.38
18	1.14
19	1.04
20	0.03
21	0.62
22	3.48
23	4.48
24	3.42
25	4.74
26	3.81
27	2.42
28	3.36
29	1.22
30	2.85
31	1.55
32	2.48
33	4.62
34	3.24
35	0.33
36	0.13
37	3.26
38	3.08
39	4.38
40	1.90
41	0.19
42	1.93
43	0.46
44	1.75
45	1.57
46	4.48
47	2.39
48	2.90
49	0.27
50	2.39
51	1.83
52	4.36
53	0.28
54	1.63
55	0.14
56	0.30
57	4.74
58	0.33
59	0.55
60	4.12
61	1.00
62	3.90
63	3.69
64	1.97
65	3.99
