1	1.56
2	2.72
3	2.14
4	4.43
5	2.11
6	3.64
7	0.75
8	4.51
9	1.92
10	1.83
11	3.26
12	2.80
13	0.79
14	2.44
15	4.93
16	0.22
17	0.23
18	1.40
19	2.46
20	3.13
21	1.22
22	0.45
23	4.57
24	2.97
25	1.44
26	3.64
27	3.94
28	4.72
29	4.25
30	0.05
31	4.43
32	4.74
33	1.66
34	2.74
35	1.61
36	0.00
37	1.70
38	3.65
39	0.09
40	0.47
41	3.88
42	1.47
43	1.11
44	0.25
45	2.42
46	1.29
47	0.79
48	0.42
49	0.73
50	1.78
51	4.88
52	1.69
53	3.03
54	2.46
55	1.86
56	0.57
57	2.06
58	0.26
59	2.47
60	4.28
61	3.27
62	0.41
63	1.83
64	0.92
65	1.55
66	2.84
67	3.85
68	4.24
69	1.27
70	2.67
