1	3.68
2	1.70
3	4.64
4	1.08
5	0.74
6	4.59
7	2.56
8	1.67
9	1.66
10	3.71
11	4.11
12	1.50
13	3.03
14	4.46
15	3.95
16	2.50
17	3.08
18	2.22
19	0.70
20	3.41
21	4.04
22	2.45
23	2.67
24	1.94
25	1.21
26	0.17
27	0.58
28	3.32
29	4.12
30	3.85
31	0.80
32	2.13
33	1.48
34	3.69
35	3.67
36	0.13
37	2.85
38	0.93
39	3.88
40	2.25
41	2.29
42	1.33
43	1.40
44	0.55
45	0.56
46	1.90
47	3.53
48	2.60
49	0.32
50	1.94
51	1.92
52	4.71
53	3.48
54	1.56
55	1.05
56	1.90
57	3.73
58	3.12
59	1.67
60	4.36
61	4.93
62	3.78
63	4.95
64	4.57
65	3.22
66	4.72
67	0.82
68	3.51
69	4.96
70	2.65
71	4.09
72	2.55
73	1.70
74	0.12
75	3.58
76	1.59
77	4.09
78	2.63
79	2.25
80	1.99
81	3.91
82	2.84
83	0.94
84	4.91
