1	3.18
2	0.54
3	3.69
4	0.21
5	1.27
6	2.89
7	2.11
8	2.02
9	4.07
10	4.85
11	3.21
12	0.51
13	4.86
14	2.48
15	3.63
16	4.87
17	4.40
18	0.18
19	0.26
20	0.64
21	2.11
22	2.21
23	2.59
24	0.20
25	2.08
26	4.54
27	2.94
28	1.03
29	4.53
30	1.76
31	0.22
32	0.32
33	0.71
34	4.15
35	3.09
36	4.19
37	0.28
38	1.51
39	1.94
40	0.76
41	2.02
42	3.94
43	4.57
44	4.98
45	0.07
46	4.16
47	3.42
48	1.59
49	1.92
50	0.31
51	3.82
52	1.89
53	2.65
54	0.03
55	4.29
56	3.82
57	3.42
58	1.22
59	1.96
60	2.67
61	0.86
62	2.32
63	4.99
64	4.38
65	0.87
66	1.17
67	0.54
68	2.86
69	3.55
70	4.42
71	1.74
72	0.47
73	1.24
74	2.39
75	0.37
76	2.36
77	4.39
78	3.16
79	0.01
80	1.26
81	3.65
82	4.26
83	2.05
84	1.32
85	4.33
86	4.58
87	4.32
88	3.83
89	3.48
90	0.88
91	2.79
92	0.39
93	0.90
94	2.45
