1	1.08
2	3.85
3	3.18
4	2.40
5	3.86
6	0.42
7	1.66
8	4.30
9	3.93
10	2.08
11	0.18
12	0.46
13	0.15
14	2.12
15	1.76
16	2.79
17	1.28
18	2.00
19	0.56
20	3.66
21	2.75
22	2.00
23	0.94
24	3.95
25	3.95
26	3.17
27	2.92
28	3.25
29	2.03
30	1.32
31	2.88
32	2.91
33	2.06
34	0.20
35	3.32
36	1.82
37	2.86
38	1.32
39	4.12
40	4.91
41	1.39
42	2.53
43	1.84
44	0.32
45	1.49
46	0.03
47	0.43
48	3.42
49	4.86
50	2.74
51	4.67
52	4.16
53	3.78
54	4.30
55	3.17
56	0.40
57	4.97
58	2.75
59	0.87
60	3.11
61	3.87
62	0.51
63	2.05
64	2.76
65	0.06
66	0.15
67	1.31
68	2.77
69	3.54
70	2.29
71	4.30
72	1.61
73	0.39
74	3.83
75	2.77
76	1.25
77	1.16
78	4.28
