1	4.17
2	2.95
3	4.87
4	2.94
5	2.43
6	0.34
7	2.53
8	3.63
9	1.41
10	2.91
11	1.25
12	2.05
13	2.54
14	1.66
15	3.83
16	2.40
17	2.66
18	0.48
19	0.45
20	3.05
21	4.20
22	0.06
23	3.89
24	4.16
25	0.42
26	0.44
27	0.75
28	0.32
29	2.61
30	1.50
31	4.14
32	3.50
33	3.33
34	3.05
35	3.96
36	0.16
37	3.71
38	3.07
39	0.62
40	0.06
41	2.76
42	0.10
43	4.51
44	2.22
45	1.46
46	0.32
47	2.09
48	1.21
49	3.03
50	4.82
51	3.64
52	3.66
53	4.66
54	1.46
55	2.74
56	3.51
57	0.13
58	3.72
59	4.90
60	2.73
61	4.66
62	0.08
63	1.46
64	1.44
65	2.22
66	0.09
67	0.10
68	2.70
69	3.88
70	0.96
71	0.61
72	3.39
73	3.99
74	2.86
75	2.48
76	3.05
77	1.42
78	1.02
79	0.89
80	3.99
81	3.19
82	1.11
83	2.59
84	4.91
85	3.40
86	2.93
87	4.07
88	3.21
89	4.68
