1	2.09
2	4.61
3	1.91
4	3.31
5	2.59
6	3.88
7	2.26
8	4.93
9	2.62
10	3.36
11	3.81
12	2.68
13	0.27
14	3.42
15	1.51
16	1.49
17	3.66
18	3.39
19	3.07
20	4.51
21	3.03
22	4.95
23	2.22
24	4.59
25	2.68
26	4.52
27	4.97
28	3.94
29	2.62
30	1.85
31	0.12
32	1.21
33	4.95
34	3.11
35	0.12
36	2.23
37	2.64
38	2.66
39	1.79
40	1.12
41	3.18
42	1.51
43	3.29
44	3.79
45	0.79
46	3.80
47	0.97
48	0.99
49	0.93
50	1.80
51	0.36
52	1.35
53	0.57
54	4.95
55	4.97
56	0.97
57	1.82
58	0.49
59	0.27
60	0.82
61	4.35
62	1.05
63	2.99
64	3.80
65	0.66
66	1.91
67	3.94
68	3.80
69	1.51
70	2.18
71	1.69
