1	3.83
2	3.98
3	0.59
4	0.72
5	0.88
6	3.62
7	1.07
8	2.58
9	2.65
10	0.89
11	0.00
12	3.64
13	1.48
14	2.89
15	1.51
16	1.04
17	2.99
18	3.54
19	3.60
20	2.22
21	4.49
22	3.41
23	1.26
24	4.58
25	2.09
26	0.31
27	4.79
28	2.28
29	4.01
30	3.49
31	0.16
32	3.28
33	0.83
34	1.22
35	3.80
36	2.63
37	1.20
38	3.40
39	1.43
40	3.48
41	4.52
42	3.34
43	4.34
44	1.52
45	0.26
46	0.75
47	2.26
48	2.92
49	3.39
50	1.08
51	0.35
52	4.95
53	1.17
54	4.54
55	3.39
56	1.93
57	3.45
58	3.36
59	0.75
60	4.21
61	1.78
62	1.09
63	2.25
64	1.01
65	1.43
66	4.14
67	0.97
68	0.30
69	1.49
70	0.31
71	0.46
72	1.17
73	2.07
74	3.12
75	4.59
76	1.63
77	2.49
78	1.64
79	2.11
80	4.78
81	1.99
82	1.23
83	0.11
