1	3.52
2	1.25
3	2.76
4	3.68
5	3.52
6	0.04
7	2.23
8	1.23
9	1.26
10	3.18
11	3.96
12	3.33
13	3.43
14	1.43
15	0.00
16	1.67
17	0.89
18	3.60
19	2.45
20	4.97
21	3.51
22	1.87
23	4.63
24	0.14
25	4.16
26	0.59
27	3.67
28	3.42
29	2.81
30	3.87
31	3.52
32	2.92
33	2.56
34	1.02
35	1.88
36	0.08
37	0.18
38	0.59
39	0.95
40	1.79
41	3.10
42	1.20
43	0.37
44	1.25
45	0.63
46	3.69
47	0.63
48	0.63
49	2.34
50	0.87
51	2.32
52	2.04
53	4.91
54	0.73
55	4.97
56	4.21
57	1.68
58	4.43
59	4.36
60	3.30
61	2.69
62	2.35
63	2.04
64	4.29
65	2.48
66	2.19
67	2.08
68	2.62
69	1.06
70	3.14
71	3.62
72	3.95
73	2.50
74	4.56
75	0.76
76	2.71
77	4.63
78	0.94
79	4.12
80	1.33
81	2.98
82	1.16
83	1.97
84	2.36
85	1.24
86	4.01
87	1.87
88	4.85
89	1.09
90	3.03
91	4.76
92	0.64
93	0.92
94	3.29
95	1.15
96	3.84
97	1.92
