1	2.90
2	2.27
3	0.86
4	1.19
5	2.24
6	1.30
7	0.21
8	4.60
9	0.65
10	3.80
11	1.38
12	2.30
13	3.66
14	0.02
15	4.51
16	3.80
17	4.42
18	1.22
19	2.88
20	1.50
21	1.04
22	0.02
23	2.16
24	2.55
25	3.48
26	2.46
27	3.47
28	4.49
29	4.17
30	3.64
31	0.04
32	3.24
33	2.66
34	1.07
35	3.04
36	4.49
37	0.11
38	4.98
39	1.87
40	4.83
41	0.08
42	3.97
43	1.28
44	1.49
45	0.04
46	2.17
47	2.80
48	1.31
49	1.16
50	0.29
51	1.58
52	4.79
53	2.04
54	2.09
55	1.85
56	0.63
57	3.39
58	0.95
59	1.18
60	1.81
61	0.70
62	1.42
63	4.67
64	3.27
65	4.68
66	0.31
67	3.54
68	4.09
