1	1.31
2	0.20
3	4.36
4	2.44
5	0.58
6	4.43
7	0.55
8	0.18
9	3.32
10	2.15
11	0.17
12	4.90
13	2.99
14	2.58
15	1.73
16	2.09
17	2.17
18	1.02
19	2.42
20	4.06
21	1.58
22	2.94
23	2.64
24	3.26
25	3.51
26	2.22
27	1.69
28	1.03
29	0.86
30	3.38
31	1.92
32	2.53
33	2.35
34	0.10
35	3.03
36	2.91
37	3.91
38	0.33
39	0.79
40	3.74
41	3.22
42	2.71
43	3.72
44	3.80
45	0.97
46	4.32
47	1.10
48	3.88
49	1.05
50	2.08
51	3.80
52	0.42
53	1.04
54	4.43
55	3.82
56	2.01
57	1.45
58	2.12
59	1.98
60	2.19
61	4.62
62	2.87
63	3.86
64	2.07
65	0.36
66	2.18
67	0.04
68	0.53
69	0.78
70	3.25
71	1.18
72	4.74
73	1.58
74	1.37
75	3.15
76	0.14
77	2.37
78	2.59
79	4.75
80	0.93
81	2.34
82	2.99
