1	2.22
2	0.28
3	0.00
4	3.20
5	4.06
6	1.05
7	3.61
8	4.10
9	1.49
10	3.55
11	0.16
12	1.70
13	3.70
14	4.15
15	0.28
16	0.13
17	3.44
18	0.51
19	2.40
20	3.17
21	4.41
22	1.46
23	3.38
24	3.87
25	2.71
26	0.51
27	3.33
28	0.26
29	1.86
30	0.79
31	1.93
32	0.45
33	1.31
34	2.86
35	4.10
36	2.93
37	0.73
38	0.81
39	4.63
40	4.34
41	1.67
42	0.24
43	4.52
44	2.96
45	3.82
46	1.22
47	0.06
48	1.28
49	3.66
50	2.91
51	2.64
52	4.57
53	0.81
54	0.93
55	0.56
56	1.39
57	1.79
58	2.63
59	3.09
60	2.37
61	0.50
62	3.28
63	0.95
64	4.92
65	0.68
66	1.90
67	1.27
68	2.38
69	3.62
70	2.95
