1	0.71
2	1.12
3	1.74
4	4.71
5	2.54
6	2.69
7	2.25
8	0.26
9	4.14
10	2.65
11	4.95
12	2.56
13	0.74
14	4.22
15	4.89
16	3.75
17	3.02
18	3.71
19	3.77
20	1.57
21	0.65
22	2.60
23	0.32
24	4.59
25	2.55
26	4.99
27	4.17
28	3.32
29	0.59
30	0.68
31	1.76
32	2.53
33	0.36
34	4.93
35	4.04
36	2.63
37	1.80
38	4.01
39	1.73
40	4.15
41	0.60
42	3.66
43	2.59
44	4.42
45	1.37
46	3.76
47	1.06
48	0.18
49	4.90
50	3.77
51	4.85
52	4.94
53	3.45
54	1.05
55	0.66
56	1.51
57	2.57
58	2.97
59	3.07
60	0.26
61	2.94
62	3.78
63	1.51
64	4.13
65	0.38
66	4.60
67	0.26
68	2.20
69	0.76
70	0.70
71	1.11
72	1.62
73	0.79
74	0.65
75	2.82
76	3.85
77	4.63
78	0.10
79	0.87
80	0.42
81	1.67
82	0.13
