1	2.03
2	2.85
3	1.53
4	1.36
5	1.59
6	3.69
7	1.94
8	1.80
9	3.89
10	1.03
11	4.63
12	3.78
13	1.97
14	4.52
15	1.55
16	3.25
17	0.47
18	3.37
19	0.08
20	0.96
21	3.12
22	1.36
23	3.19
24	4.19
25	3.14
26	3.72
27	2.03
28	2.18
29	3.13
30	0.22
31	2.75
32	0.62
33	3.98
34	3.39
35	3.21
36	0.64
37	1.26
38	0.28
39	0.52
40	1.48
41	2.08
42	4.17
43	4.03
44	4.57
45	2.91
46	0.35
47	2.51
48	2.70
49	4.49
50	2.30
51	2.91
52	1.53
53	1.77
54	1.57
55	1.06
56	3.22
57	4.16
58	4.02
59	3.82
60	2.93
61	3.56
62	2.20
63	3.96
64	3.72
65	2.72
66	4.88
67	2.49
68	2.63
69	0.19
70	4.45
71	2.71
72	4.10
73	4.24
74	3.84
