1	3.21
2	1.64
3	3.81
4	0.88
5	1.71
6	3.01
7	0.54
8	4.36
9	3.50
10	1.02
11	4.86
12	3.41
13	4.76
14	3.98
15	4.10
16	3.92
17	4.24
18	0.48
19	1.40
20	2.20
21	2.35
22	3.23
23	1.35
24	0.46
25	2.14
26	2.49
27	4.61
28	0.16
29	1.17
30	1.94
31	2.92
32	0.78
33	2.35
34	0.23
35	1.63
36	3.12
37	0.66
38	0.43
39	2.42
40	2.66
41	4.36
42	2.78
43	2.24
44	4.29
45	0.66
46	0.24
47	4.33
48	4.16
49	1.30
50	2.69
51	4.00
52	0.33
53	0.17
54	0.33
55	2.32
56	2.73
57	4.45
58	2.19
59	1.18
60	3.70
61	4.47
62	0.11
63	2.57
64	0.10
65	0.86
66	1.87
67	1.67
68	2.47
69	2.64
70	2.08
71	4.34
72	4.18
73	0.90
74	1.73
75	2.14
76	2.32
77	3.90
78	2.54
79	0.44
80	4.25
81	1.41
82	0.41
83	1.45
84	1.59
85	2.42
86	3.36
87	3.77
88	1.79
89	3.12
90	1.24
91	2.93
92	3.17
93	3.04
94	2.98
95	1.64
96	4.16
97	3.64
98	2.64
99	1.72
