1	4.90
2	1.97
3	4.25
4	1.29
5	3.49
6	2.68
7	1.27
8	3.37
9	0.81
10	2.89
11	4.99
12	0.47
13	4.09
14	3.09
15	1.37
16	0.31
17	2.24
18	1.26
19	2.36
20	1.61
21	0.99
22	2.89
23	2.53
24	4.87
25	1.00
26	0.74
27	2.43
28	1.78
29	3.72
30	4.24
31	4.01
32	3.97
33	0.05
34	0.98
35	1.31
36	2.23
37	1.38
38	0.20
39	1.13
40	3.07
41	3.63
42	3.35
43	1.99
44	2.53
45	1.35
46	1.74
47	3.96
48	3.59
49	4.50
50	4.27
51	0.52
52	4.79
53	0.34
54	2.00
55	1.94
56	3.85
57	2.44
58	3.92
59	1.67
60	1.04
61	0.81
62	0.95
63	4.17
64	3.07
65	4.45
66	4.54
67	3.59
68	1.61
69	0.78
70	0.14
71	2.04
72	2.55
73	1.44
74	1.55
75	2.84
76	1.50
77	2.39
78	1.87
79	2.28
80	2.51
81	3.26
82	4.67
83	4.76
84	1.05
85	3.22
86	2.26
87	3.64
88	2.40
89	1.09
90	3.74
91	3.81
92	1.68
