1	4.17
2	4.37
3	3.93
4	4.85
5	2.75
6	1.41
7	2.50
8	3.13
9	0.97
10	4.66
11	0.80
12	4.45
13	1.16
14	4.78
15	1.67
16	2.37
17	0.96
18	4.98
19	1.96
20	3.23
21	0.38
22	3.62
23	4.35
24	0.04
25	2.81
26	0.37
27	4.20
28	0.53
29	4.19
30	0.86
31	3.56
32	2.28
33	4.73
34	1.88
35	4.72
36	2.76
37	0.32
38	2.41
39	2.64
40	2.61
41	0.42
42	1.05
43	2.36
44	0.42
45	2.21
46	3.49
47	2.71
48	0.23
49	0.77
50	3.31
51	1.75
52	4.97
53	0.21
54	4.57
55	1.50
56	1.36
57	1.89
58	2.14
59	4.60
60	3.46
61	1.78
62	1.17
63	0.65
64	0.82
65	4.14
66	1.31
67	4.52
68	1.82
69	2.97
70	4.50
71	0.65
72	2.31
73	0.39
74	1.79
75	0.00
76	2.13
77	2.53
78	2.93
79	2.01
80	2.76
81	0.73
82	0.45
83	0.60
84	3.26
85	4.41
86	1.08
87	3.23
88	1.46
89	3.37
90	2.33
