1	1.89
2	1.57
3	2.45
4	3.81
5	3.78
6	0.56
7	2.67
8	2.33
9	4.47
10	3.87
11	1.65
12	4.82
13	0.43
14	4.03
15	0.21
16	2.31
17	0.98
18	4.39
19	2.37
20	4.38
21	4.46
22	0.77
23	4.47
24	1.35
25	2.72
26	3.62
27	2.49
28	0.74
29	4.36
30	4.58
31	1.51
32	0.91
33	0.68
34	1.09
35	2.46
36	3.33
37	3.75
38	0.82
39	3.33
40	4.09
41	0.85
42	4.95
43	4.82
44	4.81
45	3.19
46	2.79
47	4.61
48	2.36
49	3.87
50	3.23
51	3.24
52	0.10
53	3.29
54	0.65
55	3.02
56	3.16
57	3.09
58	4.67
59	4.91
60	1.82
61	3.17
62	4.12
63	1.34
64	2.93
65	2.97
66	4.67
67	1.16
68	2.68
69	0.65
70	0.24
71	3.56
72	1.14
73	1.59
74	2.22
75	2.79
76	2.09
77	2.47
78	3.36
79	4.89
80	3.74
81	1.65
82	1.97
83	1.94
84	3.36
85	4.53
86	3.32
87	4.03
88	4.29
