0      3.18
1      4.27
2      1.65
3      4.04
4      4.74
5      4.03
6      1.24
7      3.93
8      3.15
9      4.79
10      4.63
11      1.17
12      3.29
13      2.98
14      3.82
15      2.47
16      2.31
17      3.00
18      2.95
19      .03
20      3.87
21      .52
22      .56
23      1.76
24      4.91
25      .89
26      .18
27      4.35
28      1.87
29      .57
30      1.82
31      2.27
32      2.44
33      4.57
34      2.72
35      .56
36      4.37
37      4.46
38      3.71
39      2.82
40      3.58
41      1.65
42      4.99
43      2.53
44      .10
45      1.16
46      3.15
47      1.98
48      2.24
49      4.51
50      2.09
51      .25
52      2.37
53      4.40
54      2.95
55      4.43
56      2.50
57      1.83
