0      .01
1      .15
2      1.89
3      .55
4      2.75
5      .76
6      4.48
7      3.57
8      1.75
9      3.97
10      3.12
11      1.43
12      3.35
13      3.35
14      3.93
15      1.53
16      4.24
17      3.38
18      3.11
19      .92
20      3.95
21      4.64
22      4.36
23      3.71
24      .17
25      3.71
26      4.39
27      2.71
28      4.28
29      4.04
30      2.92
31      2.59
32      4.37
33      3.64
34      3.56
35      .49
36      .85
37      4.79
38      2.04
39      2.82
40      .95
41      .72
42      3.59
43      4.91
44      3.45
45      1.77
