0      4.16
1      2.66
2      4.92
3      2.96
4      1.64
5      4.25
6      3.60
7      1.81
8      1.81
9      3.19
10      3.96
11      2.52
12      .98
13      4.00
14      1.22
15      2.39
16      4.15
17      1.08
18      1.43
19      4.32
20      1.74
21      .27
22      2.24
23      1.81
24      .87
25      .92
26      1.49
27      2.86
28      .15
29      2.90
30      .49
31      3.52
32      2.02
33      4.81
34      .77
35      2.19
36      3.18
37      .72
38      1.09
39      3.00
40      4.67
41      4.51
42      2.41
43      .78
44      4.26
