0      .01
1      4.09
2      4.65
3      .23
4      1.49
5      4.40
6      2.15
7      1.09
8      3.76
9      3.18
10      3.06
11      .60
12      2.69
13      .64
14      4.46
15      2.40
16      1.45
17      4.95
18      .43
19      2.28
20      1.82
21      4.68
22      2.17
23      3.08
24      1.62
25      2.40
26      .34
27      4.45
28      2.86
29      .99
30      1.13
31      4.71
32      1.85
33      1.15
34      3.01
35      3.03
36      .97
37      4.88
38      4.18
39      .01
40      3.84
41      4.30
42      1.01
43      1.50
44      .27
45      4.20
46      3.87
47      2.50
48      3.23
49      2.47
50      3.60
51      .72
52      2.09
53      .54
54      4.99
55      2.85
56      1.57
57      2.22
58      3.47
59      2.33
60      4.38
61      3.53
62      1.07
63      4.59
64      2.09
65      3.03
66      4.27
67      3.45
68      4.21
69      .45
70      2.83
71      .85
72      1.88
73      2.22
74      4.22
75      2.53
76      .24
77      2.96
78      1.69
79      4.29
80      2.24
81      3.32
82      1.13
83      2.00
84      3.52
85      1.13
86      2.59
87      .45
88      2.74
89      .86
90      .04
91      4.97
92      4.71
93      .20
94      2.51
95      1.07
