0      1.09
1      4.42
2      3.96
3      4.37
4      .37
5      2.67
6      2.02
7      3.24
8      4.44
9      4.09
10      1.12
11      4.08
12      1.10
13      1.18
14      .78
15      3.91
16      2.25
17      .12
18      2.46
19      4.14
20      3.88
21      2.63
22      1.49
23      1.78
24      1.77
25      2.89
26      1.94
27      3.67
28      2.45
29      1.43
30      2.46
31      3.77
32      1.58
33      .24
34      2.70
35      4.60
36      4.57
37      1.66
38      4.42
39      3.63
40      1.86
41      .90
42      2.01
43      4.61
44      4.26
45      4.72
46      1.50
47      3.70
48      2.90
49      1.50
50      2.49
51      1.06
52      2.00
53      4.28
54      3.57
55      .36
56      .45
57      4.12
58      1.57
59      2.46
60      2.97
61      4.55
62      3.25
63      3.83
64      2.06
65      .17
