0      1.06
1      1.43
2      1.93
3      4.64
4      3.80
5      3.39
6      4.38
7      2.41
8      2.62
9      .09
10      1.49
11      4.10
12      3.66
13      4.41
14      1.53
15      .96
16      2.33
17      .91
18      1.74
19      3.66
20      1.27
21      .19
22      .77
23      3.99
24      .47
25      1.96
26      .34
27      4.42
28      4.65
29      3.93
30      3.94
31      .60
32      4.61
33      .07
34      .91
35      1.42
36      3.08
37      2.76
38      3.26
39      .71
40      4.85
41      1.33
42      1.02
43      3.13
44      3.38
45      2.49
46      .26
47      .04
48      .20
49      2.27
50      4.34
51      4.60
52      1.05
53      4.32
54      1.30
55      3.84
56      1.49
57      3.05
58      3.05
59      4.22
60      4.66
61      .22
62      1.10
63      3.84
64      4.47
65      4.30
66      3.80
67      2.08
68      3.81
69      .55
70      4.76
71      4.34
72      3.87
73      1.56
74      .23
75      4.23
