0      3.81
1      2.91
2      3.12
3      4.25
4      2.88
5      4.74
6      4.16
7      4.43
8      .12
9      3.62
10      3.30
11      2.23
12      2.72
13      1.26
14      3.00
15      .47
16      .34
17      1.49
18      1.23
19      4.47
20      .87
21      3.57
22      4.84
23      3.40
24      .31
25      .36
26      .24
27      .53
28      2.82
29      3.45
30      .14
31      4.38
32      1.29
33      1.77
34      .61
35      3.76
36      4.36
37      4.85
38      2.21
39      .88
40      1.32
41      2.71
42      .46
43      4.06
44      2.05
45      .10
46      .39
47      2.96
48      .98
49      2.73
50      2.69
51      4.53
52      1.06
53      1.56
54      1.77
55      1.13
56      .52
57      2.91
58      4.70
59      1.97
60      .37
61      .26
62      3.93
63      3.74
64      1.93
65      .68
66      .68
67      2.46
68      .36
69      2.08
70      .18
71      1.33
72      1.91
73      1.23
74      1.28
75      1.56
76      .31
77      3.78
