0      .80
1      1.19
2      3.68
3      .06
4      1.18
5      4.66
6      2.13
7      2.80
8      4.26
9      3.63
10      2.53
11      1.09
12      1.86
13      .27
14      3.52
15      3.02
16      4.00
17      3.88
18      3.65
19      .53
20      1.89
21      2.31
22      3.87
23      1.53
24      3.38
25      3.23
26      3.83
27      1.29
28      2.76
29      2.70
30      3.00
31      2.35
32      1.87
33      2.65
34      2.49
35      3.57
36      .62
37      2.32
38      3.72
39      3.78
40      4.57
41      2.49
42      .49
43      4.39
44      1.62
45      1.48
46      4.22
47      .45
48      1.88
49      2.60
50      3.36
51      1.49
52      .33
53      3.90
54      .55
55      4.96
56      4.68
57      4.00
58      3.32
59      3.57
60      4.82
61      1.77
62      1.47
63      3.22
64      1.51
65      4.49
66      0
67      1.13
68      2.80
69      .07
70      3.55
71      4.56
72      1.60
73      2.94
74      3.05
75      3.14
