0      2.17
1      .13
2      .53
3      1.97
4      2.67
5      3.52
6      .21
7      4.72
8      4.88
9      4.18
10      .07
11      2.33
12      2.06
13      4.04
14      3.78
15      2.25
16      4.97
17      2.03
18      2.73
19      4.53
20      1.27
21      1.83
22      3.38
23      4.66
24      2.66
25      3.45
26      1.17
27      2.45
28      .16
29      1.39
30      .79
31      3.13
32      .20
33      4.73
34      .31
35      3.83
36      1.80
37      1.91
38      2.19
39      2.63
40      .66
41      4.04
