0      1.91
1      3.92
2      1.84
3      1.04
4      3.86
5      .95
6      2.21
7      .14
8      3.58
9      4.30
10      1.02
11      2.25
12      3.63
13      1.70
14      4.66
15      1.00
16      1.13
17      .36
18      .14
19      3.45
20      2.67
21      3.10
22      .14
23      1.73
24      4.79
25      4.38
26      .44
27      .91
28      1.74
29      2.71
30      .03
31      1.57
32      4.97
33      4.30
34      3.00
35      4.73
36      4.65
37      2.89
38      1.74
39      2.44
40      1.02
41      1.03
42      .18
43      3.79
44      2.78
45      2.96
46      .57
47      4.30
48      .36
49      .27
50      1.26
51      3.37
52      1.45
53      4.65
54      .25
55      .45
56      .05
57      3.05
58      3.39
59      4.74
60      4.47
61      3.53
62      1.23
63      1.40
64      2.25
65      .91
66      3.61
67      2.30
68      2.48
69      .59
70      4.96
71      3.06
72      1.21
73      1.70
74      2.53
75      3.14
76      2.34
77      .14
78      3.39
