0      4.48
1      3.22
2      2.98
3      1.80
4      1.95
5      .35
6      1.91
7      2.16
8      2.33
9      3.99
10      3.03
11      1.48
12      4.15
13      .96
14      3.26
15      3.86
16      3.40
17      3.28
18      2.23
19      1.85
20      4.08
21      2.89
22      3.49
23      4.75
24      .61
25      3.28
26      4.19
27      4.59
28      4.15
29      4.82
30      .31
31      2.39
32      2.88
33      3.31
34      .63
35      3.89
36      2.70
37      3.20
38      4.58
39      2.49
40      .84
41      .96
42      .38
43      2.53
44      .12
45      4.13
46      .16
47      3.08
48      1.25
49      2.55
50      1.55
51      1.83
52      3.04
53      4.08
54      .20
55      2.44
56      2.16
57      4.34
58      2.72
59      .75
