0      4.40
1      .01
2      1.37
3      1.05
4      4.20
5      2.04
6      2.40
7      4.52
8      4.00
9      2.50
10      4.86
11      1.07
12      4.19
13      .82
14      3.95
15      2.30
16      4.34
17      3.94
18      1.15
19      .91
20      3.62
21      3.81
22      3.95
23      0
24      4.07
25      2.84
26      1.98
27      4.87
28      2.46
29      1.08
30      1.78
31      .90
32      2.85
33      .23
34      .84
35      4.40
36      4.79
37      2.33
38      2.16
39      1.78
40      3.92
41      1.37
42      3.49
43      4.60
44      4.00
45      3.06
