0      .18
1      3.46
2      .31
3      4.33
4      .14
5      3.65
6      2.82
7      2.11
8      4.83
9      3.17
10      3.74
11      2.59
12      4.82
13      4.68
14      3.28
15      1.63
16      3.52
17      1.04
18      .70
19      4.49
20      3.34
21      3.94
22      3.20
23      2.24
24      1.15
25      4.19
26      3.36
27      3.07
28      2.73
29      2.67
30      .53
31      1.79
32      .32
33      2.31
34      4.90
35      .32
36      .79
37      1.96
38      3.04
39      2.67
40      .20
41      2.28
42      .51
43      2.69
44      1.45
45      3.44
46      1.84
47      .20
48      3.54
49      4.59
50      4.37
51      3.47
52      2.24
53      1.75
54      1.58
55      .93
56      .43
57      0
58      2.46
59      2.13
60      4.68
61      4.30
