0      .45
1      2.64
2      1.47
3      .62
4      1.99
5      4.20
6      1.64
7      1.93
8      .14
9      3.96
10      2.77
11      3.60
12      2.30
13      .70
14      1.63
15      .27
16      .62
17      3.67
18      4.89
19      .32
20      .90
21      3.88
22      1.85
23      2.27
24      3.96
25      2.50
26      2.39
27      2.88
28      3.78
29      4.93
30      2.83
31      .03
32      4.94
33      3.58
34      2.82
35      3.24
36      1.30
37      2.94
38      .47
39      4.27
40      1.27
41      2.14
42      2.97
43      3.00
44      .50
45      .41
46      3.10
47      4.90
48      3.57
49      4.14
50      4.05
51      2.06
52      .26
53      3.31
54      .89
55      3.97
56      .03
57      2.86
58      3.56
59      .27
60      .56
61      .27
62      .47
63      4.02
64      3.16
65      .78
66      2.35
67      .10
68      .72
69      3.48
70      4.78
