0      2.93
1      2.82
2      2.66
3      1.13
4      4.13
5      .35
6      4.47
7      2.39
8      2.85
9      3.15
10      1.45
11      .40
12      2.23
13      3.77
14      .03
15      3.76
16      1.32
17      4.13
18      4.08
19      2.68
20      .75
21      3.51
22      3.85
23      .27
24      1.67
25      2.21
26      .78
27      .76
28      4.64
29      2.72
30      .11
31      4.43
32      1.59
33      4.35
34      .56
35      2.77
36      .78
37      .89
38      2.21
39      4.09
40      4.34
41      .14
42      1.78
43      1.03
44      2.89
45      1.93
46      3.11
47      3.73
48      1.39
49      4.91
50      3.34
51      3.55
52      3.63
53      1.41
54      .60
55      2.87
56      2.11
57      2.18
58      .37
59      2.78
60      1.35
61      1.39
62      3.02
63      2.55
64      3.03
65      2.35
66      2.41
67      .73
68      3.61
69      1.25
70      3.35
71      2.32
72      4.39
73      3.73
74      .72
75      4.19
76      4.33
77      1.13
78      4.26
79      .48
80      .88
81      .33
82      4.17
83      3.73
84      3.96
85      1.51
86      3.69
87      1.01
88      1.60
89      4.16
90      .11
91      2.29
92      .97
93      3.91
