0      3.06
1      4.03
2      1.73
3      2.11
4      .98
5      3.78
6      2.61
7      2.54
8      1.12
9      2.69
10      1.74
11      4.48
12      1.51
13      2.32
14      3.88
15      1.65
16      3.39
17      4.36
18      .92
19      2.02
20      2.20
21      1.70
22      1.14
23      1.19
24      3.40
25      2.42
26      2.82
27      1.01
28      3.76
29      2.26
30      1.75
31      4.92
32      4.75
33      3.66
34      .43
35      4.22
36      .08
37      2.97
38      1.15
39      1.61
40      4.20
41      .16
42      .45
43      .87
44      3.94
45      3.31
46      2.87
47      3.20
48      4.39
49      1.05
50      1.56
51      2.65
52      2.78
53      3.40
54      3.12
55      1.78
56      1.17
57      2.65
58      4.46
59      4.80
60      4.01
61      2.53
62      1.76
63      2.33
64      2.26
65      2.31
66      4.20
67      3.34
68      2.03
69      4.92
70      4.67
71      3.57
72      3.17
73      3.63
74      3.26
75      2.05
76      1.09
77      2.37
