2806	1.49
5587	0.89
2313	0.94
3837	2.97
2110	1.98
2156	3.69
4751	0.10
9811	3.04
3953	1.13
4939	4.16
4699	4.75
9487	0.43
529	4.45
2680	2.57
7015	0.64
2030	2.09
594	4.43
5235	2.36
3462	0.37
7690	3.28
6036	1.05
7994	0.19
7431	0.21
1631	2.26
8397	4.63
6558	0.51
3600	4.07
2571	3.01
6519	4.77
2912	1.65
7753	2.65
9864	0.87
610	2.18
2413	1.55
2965	2.21
5329	1.95
1328	2.84
9771	0.50
2269	0.99
8310	1.05
3483	3.37
7529	0.93
8355	2.91
3555	0.21
8915	2.39
8559	4.98
6275	2.66
5464	4.47
1990	0.52
2575	2.04
2534	3.58
4376	2.71
8860	0.70
7853	3.06
1525	2.52
6022	0.48
1963	1.43
2274	4.49
7799	4.86
4349	2.27
3624	4.08
5807	4.75
4425	4.25
7270	4.92
2067	4.79
6096	3.67
8891	1.35
4384	0.82
2896	4.10
3996	2.27
9549	1.64
2028	2.50
9130	0.82
1447	1.08
8418	1.35
6242	1.56
7365	3.47
5828	2.87
