6600	2.72
1042	2.20
246	4.11
8041	2.96
62	2.38
590	4.69
383	0.74
6352	0.81
1224	3.89
1489	5.00
2659	0.40
9406	2.62
6692	0.27
4052	2.47
2167	2.83
2119	4.83
6453	2.52
1576	1.24
4625	3.05
9313	0.39
8918	1.58
1545	1.57
8352	0.65
6021	1.20
8952	4.54
4096	1.32
2051	1.15
6100	2.56
9950	3.16
5627	2.91
7337	2.54
4952	1.90
2329	0.62
9590	3.43
2921	2.91
3108	2.55
9422	3.03
727	2.49
899	0.82
2808	3.66
7109	3.34
4956	4.16
965	3.79
7246	1.97
4947	1.10
8100	2.74
9249	1.80
6637	0.30
392	4.55
1699	0.46
275	1.42
8946	3.10
797	3.50
3974	4.07
2484	2.16
3777	4.71
777	4.25
9842	2.57
8247	4.40
1177	3.97
2453	1.65
9904	3.14
9662	0.19
9218	4.50
1958	4.73
4564	0.92
718	3.88
5596	4.51
9139	1.48
2911	0.97
295	4.29
3139	1.97
7426	2.93
5969	1.70
2699	3.86
739	4.40
5520	4.85
4581	2.75
1646	3.38
7675	0.56
1146	1.85
9754	4.64
2985	4.31
8739	2.35
1158	1.79
1904	4.22
7744	0.45
834	2.51
1523	0.88
759	3.85
9743	2.76
2697	4.26
981	0.46
7317	0.47
302	4.33
4697	4.80
7722	0.00
878	1.20
7465	3.87
