5120	0.62
7381	1.80
778	2.34
3470	3.34
1634	1.02
6231	0.18
942	0.00
7687	3.84
5678	3.78
9438	3.33
6872	4.43
276	3.77
4241	4.06
3256	4.63
7981	2.68
8900	3.14
2476	1.94
5051	1.33
2241	0.68
5542	3.43
2259	0.36
3213	1.94
8168	3.30
8514	3.96
2522	0.09
6631	4.29
2958	0.32
6190	2.96
9351	2.29
7877	3.39
7604	2.18
245	1.98
5364	4.80
1120	2.11
2149	2.74
2571	0.84
1335	1.13
5969	0.31
1255	2.07
8592	1.37
9427	0.19
9115	3.80
741	4.06
1511	3.09
4361	1.09
6873	1.78
2216	0.30
9559	2.72
2133	3.69
2199	1.77
640	4.32
1516	4.85
1852	0.73
9717	2.29
9507	4.77
8613	0.49
7988	2.73
2865	3.38
7199	2.36
6269	1.79
3560	2.58
6036	0.51
9648	4.22
9545	3.28
5439	2.98
3505	4.28
7702	3.13
6949	1.47
6818	3.83
9864	2.47
7196	3.49
3806	3.51
2265	1.85
9587	1.82
3573	3.98
8097	0.99
8630	0.03
9989	2.19
2576	3.21
