4750	1.96
2	0.92
464	0.96
695	4.40
6642	2.35
1287	3.38
110	0.62
5762	2.39
9848	3.97
3780	3.57
9116	1.47
8501	1.01
4607	3.89
95	4.42
781	3.07
6232	0.00
9509	4.40
1914	3.73
6889	2.83
9743	2.02
2751	4.79
8212	2.47
7304	1.70
7405	0.94
6107	3.80
2975	3.70
1314	1.78
1587	2.24
6292	2.63
440	3.56
2893	1.25
8244	4.89
901	1.09
3087	0.76
9155	4.89
6731	0.96
2113	4.35
9380	3.18
1912	0.28
1673	1.57
2855	2.86
2419	0.72
7811	3.60
2157	0.95
6030	0.66
7716	4.82
6614	4.31
1648	1.14
9642	1.24
3257	2.47
1744	1.02
1459	0.55
7706	3.21
6995	3.52
2731	3.48
1672	4.91
6963	0.50
1224	4.99
2040	4.08
5420	4.41
4433	0.94
6262	4.21
2590	4.05
3370	2.13
