1065	1.37
5032	2.27
1885	1.29
680	3.87
45	0.75
3279	3.72
3403	0.47
5825	4.49
7001	4.46
4814	1.43
8535	2.61
7635	0.77
9090	3.81
8096	2.64
6528	2.74
3120	4.64
2253	3.10
6967	2.00
9669	2.54
258	2.89
4848	3.84
9038	0.71
6211	2.59
5145	2.70
1896	1.24
424	3.05
376	3.57
1834	2.92
7214	4.70
6140	1.97
6834	4.36
8048	4.70
3108	1.96
1638	2.27
3478	1.58
7274	3.79
4125	0.27
4526	4.58
2963	0.76
6467	2.63
8806	1.20
8982	1.56
6331	0.20
7397	0.36
6748	3.00
1230	3.85
3843	2.89
7467	2.29
4725	0.29
289	1.62
3396	2.97
2365	0.35
6624	4.77
2142	3.92
6751	2.15
9609	4.48
4245	2.61
