1558	2.58
6893	1.28
9032	1.96
480	2.86
9185	1.86
888	3.36
5318	1.15
5915	4.92
9510	4.18
752	2.09
5668	4.80
7808	1.09
41	2.30
7004	4.50
6780	2.78
6047	1.42
5568	3.20
1767	3.02
2292	4.27
1254	0.61
3204	1.09
5136	1.24
8420	4.14
2436	1.55
2609	1.52
9921	0.70
6993	1.37
8929	1.20
2768	2.31
1039	3.74
6429	4.39
1973	1.84
140	2.94
5978	3.77
5782	2.31
2040	2.72
6626	0.32
6798	3.61
6966	2.67
2129	3.69
5747	4.64
1818	2.00
8600	1.31
4003	0.85
415	3.76
6070	4.18
4381	2.09
4797	0.62
5958	4.29
3666	4.76
4598	0.72
8732	3.02
628	0.99
2005	3.30
4885	3.16
8597	2.32
3307	1.27
3924	3.98
8482	2.57
7217	4.95
4583	2.45
1113	1.50
3953	3.77
7584	0.54
1660	0.67
90	0.63
