6961	1.34
6362	0.11
9679	1.14
8998	3.82
9461	0.58
5297	3.80
2534	1.36
221	1.64
6573	0.16
7384	2.49
6092	2.97
8047	1.24
6266	1.91
1942	2.77
6285	2.10
6060	4.55
610	4.90
5440	3.44
3966	2.09
5342	2.30
3862	4.04
3359	0.99
442	1.26
7392	2.84
1543	0.59
8121	0.97
5049	2.70
8067	0.78
8124	1.76
3403	3.69
9458	0.32
3092	3.80
9809	3.07
1332	4.32
51	4.27
8501	3.75
8028	2.30
448	4.49
8522	4.91
3031	2.02
6656	1.27
132	4.53
29	5.00
111	3.05
2892	1.31
931	3.88
8545	1.53
4882	0.85
303	3.85
2203	4.57
866	3.25
8440	2.89
3643	0.60
4247	0.45
9413	0.36
676	4.51
4486	2.38
8667	1.73
6652	1.46
4800	3.99
4164	3.96
5743	4.47
3383	1.63
2845	1.38
2142	4.39
5242	3.06
8022	0.64
