3873	2.71
4995	0.48
1436	1.12
2743	3.45
8951	1.75
3191	2.08
5705	2.29
8732	2.44
2922	0.23
4745	0.92
8523	4.98
7685	3.99
1824	3.87
7816	4.05
2401	4.12
9126	0.01
7922	2.07
5931	0.59
9392	1.46
3003	4.19
3629	2.15
7090	4.21
2552	3.68
5978	2.34
432	1.63
8750	1.30
9211	1.72
1241	3.69
1096	2.25
6902	3.52
4933	1.14
4414	4.93
4928	3.79
6935	2.26
8811	3.06
1675	4.76
7640	0.71
5993	4.27
702	3.68
942	1.79
3968	1.92
1354	3.86
1695	1.00
3443	4.10
2934	3.23
3040	0.94
925	0.97
9179	3.89
3750	3.28
9464	1.55
8121	3.98
7489	2.18
5249	0.97
1539	4.95
1283	2.45
3704	4.95
570	2.02
3296	0.39
7060	2.00
1506	2.19
157	0.64
9055	3.16
906	3.22
2144	1.84
6935	1.97
1478	4.27
6273	0.00
9147	0.34
1271	2.89
185	0.57
730	0.99
6113	0.26
2759	2.06
9219	2.84
1444	2.12
6963	0.54
1555	3.37
2461	3.01
3688	1.93
1558	0.27
7444	4.05
4028	2.19
9129	4.77
4217	4.06
8437	2.38
5942	0.59
186	1.83
6232	1.47
7266	0.58
1813	4.85
792	2.54
4303	4.83
9438	4.05
3964	4.33
2275	2.80
4514	0.16
6868	0.69
