289	0.89
3205	4.28
1692	3.42
1837	3.98
474	2.80
8464	1.15
8557	4.11
3194	3.21
1626	3.40
1017	1.93
217	3.26
5102	2.90
4868	2.41
959	0.71
4999	2.80
689	4.90
9092	4.69
7975	0.17
9258	4.68
7918	0.96
8092	1.57
5539	2.02
2460	4.07
4751	1.71
8159	4.45
1372	0.59
9020	4.50
6513	4.28
2837	2.63
1689	3.96
5568	1.48
1424	3.46
2995	0.56
984	0.98
4431	3.75
6882	0.42
2883	3.34
9837	0.38
565	3.10
231	4.45
6044	3.84
2243	0.61
1009	0.61
8044	3.34
9720	4.10
8129	1.44
1428	3.06
7476	4.02
1571	4.54
8324	4.84
2253	2.28
4799	0.83
8267	4.63
2981	4.67
5416	0.20
9083	1.16
9634	0.70
1960	4.11
7552	1.75
8747	4.17
321	2.56
6576	2.74
802	4.51
2333	2.31
9189	3.57
6017	0.92
3374	4.49
7116	4.35
4955	1.61
6323	0.29
2448	3.28
3828	1.79
5658	2.65
1224	0.95
6722	1.66
7548	1.17
9117	2.53
2145	1.51
9825	1.76
2457	2.89
299	2.82
4118	3.34
3404	2.75
2217	3.41
8430	1.66
6670	3.90
9460	4.82
8466	0.71
9438	4.56
7212	0.14
1719	3.78
7560	0.34
9013	0.55
6361	1.63
8849	0.72
2027	3.81
2541	3.08
5609	4.83
4374	2.02
