0      3.00
1      3.86
2      4.34
3      .70
4      3.53
5      3.50
6      .12
7      .30
8      3.51
9      2.80
10      1.11
11      4.73
12      3.02
13      1.36
14      .11
15      1.53
16      2.62
17      2.23
18      4.33
19      .41
20      2.50
21      2.15
22      3.39
23      .56
24      3.73
25      1.20
26      2.52
27      4.80
28      4.11
29      4.78
30      3.16
31      1.15
32      2.31
33      1.77
34      .08
35      1.27
36      4.00
37      1.36
38      3.40
39      1.50
40      2.84
41      3.39
42      .14
43      2.39
44      3.26
45      .88
46      3.97
47      4.26
48      2.20
49      .82
50      3.92
51      3.03
52      .15
53      3.97
54      2.44
55      3.21
56      1.52
57      .19
58      4.18
59      .78
60      2.54
61      3.32
62      2.87
63      2.38
64      4.09
65      4.29
66      4.61
67      1.76
68      1.85
69      3.88
70      .41
71      3.19
72      2.14
73      2.45
74      3.97
75      2.06
76      1.37
77      4.59
78      4.13
79      2.92
80      4.79
81      3.67
82      .21
83      3.44
84      4.79
