0      3.56
1      2.34
2      .78
3      4.34
4      4.21
5      3.21
6      2.31
7      1.51
8      1.75
9      3.64
10      1.33
11      3.05
12      4.61
13      1.57
14      4.10
15      1.21
16      2.02
17      3.05
18      2.91
19      4.84
20      3.88
21      4.75
22      .11
23      4.26
24      4.80
25      3.06
26      .83
27      .56
28      4.07
29      2.78
30      4.23
31      3.58
32      .73
33      .48
34      4.80
35      .92
36      4.63
37      3.04
38      4.96
39      4.11
40      .77
41      1.79
42      3.43
43      2.84
44      .27
45      3.22
46      4.28
47      .94
48      1.04
49      2.29
50      3.55
51      4.51
52      4.65
53      4.68
54      1.30
55      1.12
56      .05
57      .78
58      1.95
59      3.33
60      .04
61      3.47
62      4.32
63      4.00
64      .93
65      .56
66      4.94
67      3.55
68      3.40
69      .09
70      3.08
