0      3.66
1      2.81
2      3.13
3      4.48
4      .82
5      1.54
6      2.31
7      2.20
8      .60
9      3.90
10      .51
11      .71
12      2.87
13      3.45
14      .32
15      4.67
16      3.75
17      1.55
18      1.12
19      .37
20      2.96
21      4.57
22      2.66
23      3.78
24      4.07
25      3.58
26      3.78
27      3.15
28      .06
29      .23
30      3.54
31      3.22
32      2.18
33      1.07
34      3.14
35      3.76
36      .59
37      1.08
38      .36
39      3.94
40      3.03
41      2.17
42      3.67
43      4.69
44      4.95
45      4.65
46      .71
47      2.07
48      .47
49      1.15
50      .26
51      3.57
52      0
53      3.85
