0      3.49
1      .03
2      4.58
3      4.63
4      1.98
5      3.97
6      1.51
7      2.93
8      4.69
9      2.09
10      4.58
11      2.85
12      2.83
13      2.39
14      2.59
15      4.00
16      2.09
17      3.54
18      1.59
19      3.95
20      2.00
21      4.12
22      .71
23      .27
24      3.63
25      4.00
26      1.98
27      4.76
28      1.02
29      4.14
30      .11
31      .63
32      2.78
33      4.23
34      4.00
35      1.53
36      1.05
37      .83
38      1.20
39      4.90
40      .74
41      1.00
42      .51
43      4.48
44      2.78
45      2.86
46      3.23
47      1.61
48      .46
49      3.66
50      .07
51      3.32
52      .92
53      1.57
54      4.01
55      1.57
56      .67
57      .15
58      3.56
59      3.02
60      .91
61      2.86
62      2.71
63      2.47
64      .30
65      4.83
66      3.55
67      3.98
68      4.69
69      2.48
70      .46
71      3.98
72      1.39
73      1.06
74      .95
75      1.71
76      2.00
77      4.39
78      4.47
79      4.27
80      3.08
81      2.21
82      2.80
