0      2.41
1      4.00
2      .67
3      1.07
4      .19
5      1.55
6      1.17
7      .25
8      2.67
9      4.92
10      4.25
11      3.09
12      4.25
13      3.96
14      3.59
15      3.32
16      3.14
17      .24
18      4.24
19      4.33
20      2.25
21      2.69
22      1.53
23      3.06
24      .20
25      1.18
26      3.62
27      2.93
28      2.37
29      1.44
30      .38
31      2.63
32      2.12
33      2.36
34      .79
35      4.59
36      4.56
37      .26
38      .99
39      2.65
40      .82
41      .54
42      .07
43      2.85
44      3.38
45      4.48
46      .57
47      .58
48      4.91
49      1.92
50      1.21
51      4.50
52      3.62
53      3.79
54      3.56
55      1.92
56      1.87
57      3.23
58      .17
59      2.40
60      4.99
61      2.66
62      .82
63      .05
64      4.69
65      .02
66      1.92
67      1.02
68      3.57
69      1.33
70      1.18
