0      .72
1      2.43
2      4.00
3      .69
4      .04
5      .90
6      4.66
7      2.83
8      3.59
9      3.66
10      4.55
11      2.16
12      3.77
13      3.16
14      4.72
15      2.20
16      2.04
17      .04
18      .43
19      3.14
20      4.64
21      2.59
22      4.75
23      .09
24      3.66
25      4.45
26      3.56
27      1.21
28      3.51
29      2.85
30      .52
31      1.56
32      1.00
33      3.91
34      4.91
35      3.80
36      4.89
37      .52
38      2.42
39      1.48
40      1.98
41      4.68
42      1.79
43      3.52
44      3.42
45      4.01
46      3.35
47      3.31
48      2.21
49      .15
50      2.22
51      4.92
52      3.91
53      2.16
54      4.49
55      4.89
56      .55
57      3.38
58      2.18
59      1.20
60      4.52
61      2.29
62      3.62
63      4.26
64      3.77
65      .31
66      4.01
67      1.58
68      1.33
69      4.06
70      2.95
71      1.61
72      2.14
73      .40
74      1.30
75      4.64
76      4.60
77      .71
78      2.55
79      3.15
