0      2.05
1      2.74
2      .86
3      1.34
4      4.85
5      .90
6      1.69
7      .76
8      2.37
9      1.88
10      2.07
11      1.91
12      .91
13      .02
14      .01
15      3.50
16      2.92
17      4.62
18      2.88
19      1.63
20      .68
21      4.85
22      1.64
23      .57
24      1.74
25      2.19
26      3.52
27      4.05
28      4.24
29      3.39
30      .51
31      3.62
32      2.21
33      2.17
34      4.20
35      1.02
36      .65
37      3.39
38      3.63
39      3.60
40      .46
41      .44
42      4.96
43      .12
44      .73
45      1.15
46      4.95
47      4.07
48      2.77
49      4.26
50      1.66
51      2.93
52      4.86
53      2.50
54      3.93
55      .12
56      2.95
57      2.16
58      4.30
59      4.77
