0      .81
1      2.26
2      1.81
3      4.66
4      3.89
5      2.74
6      2.40
7      4.89
8      .13
9      .68
10      .84
11      .56
12      2.01
13      4.24
14      2.76
15      1.10
16      3.79
17      3.81
18      1.26
19      3.57
20      1.90
21      1.37
22      .34
23      3.89
24      .11
25      2.14
26      2.12
27      1.51
28      3.77
29      3.55
30      2.14
31      .74
32      .65
33      .43
34      1.84
35      4.70
36      2.79
37      2.93
38      2.53
39      4.96
40      1.04
41      4.28
42      2.03
43      2.73
44      .85
45      4.74
46      4.28
47      .78
48      .47
49      3.58
50      1.21
51      2.54
52      4.11
53      1.70
54      1.81
55      1.12
56      1.87
57      1.82
58      1.65
59      2.22
60      2.32
61      4.91
62      2.50
