0      3.22
1      2.53
2      3.37
3      1.56
4      4.86
5      4.32
6      .31
7      .81
8      2.79
9      1.39
10      1.31
11      1.56
12      4.61
13      .93
14      2.88
15      4.58
16      .22
17      .68
18      4.44
19      .07
20      4.15
21      1.59
22      4.52
23      2.74
24      2.76
25      4.21
26      2.83
27      1.12
28      4.20
29      2.55
30      .34
31      3.26
32      4.58
33      3.32
34      2.48
35      2.41
36      .01
37      .37
38      2.18
39      2.57
40      2.94
41      2.77
42      3.73
43      4.91
44      2.42
45      3.10
46      1.03
47      4.47
48      4.89
49      3.63
50      3.46
51      3.09
52      4.63
53      3.46
54      2.84
55      2.08
56      1.72
57      .70
58      4.03
59      1.10
60      3.09
61      3.61
62      3.86
63      2.79
64      .90
65      1.02
66      1.61
67      3.28
68      4.33
69      2.32
70      2.60
71      1.82
72      3.76
73      4.52
74      .26
75      4.17
76      3.26
77      3.95
