0      .96
1      1.26
2      .35
3      2.17
4      4.87
5      2.68
6      1.50
7      1.77
8      4.23
9      1.29
10      4.74
11      1.04
12      2.66
13      4.22
14      .21
15      2.22
16      4.47
17      1.55
18      2.85
19      4.66
20      3.04
21      .13
22      1.93
23      3.68
24      3.08
25      1.13
26      3.88
27      4.72
28      3.18
29      1.72
30      1.57
31      2.78
32      1.23
33      2.16
34      2.90
35      3.30
36      2.36
37      3.73
38      4.62
39      3.07
40      3.98
41      .82
42      2.70
43      2.04
44      .98
45      2.10
46      1.47
47      3.53
48      2.28
49      2.85
50      1.74
51      4.23
52      4.29
53      2.10
54      3.70
55      3.56
56      1.00
57      1.13
58      2.52
59      2.25
60      1.55
61      .68
62      .57
63      3.16
64      .38
65      4.20
66      2.16
67      4.86
