0      1.66
1      .08
2      1.51
3      .52
4      .05
5      2.63
6      4.63
7      .25
8      1.41
9      2.71
10      4.14
11      3.16
12      1.83
13      1.85
14      4.14
15      2.43
16      3.84
17      2.16
18      2.07
19      1.41
20      3.41
21      1.07
22      3.16
23      .45
24      3.14
25      4.04
26      3.78
27      3.99
28      4.92
29      2.36
30      .60
31      1.47
32      4.82
33      1.77
34      .61
35      2.19
36      3.02
37      .54
38      1.94
39      1.69
40      3.25
41      3.34
42      1.97
43      1.49
44      3.82
45      3.40
46      3.25
47      2.82
48      1.96
49      .74
50      .92
51      3.51
52      2.05
53      3.52
54      3.39
55      3.29
56      .29
