0      3.76
1      1.68
2      2.83
3      1.93
4      4.76
5      .06
6      .93
7      2.10
8      2.66
9      3.08
10      1.62
11      2.03
12      2.85
13      3.36
14      4.13
15      1.21
16      .80
17      .41
18      1.84
19      1.85
20      4.30
21      3.18
22      3.93
23      4.44
24      1.66
25      2.21
26      1.37
27      .71
28      1.81
29      2.64
30      1.38
31      .19
32      .57
33      1.58
34      2.26
35      .30
36      2.31
37      3.34
38      .98
39      3.31
40      1.94
41      1.48
42      2.25
43      2.07
44      2.78
45      3.24
46      2.67
47      3.95
48      3.89
49      3.44
50      2.36
51      4.06
52      3.28
53      2.51
54      3.28
55      2.52
56      1.61
57      1.53
58      .43
59      3.59
60      4.00
61      .28
62      3.14
63      4.08
64      4.20
65      .45
66      .17
67      .83
68      3.74
69      .97
70      2.64
71      2.38
72      4.45
73      .12
74      4.35
75      2.29
76      .91
77      1.42
78      1.88
79      2.37
80      2.29
81      4.99
82      1.56
83      2.02
