0      4.83
1      4.63
2      3.79
3      2.67
4      2.76
5      4.03
6      2.73
7      4.65
8      1.69
9      2.10
10      3.73
11      3.28
12      2.00
13      1.83
14      2.44
15      3.56
16      1.08
17      4.36
18      1.08
19      4.69
20      3.48
21      2.02
22      1.70
23      4.54
24      .50
25      1.51
26      1.26
27      2.84
28      .18
29      4.64
30      2.81
31      2.65
32      3.75
33      4.95
34      2.92
35      1.74
36      2.56
37      1.46
38      4.50
39      1.67
40      3.87
41      1.39
42      3.17
43      2.45
44      4.40
45      .85
46      4.63
47      3.17
48      3.11
49      1.46
50      3.08
51      .16
52      .41
53      1.94
54      4.31
55      2.49
56      3.29
