0      3.09
1      4.99
2      3.26
3      2.94
4      2.81
5      1.89
6      1.97
7      .78
8      4.09
9      .01
10      2.04
11      4.53
12      4.95
13      3.36
14      2.42
15      .66
16      2.25
17      1.10
18      3.12
19      3.21
20      3.85
21      2.30
22      4.57
23      3.08
24      3.74
25      3.90
26      3.47
27      2.50
28      3.80
29      3.35
30      2.04
31      4.14
32      3.17
33      4.52
34      .87
35      3.60
36      4.26
37      1.06
38      4.89
39      4.44
40      4.46
41      2.69
42      1.35
43      .03
44      3.66
45      .45
46      3.83
47      1.79
48      1.75
49      2.46
