0      1.68
1      3.52
2      4.88
3      4.31
4      4.07
5      3.24
6      3.68
7      2.89
8      1.03
9      .21
10      4.42
11      3.26
12      2.63
13      .23
14      2.76
15      4.05
16      .71
17      3.93
18      3.21
19      2.97
20      1.23
21      3.80
22      1.89
23      2.64
24      1.98
25      2.09
26      3.78
27      3.20
28      1.34
29      3.96
30      2.99
31      2.77
32      .06
33      4.54
34      4.73
35      4.07
36      1.41
37      .17
38      1.15
39      1.66
40      2.08
41      3.88
42      4.31
43      1.58
44      3.62
45      4.74
46      4.52
47      4.44
48      .60
49      1.30
50      .21
51      1.03
52      3.70
53      4.42
54      4.92
55      4.99
56      1.53
57      3.60
58      2.19
59      .56
60      3.64
61      3.05
62      2.67
63      3.16
64      4.39
65      4.59
66      2.15
67      3.18
68      4.54
69      3.65
70      3.29
