0      3.59
1      4.38
2      3.70
3      1.31
4      2.17
5      4.90
6      2.58
7      1.59
8      1.87
9      4.87
10      2.58
11      3.30
12      .57
13      1.38
14      .66
15      1.68
16      2.98
17      1.67
18      1.32
19      4.43
20      4.21
21      3.00
22      4.38
23      4.29
24      2.18
25      1.95
26      .70
27      3.58
28      4.41
29      .75
30      2.93
31      .06
32      4.91
33      3.08
34      4.19
35      3.26
36      4.90
37      1.00
38      2.51
39      4.73
40      1.44
41      2.68
42      4.55
43      1.23
44      2.23
45      3.86
46      .04
47      3.14
48      4.70
49      1.61
50      4.04
51      .28
52      1.44
53      2.27
54      1.44
55      3.92
56      1.38
57      4.96
58      .47
59      .46
60      2.86
61      .66
62      4.14
63      2.64
64      3.17
65      4.66
66      3.88
67      2.43
