8029	2.9332
18128	2.1423
9570	3.4458
19788	2.3242
22812	1.5529
20007	3.2647
4944	4.7651
31765	3.4919
18542	1.2581
27089	.7356
16588	3.6483
19415	.1142
8127	1.7276
21477	2.6494
3869	4.5121
26079	.6402
16430	.9967
7344	2.9685
3777	4.7520
11003	2.7600
1422	2.1131
28026	.1612
27612	4.3029
24412	4.7880
12667	1.0917
15369	3.2355
666	4.1261
3514	3.4223
25024	3.8486
10383	4.6949
24002	.0070
6839	.1635
6504	3.4640
10902	2.2251
2532	3.4923
3970	4.7096
14508	3.6306
9273	4.5643
15091	1.5872
13231	3.8232
18192	2.4227
29085	.4200
5976	3.9852
14911	.5435
3562	1.1670
12662	2.8302
16680	4.6717
25270	4.8297
12988	.1081
32458	3.1048
2747	3.8714
8960	3.0837
22926	4.9353
5513	.7567
1165	2.3368
18041	2.9702
23525	.7205
18800	3.1763
1123	.4084
3784	4.7039
