27690	2.9653
21928	2.1880
6978	.0268
18442	.1611
13740	3.3695
21280	.0715
4042	3.1122
6386	.4783
19031	1.8884
6751	4.6227
32341	3.5798
15417	1.7732
21336	4.4827
25669	.8493
2485	2.6761
29955	1.2471
9004	2.5524
15985	.3122
27872	.6578
4648	4.8411
15666	3.8830
19903	1.4922
17692	2.4620
19530	2.0966
12236	2.3648
5233	1.5717
18145	.8839
31780	.8812
21334	2.8148
27282	3.3753
6804	3.1400
6605	.3967
5358	.9533
8519	4.0311
19459	.1680
30365	3.2709
19594	1.3824
9290	2.1069
12237	2.5394
27726	3.8496
2472	2.1924
10966	4.8731
18379	1.0777
6001	4.0876
756	4.4387
8180	.9910
32555	.5610
31170	2.8638
27338	.0302
31994	.0318
356	2.9647
3251	4.5132
17053	1.7389
22899	4.8193
14120	1.4868
16101	.4681
23931	3.4350
21390	4.5785
13813	4.5023
28083	3.0800
