657	.9247
13703	.7225
28540	4.8158
23663	3.0495
12639	4.8182
23263	3.2253
2831	1.8384
8407	3.3205
15242	1.5520
28477	2.3172
7030	1.3074
25093	2.8435
30555	3.1171
32150	3.5860
6348	.7451
4944	1.2596
8423	1.3832
12085	1.2848
28047	.7228
21315	1.8408
32279	.2177
10219	1.2204
27111	4.8084
31716	4.4520
6908	3.9347
17620	2.1926
239	.0544
9841	4.4236
21361	4.2759
19451	3.4534
693	1.8056
3604	2.7278
8300	1.8611
27894	1.7744
22619	.8937
27817	2.5766
2240	.2577
9010	3.3462
31566	2.6546
28226	4.4517
31371	.3679
4700	.6051
1197	.3367
13377	1.9847
27034	2.8926
10773	.3151
9977	3.0224
21432	1.3866
6090	.7565
8684	2.6548
11468	1.6122
17420	4.0870
13024	4.8951
18204	2.5341
13843	1.6766
27549	4.0050
13547	2.7481
30973	1.1888
21618	4.0589
13079	3.5505
30436	.3799
9340	1.0068
26788	3.9545
12319	4.2063
32294	.5368
8227	3.3130
11905	.0247
24111	3.9194
3717	1.9565
1125	3.1305
23431	1.4752
17463	3.9611
10282	.1089
6270	.2824
