21682	1.0011
30142	2.7510
3683	4.2919
1721	4.7766
5826	3.8628
13350	3.0077
27259	3.3695
20664	.9030
5394	4.3581
27392	1.3016
27832	1.4931
23427	4.2664
8932	.8911
21273	4.1291
6285	3.1823
23369	3.2195
8834	.3180
4812	4.8065
16264	4.0981
6523	4.1875
31993	3.5232
26486	4.8159
7981	4.6980
22172	2.8475
17700	2.4704
24608	3.8044
24013	3.9880
32127	1.9548
7850	1.2860
27331	2.6403
10860	2.5864
14515	2.6056
1799	.7754
7506	3.3043
4732	.0695
14578	1.5591
19348	1.6216
25598	1.4607
21459	.9683
20902	3.0011
31736	1.9434
22444	4.7074
32143	4.6819
20850	1.1311
18680	.6900
4819	3.1017
5305	4.8941
7783	1.0280
9341	1.4348
6032	.9985
3502	.2652
13145	1.8082
11685	3.3606
27190	.6828
32685	.2713
24418	2.9067
8932	2.6897
22482	.4992
8550	3.6065
20862	3.3983
11348	1.7136
20041	1.7911
21953	3.0158
31699	4.4814
4739	4.8065
379	.9276
28972	3.1669
22992	4.5689
17472	.6639
23017	1.8497
7296	3.0054
11547	2.9264
2096	1.9840
24979	3.4195
7462	4.2229
19854	2.4573
21607	2.7709
21415	3.2171
18555	3.2128
23836	1.6876
5294	2.1811
27292	4.3603
19734	.5636
6514	3.0700
22717	4.3977
4856	.2995
