30957	4.0913
13107	.4193
24021	4.8393
27744	.6485
5570	4.0012
12270	2.2287
13562	.6843
17163	.2121
10842	3.2618
11913	1.2100
22029	.1451
7470	2.3317
24590	3.5522
18824	2.7112
12501	4.4228
5924	4.6137
21635	1.6418
27511	1.9516
30665	2.3644
25373	2.9461
16038	3.3202
8041	1.5071
11826	1.4525
4715	3.3655
12403	1.5866
26988	1.6475
19534	3.0199
17609	4.6362
7425	4.0568
21945	3.9928
8935	4.7651
8502	1.1696
27152	1.3106
32669	2.7799
20215	.9961
30816	1.4137
29852	3.3518
17523	3.7098
1118	1.0863
22453	.4110
14336	.3260
15141	3.8572
13759	4.6794
6848	.4629
