4357	2.5138
7222	2.5217
11462	2.2156
6935	3.6758
10013	4.2999
4226	3.0979
1722	4.0668
18419	2.3593
23005	.9402
19229	2.6744
3408	2.7663
7621	2.1233
1499	1.3110
731	1.3298
1498	2.0490
26276	2.6740
22234	4.4445
14576	2.4616
5686	3.8573
21426	4.3192
27686	2.0046
25670	1.2692
21521	1.5382
14353	4.3360
27375	4.3566
8274	3.6576
1034	.3572
19871	.7678
13493	2.3691
651	3.3390
32602	2.1199
3634	1.2932
6508	2.0818
11775	.1850
25805	.5667
3910	1.5874
29308	2.3783
11768	2.5536
30862	4.7143
19895	.8038
18796	3.6696
22672	2.4803
29746	4.3357
10420	.3613
32056	3.5221
28271	1.2480
31361	4.8344
21678	2.6715
8567	4.7976
4048	.3680
17339	4.0871
24779	3.2198
