28550	.5703
29783	4.2321
964	2.3828
24848	3.0849
29897	1.3246
16041	2.1958
20638	.6822
19871	1.1735
6283	2.2775
27359	3.5265
4958	1.5898
5323	2.4944
14671	2.8467
10546	4.1488
20527	1.0618
1116	4.8843
30808	4.9198
8164	2.8899
9759	.6268
18667	4.1309
26233	3.9950
27100	.6833
14449	3.9373
17650	2.1964
4046	2.2438
26996	4.4654
6597	2.1555
7821	4.0182
4481	1.7644
23911	4.6404
14940	.4397
18762	.2710
21814	1.3025
34	4.4976
4000	3.0339
11538	3.1644
11498	.6035
25739	1.5421
13548	3.1801
9368	1.3176
16372	.8505
29453	1.4258
31754	4.6642
21065	3.0179
3634	4.7334
