5477	.1507
15602	2.1091
24921	1.6035
17895	4.7923
28228	4.5710
17591	2.1706
27320	3.1675
22037	4.7227
8389	.2967
3050	4.1225
16360	1.9606
19556	3.8489
22658	.7745
22886	4.7564
18824	4.7094
10251	4.3716
10856	1.1680
16068	1.2949
18370	1.6301
16437	1.6017
2109	4.1291
26675	.0555
7998	3.9432
18771	1.6495
583	4.6000
9774	1.3704
16489	4.2637
12063	2.7025
8875	.1902
8557	.4979
4575	2.6473
31139	1.5605
23952	2.5653
16598	4.7871
21525	1.9359
14089	3.4003
18684	3.4073
13366	.2719
24439	2.3873
15013	.2453
15269	1.9464
23642	2.0094
9337	4.5536
8963	2.6923
11964	4.7723
17731	4.0211
19782	1.4691
24815	2.1582
3894	2.2762
10078	3.1859
5755	2.3918
6753	.1600
29509	4.2272
28721	3.7757
15086	3.1197
434	1.9812
32619	3.8114
654	1.4481
25979	2.0880
12000	2.1515
