4284	4.7845
23724	4.8185
19582	2.7898
30593	.9053
27746	1.7618
8061	2.8012
19142	1.2857
9844	2.0798
3928	2.9476
25198	4.1648
17347	.8342
16622	1.0187
19197	4.4846
15014	4.7766
31388	.3393
13029	.7361
3338	3.9056
8812	2.6137
30050	2.0957
59	3.2546
17892	1.1185
3939	4.1514
20156	4.5019
16215	1.2933
10273	.9773
26181	.2107
28202	.4066
21389	.8922
8353	4.0949
4686	.6103
7751	2.2751
386	.2427
19896	4.9456
13427	3.7905
9622	.3170
21340	4.5175
6186	3.6461
19089	.9389
19398	1.9106
27	3.4319
10368	1.9046
17176	4.7009
