24191	.0086
1832	4.4216
4518	3.9701
24460	.0442
6877	4.1454
14698	.6059
6587	4.5109
21731	4.5692
8157	2.6561
3804	3.8402
16186	4.6293
12270	2.6358
18799	2.7883
17217	1.9858
25938	2.4752
32744	2.0511
25535	4.0020
12273	.3767
13156	3.1791
32505	2.2899
20123	2.7439
19979	.3489
25318	2.5655
10548	.5578
8133	1.6563
24144	3.6767
5768	.8600
23702	.8493
7580	4.5902
11169	1.1970
23793	2.2275
24317	1.1146
21618	4.7773
14293	3.3806
4248	2.3545
5995	1.7937
19	.6384
4754	1.1436
24632	.9950
727	1.7929
10610	2.1607
8269	4.6195
21704	1.6136
20275	1.6617
10625	.1597
29838	2.2560
7523	4.8529
163	2.8366
29473	1.9983
3641	1.2565
28143	3.7499
26888	1.4938
17334	2.4031
5059	4.9151
30907	3.8633
31864	4.5315
23622	3.4112
12421	3.9490
7779	2.9760
30500	3.4537
25424	1.0345
