404	3.1643
20628	1.7658
12545	2.6799
26026	4.3704
13735	1.1978
27365	1.3647
25966	1.6330
9799	3.0671
9391	4.6571
25274	3.8503
11743	2.6189
15129	.0506
9610	3.3133
6301	2.1607
6027	1.4081
15879	1.3240
24395	4.3635
16521	.8394
29246	4.1358
19831	2.9181
30706	4.5474
21123	1.3293
10179	2.8397
8031	2.2887
7832	2.5235
9527	4.7065
17047	2.5812
29949	2.9555
11133	3.3011
14732	4.6052
8319	3.5566
2841	.1315
22038	.3949
5488	4.6400
13968	1.1799
29112	3.5950
16738	2.1036
27954	.5548
6204	2.7205
20017	3.3254
9697	4.2294
13447	1.1433
21049	.9555
16059	4.0881
1280	4.2825
4856	.3686
10381	.1919
3454	1.3052
27784	3.6973
6321	3.0822
22334	3.7372
28018	1.7682
4787	4.3893
25881	.9385
32639	.1855
2318	2.5287
20272	2.7196
7050	4.8243
13122	4.7033
112	2.1346
312	1.1307
19942	3.6263
28760	4.7158
26939	3.7002
20101	1.1378
20715	4.1299
16488	4.8568
15639	4.3409
21947	2.9738
1580	2.3415
23148	2.4906
4655	.1411
8079	3.7949
11163	4.0963
5697	.6215
14846	.1107
11331	3.8547
3549	2.7254
24799	4.7010
6203	3.7376
7173	1.9606
11710	4.0890
22067	.2412
19960	.1509
12313	2.6670
22518	4.2406
31642	3.0942
1846	3.4646
7347	2.1266
22574	3.6352
28667	.4850
7602	1.2215
25777	1.1267
20857	4.0385
7120	.8928
16108	2.2110
7373	4.7801
2054	4.0940
7395	.4152
22080	4.6667
