17392	1.3507
423	.3601
4143	1.5503
14353	3.4469
3110	2.6168
8399	1.6103
12138	.5842
22705	1.8082
25453	3.2398
12869	3.4235
23335	1.4374
6282	1.8938
19387	3.9500
5493	3.4188
13612	.6779
27844	1.0808
23576	3.7772
18444	1.1171
13398	1.6835
9416	1.2504
28190	4.3804
30067	2.8957
21963	3.4557
13289	.5671
10101	1.8231
4105	3.8911
29120	2.4803
11571	.4867
2573	2.8945
30154	4.4901
17470	3.8039
25738	3.8416
17686	1.5269
14231	4.7041
19865	3.8637
31655	2.9840
20146	1.5854
4211	4.8548
9831	4.7398
22986	4.8831
24919	1.8091
11805	2.3152
32529	.0979
23174	2.3255
8141	4.8930
23435	4.8872
4004	1.4265
26173	2.6270
18339	1.4889
8087	3.1579
5062	4.8896
22827	3.3965
18577	.8735
25614	1.9231
29359	4.6708
28721	2.4517
10745	2.4111
19813	3.7693
20309	3.9497
29748	1.3623
5720	4.9020
