17440	3.1673
18148	2.7898
15914	4.1061
29160	2.5522
15446	1.6840
18520	3.6777
18354	2.2168
5856	2.3674
28221	.6411
3677	4.6511
1787	2.2566
30083	1.6391
31650	3.1875
30684	3.8483
7024	3.7963
60	2.8609
25694	3.3750
29306	3.8698
12971	1.2015
255	2.2231
6320	3.8627
32704	1.9989
20800	1.0400
31890	3.8586
31869	2.6964
31168	.8499
23021	3.9281
2820	2.4561
15036	4.7099
14927	1.6100
8087	.5282
10638	1.2414
19373	3.3455
30732	3.4034
24669	.1841
10527	2.2440
15962	4.7650
5635	3.4176
15772	1.6356
28909	3.1282
25	3.8937
9068	2.1442
13559	3.7142
22657	2.0529
1515	1.4145
8766	.0271
6886	4.5274
3228	.4461
30504	3.8502
8313	4.0253
5887	4.7375
29811	3.1363
22478	2.1250
13621	4.1656
18931	2.9477
415	.6903
9636	3.8055
17697	4.3688
9934	4.7730
9645	2.1460
1332	2.9071
20787	3.7963
5154	3.0648
20763	.5975
18524	1.4394
16817	.7193
27144	1.2871
14294	3.2262
20597	2.3422
23493	1.1452
27521	4.8837
2982	.6918
21728	.4486
21965	3.8515
13700	2.1562
28772	4.3288
26484	4.1541
9531	2.5739
19061	4.5468
23078	2.9618
8861	3.0516
32015	1.0376
2578	2.5341
16333	3.2866
20712	3.2505
19003	1.4287
9068	3.9374
11371	3.8239
22089	.0410
24013	4.5487
32174	.7174
