1093	1.6057
177	4.3838
6555	4.8509
10558	4.8715
12160	3.6448
9676	3.9613
32642	4.5541
28886	.4086
4888	.8207
7749	1.4098
22069	.8255
17726	1.6438
944	1.0139
14103	4.4196
22971	4.9255
1251	4.3000
5119	.3840
32011	3.5010
2644	2.3593
11405	4.6089
29654	.0292
8074	3.2421
21675	4.8327
15575	1.0789
22972	2.9917
1249	3.5807
2678	.0009
29193	2.6563
16869	4.9362
11604	4.2974
7387	3.3799
29550	4.0714
26608	.1106
25579	.7762
24213	4.6504
5933	.8191
10306	.1434
5844	3.8052
20332	3.4507
28834	1.6891
12145	2.7629
9924	2.3966
12150	3.8596
28876	2.1353
27440	3.9657
9063	3.9698
27201	2.0694
25530	1.0956
27500	1.5221
12868	1.3258
13956	3.6306
6459	.5639
10715	2.3160
1279	2.9670
14867	3.1554
13680	3.5264
2053	2.6126
2813	2.3245
