4396	.6930
29653	1.0403
17642	2.6741
7438	1.8649
12958	3.4559
12305	4.1540
25650	3.0237
5174	3.8380
1531	1.6615
22841	.4571
15862	3.8541
5482	4.2326
25227	1.3896
10792	2.5351
10863	3.5424
6800	3.1356
27122	3.4784
16915	3.5880
10501	2.5151
6939	.9869
18563	1.3733
18168	3.0130
27907	2.8688
5378	3.5976
22878	4.3447
27208	.4983
20808	3.9983
24418	.1919
8757	.6714
23404	4.2646
13988	2.3619
30145	3.2306
30589	3.6582
27641	4.8768
16103	.3224
20445	3.2639
16577	3.7501
22335	3.8866
2308	1.2334
7361	2.7475
22565	3.4688
8988	.2592
