25423	.2285
5757	1.1345
31983	1.9084
27893	4.3900
27502	3.4798
12375	3.2677
23580	.1545
20910	1.8169
11908	.4434
28227	4.1721
29662	3.2120
2508	1.6162
17858	1.1189
29397	4.0647
3709	4.1285
13046	4.0707
28215	.5861
29966	2.0690
2687	.1782
22367	1.4285
31914	4.6790
9740	.7077
6976	2.8785
30649	1.2454
7674	4.4067
14023	.0724
27297	.9181
18645	.8687
24717	2.6129
825	.9477
16001	.2519
15949	.0761
28010	2.3154
29066	.9755
19110	2.2687
11722	.4022
31530	3.2631
11531	2.1245
23617	4.8214
31311	1.9925
7171	1.5907
9894	.3282
13372	3.7386
31609	4.1711
967	2.7025
13989	.7591
21708	2.5551
31087	2.7033
9193	4.7193
17390	4.9644
24044	2.3335
27078	1.6130
30495	.2974
15292	3.3046
2113	1.9042
973	1.6417
18508	1.8535
18180	2.5525
3348	2.5478
30248	3.3938
24891	4.4030
14709	1.9339
30862	4.9067
20613	1.8718
8092	3.5952
25194	1.4406
24122	1.1754
28982	1.8688
20698	.8555
15688	1.7517
28983	1.3080
9334	2.9195
24710	3.8026
15083	1.4928
22397	.5560
1327	2.2193
424	4.0037
2432	.7274
25186	3.1228
25240	2.5229
15663	.6494
7717	4.2579
25562	2.6979
22176	1.0388
21575	3.1420
24302	3.4975
32263	4.4119
14981	4.9137
7863	1.6980
7806	1.3519
5805	4.6351
1208	1.9698
31967	.1736
24797	2.8099
6460	2.0288
29832	.7406
24886	2.7222
