2278	2.6906
13737	1.7929
11019	4.7070
25968	1.6025
14571	.7444
1674	1.2640
25872	.8371
15794	4.7723
32619	2.6177
32010	2.6842
22194	3.7862
24868	2.3274
8227	4.6514
31456	2.0754
10003	3.2758
3273	.2958
31932	2.5719
22012	2.2211
15259	2.0912
28978	3.9077
14228	4.3154
3765	.1355
14435	.5763
677	1.2431
11334	2.1672
16480	.8192
934	4.8014
13397	2.9218
22559	2.6247
2051	3.0384
15538	3.3211
4057	2.6679
12770	4.7216
14952	2.4272
19660	2.6305
26179	3.0063
22697	1.6882
25211	.1945
13575	2.7535
14950	1.0002
16498	4.7657
11113	2.1260
10205	3.0245
22127	2.5449
13896	1.7386
24240	3.3855
20787	1.7520
9931	.6912
5097	4.8077
19914	2.9369
13016	4.3824
16446	3.3025
18240	.6666
26860	4.6642
1188	3.9063
22523	2.8894
31723	3.7392
22519	4.0984
20565	4.8588
12809	1.5680
18571	.5375
28128	3.2853
26052	1.3856
19039	1.9313
25338	3.8355
10990	2.8670
14025	3.3269
28902	2.3946
14654	3.8415
25560	1.3476
14539	4.6018
24523	1.1706
12043	4.1891
6477	2.2643
14620	.3352
39	2.6619
10220	1.2311
11867	1.4099
6843	3.9973
5738	4.2036
20347	1.6281
20588	4.0054
16029	4.2336
29127	3.3407
24407	1.5608
27714	1.6632
7378	3.8549
29169	2.2162
