5267	3.0048
21662	4.3139
915	2.1822
11306	4.2428
11511	2.7620
8797	4.3288
3593	.3227
2007	.5473
26579	2.5479
24779	4.7816
26394	4.1888
2149	1.3887
24033	1.8305
21305	.2500
2271	3.6875
14823	2.4497
25770	4.1488
27402	.8738
4929	3.7455
23071	.6057
18453	1.2880
6871	4.0287
25417	2.3342
4111	3.9065
30723	.7744
12145	.2716
19776	.3547
836	1.6078
11565	2.2768
13353	.1974
13557	2.1971
5008	2.9422
32217	3.5993
29206	1.6095
16910	2.5363
28686	2.2963
23835	4.5551
17507	4.2382
26741	.7046
10632	4.3556
15513	2.7672
10933	4.6732
4309	1.2231
18314	4.6288
