19749	.9044
30543	2.1962
18937	2.7253
17224	1.1329
29394	2.8484
7517	3.2349
11484	2.6169
18522	.5262
27276	4.7772
10784	3.2303
14565	2.3874
29021	2.3534
16870	3.6033
16090	2.7585
14082	3.1756
9535	2.7803
7583	.9280
1033	2.3433
13526	2.9380
271	2.9978
23063	3.3100
25037	3.3074
4475	.5227
27531	4.5857
5846	1.3063
2136	.9642
6632	3.5019
6748	4.5719
16864	2.7399
9556	2.4903
25623	2.9308
27371	.4383
1884	3.1373
25719	4.2860
29406	1.6544
5544	1.7378
26463	3.7716
12890	2.9718
22306	3.9442
6255	3.3350
25084	4.2909
14146	3.4820
4051	2.8113
2933	1.7610
2478	4.3890
13874	3.8819
25016	3.5116
16949	1.4815
31156	1.3087
16991	4.0821
6966	4.2033
16960	1.2930
12076	.8409
6437	4.7230
30918	2.8469
22732	4.0092
29315	1.2895
13389	3.4333
30606	.7437
16941	1.9020
20958	3.5499
