1	2.18
2	0.74
3	3.79
4	1.19
5	2.96
6	0.38
7	0.84
8	0.54
9	1.41
10	0.57
11	0.77
12	3.57
13	2.49
14	0.37
15	3.63
16	2.72
17	3.92
18	0.2
19	2.33
20	1.31
21	0.8
22	2.61
23	3.52
24	1.34
25	3.21
26	1.11
27	0.63
28	0.68
29	2.79
30	1.51
31	0.46
32	3.22
33	0.34
34	3.0
35	0.26
36	0.54
37	2.15
38	2.80
39	0.86
40	0.17
41	3.92
42	3.38
43	2.10
44	0.74
45	3.59
46	2.31
47	3.54
48	3.8
49	1.7
50	2.90
51	0.49
52	3.82
53	2.7
54	3.56
55	3.89
56	0.95
57	3.62
58	3.51
59	2.50
60	2.98
61	2.13
62	2.84
63	0.87
64	0.67
65	0.18
66	1.92
67	3.46
