1	0.78
2	0.63
3	2.74
4	2.56
5	1.62
6	0.97
7	0.73
8	2.77
9	0.63
10	3.99
11	0.39
12	3.4
13	0.50
14	3.70
15	2.67
16	2.75
17	2.10
18	3.44
19	3.64
20	3.43
21	2.40
22	0.17
23	2.81
24	2.36
25	0.49
26	0.86
27	3.45
28	2.54
29	2.24
30	2.43
31	3.33
32	1.2
33	1.33
34	2.64
35	1.85
36	0.23
37	0.50
38	3.21
39	1.21
40	3.13
41	3.65
42	2.18
43	2.79
44	2.5
45	0.47
46	0.13
47	3.36
48	1.25
49	3.38
50	3.19
51	3.21
52	2.24
53	3.23
54	1.64
55	3.2
56	1.32
57	0.41
58	1.2
59	0.85
60	1.86
61	2.26
62	1.94
63	1.20
64	0.5
65	3.49
66	1.68
67	2.63
68	2.31
69	0.13
70	2.73
71	2.83
72	1.63
73	0.25
74	1.9
75	3.4
76	1.63
