1	3.24
2	3.96
3	2.51
4	3.13
5	0.90
6	0.48
7	2.78
8	2.36
9	3.81
10	3.22
11	2.25
12	2.65
13	2.49
14	1.96
15	0.4
16	2.95
17	3.81
18	3.92
19	3.29
20	0.91
21	3.98
22	3.44
23	3.1
24	2.74
25	0.48
26	3.68
27	3.40
28	1.88
29	3.35
30	1.85
31	1.61
32	0.17
33	1.91
34	1.49
35	3.88
36	1.87
37	1.72
38	0.36
39	2.95
40	2.94
41	2.37
42	3.74
43	3.40
44	3.34
45	1.25
46	3.10
47	0.81
48	3.49
49	1.12
50	3.74
51	1.30
52	2.10
53	0.46
54	0.99
55	3.63
56	3.39
57	3.19
58	2.16
59	2.18
60	2.16
61	2.59
62	0.33
63	0.14
64	2.73
65	0.44
66	2.81
67	3.79
68	2.0
69	3.30
70	1.81
71	1.15
72	1.13
