1	1.92
2	1.0
3	2.75
4	3.97
5	1.95
6	0.42
7	0.94
8	3.2
9	1.70
10	1.99
11	1.55
12	0.34
13	2.20
14	1.55
15	0.61
16	3.40
17	1.96
18	3.57
19	3.23
20	2.3
21	3.99
22	0.47
23	1.19
24	0.79
25	2.85
26	1.23
27	3.72
28	3.0
29	1.36
30	1.53
31	0.47
32	2.72
33	3.22
34	1.8
35	3.12
36	3.17
37	2.97
38	2.23
39	2.31
40	1.37
41	2.73
42	3.72
43	0.41
44	1.42
45	1.86
46	3.72
47	2.19
48	0.69
49	3.76
50	2.52
51	2.30
52	0.31
53	3.54
54	0.41
55	1.60
56	3.62
57	1.33
58	0.70
59	3.52
60	2.88
61	2.2
62	2.45
63	2.12
64	1.3
65	0.73
66	1.13
67	0.66
68	1.99
69	1.25
70	0.96
71	3.81
