1	0.54
2	0.86
3	0.47
4	0.54
5	2.41
6	3.34
7	0.24
8	2.93
9	1.43
10	0.20
11	2.56
12	2.73
13	1.39
14	2.96
15	1.83
16	3.57
17	0.48
18	1.37
19	0.60
20	0.1
21	1.52
22	0.39
23	0.5
24	3.42
25	2.86
26	1.19
27	0.58
28	2.19
29	0.23
30	1.46
31	3.51
32	1.10
33	2.28
34	2.26
35	0.4
36	3.95
37	3.62
38	3.68
39	2.19
40	1.40
41	3.13
42	1.16
43	3.35
44	2.25
45	2.49
46	0.55
47	3.27
48	0.86
49	0.51
50	1.54
51	0.28
52	0.99
53	3.92
54	1.47
55	2.58
56	2.88
57	1.10
58	0.41
59	3.42
60	3.16
61	0.57
62	0.55
63	0.94
64	0.64
65	3.90
66	0.2
67	0.60
68	3.30
69	0.5
70	2.83
71	0.76
72	2.34
73	3.49
74	2.74
75	1.8
76	3.40
77	1.68
78	0.2
79	0.14
80	3.7
81	0.24
82	3.97
83	2.30
84	1.44
85	2.21
86	2.7
87	0.91
88	0.39
89	1.68
90	3.36
91	0.18
92	2.84
93	3.21
