1	3.67
2	1.37
3	0.35
4	0.89
5	3.61
6	0.87
7	2.27
8	0.83
9	1.71
10	1.77
11	0.84
12	1.72
13	1.67
14	1.26
15	1.62
16	2.9
17	3.35
18	0.61
19	0.39
20	1.44
21	3.14
22	1.54
23	1.37
24	1.64
25	1.50
26	0.19
27	1.80
28	3.0
29	3.97
30	1.2
31	1.12
32	2.97
33	1.45
34	3.32
35	1.84
36	3.28
37	2.41
38	0.46
39	0.23
40	1.35
41	3.60
42	0.25
43	0.37
44	2.30
45	0.74
46	2.64
47	2.35
48	0.66
49	2.57
50	2.13
51	2.51
52	3.51
53	3.16
54	1.30
55	3.91
56	2.75
57	0.6
58	0.69
59	1.10
60	3.85
61	3.24
62	1.79
63	0.63
64	2.73
65	0.8
66	2.36
67	1.67
68	0.9
69	0.51
70	2.15
71	2.62
72	0.64
73	0.42
74	2.56
75	2.86
76	1.54
77	0.32
78	3.60
79	0.84
80	2.53
81	0.1
82	2.24
83	0.35
84	0.68
85	1.19
86	2.5
87	2.59
88	1.8
89	1.64
90	1.42
91	2.31
92	1.36
93	3.41
94	2.60
95	1.44
96	1.53
97	3.59
98	1.99
