1	1.95
2	0.81
3	3.54
4	3.72
5	2.86
6	0.2
7	3.23
8	2.52
9	1.78
10	2.95
11	0.55
12	1.14
13	3.21
14	3.9
15	1.42
16	2.74
17	0.46
18	1.77
19	2.34
20	1.31
21	0.2
22	3.22
23	1.44
24	0.82
25	0.8
26	0.46
27	2.43
28	3.95
29	0.58
30	0.52
31	3.64
32	1.64
33	0.9
34	3.76
35	3.58
36	2.78
37	3.19
38	3.54
39	0.17
40	1.75
41	3.25
42	3.84
43	1.88
44	1.78
45	3.38
46	2.11
47	1.86
48	3.70
49	2.53
50	1.9
51	3.89
52	3.95
53	2.60
54	2.3
55	0.31
56	0.33
57	0.47
58	2.81
59	3.14
60	1.72
61	0.83
62	3.77
63	3.42
64	3.88
65	1.12
66	2.68
67	1.63
68	0.18
69	1.65
70	0.69
71	3.97
72	0.61
73	2.54
74	1.82
75	0.74
76	0.72
77	2.97
78	0.64
79	2.2
80	0.24
81	3.82
82	2.9
83	1.34
84	3.42
85	1.4
86	1.12
87	1.61
88	0.25
89	3.55
90	2.66
91	0.86
92	3.87
93	0.16
94	0.94
95	3.68
