1	3.94
2	1.67
3	1.18
4	3.94
5	1.14
6	0.62
7	3.26
8	0.75
9	3.12
10	1.29
11	0.75
12	0.8
13	2.75
14	0.86
15	2.70
16	2.60
17	0.9
18	1.76
19	2.55
20	0.87
21	1.2
22	1.20
23	3.96
24	1.90
25	3.57
26	2.84
27	1.27
28	1.75
29	1.2
30	0.80
31	1.21
32	1.55
33	2.18
34	0.51
35	3.2
36	0.88
37	0.9
38	1.91
39	0.98
40	0.87
41	0.62
42	3.43
43	0.75
44	3.88
45	0.29
46	1.12
47	0.54
48	0.26
49	3.56
50	2.57
51	3.69
52	0.61
53	0.73
54	3.22
55	1.10
56	2.68
57	3.86
58	3.43
59	3.68
60	0.86
61	3.96
62	1.19
63	0.35
64	1.91
65	1.77
66	2.51
67	3.10
68	3.25
69	2.71
70	0.65
71	1.54
72	1.70
73	2.96
74	0.16
75	3.30
76	1.99
77	1.98
78	1.66
79	3.19
80	0.78
81	2.32
82	3.45
83	0.92
84	2.33
85	3.33
86	2.87
87	0.54
88	2.83
89	0.85
90	3.72
91	3.99
92	0.11
93	0.88
94	3.28
95	2.56
96	2.37
97	3.2
98	3.15
