1	0.87
2	0.25
3	3.93
4	1.5
5	1.88
6	0.50
7	1.13
8	2.62
9	1.65
10	3.96
11	3.75
12	1.32
13	1.43
14	2.68
15	2.5
16	2.48
17	0.79
18	0.3
19	0.55
20	0.49
21	2.78
22	2.81
23	3.35
24	1.51
25	0.34
26	0.47
27	3.8
28	0.9
29	0.93
30	2.39
31	2.90
32	1.90
33	0.92
34	1.66
35	2.26
36	3.86
37	1.13
38	2.68
39	0.90
40	1.24
41	3.59
42	3.73
43	3.72
44	1.41
45	3.6
46	1.63
47	0.19
48	0.11
49	1.7
50	2.76
51	1.48
52	1.62
53	3.7
54	3.71
55	3.67
56	0.29
57	3.93
58	0.77
59	3.32
60	1.36
61	2.32
62	3.14
63	3.82
64	3.90
65	3.4
66	2.51
67	3.0
68	1.45
69	3.34
70	2.25
71	2.9
72	2.10
73	2.9
74	3.62
75	3.28
76	1.17
77	2.56
78	2.88
79	0.31
80	2.97
81	0.41
82	3.43
83	2.90
84	2.25
85	0.93
86	0.34
87	0.3
88	0.17
89	3.33
90	0.90
91	1.12
92	0.78
93	3.27
