1	1.60
2	1.87
3	2.90
4	3.12
5	1.85
6	2.74
7	2.75
8	0.82
9	2.10
10	2.35
11	0.40
12	3.9
13	0.36
14	1.80
15	1.34
16	0.24
17	3.29
18	2.43
19	2.11
20	3.52
21	3.60
22	0.27
23	1.45
24	1.67
25	0.1
26	3.65
27	3.99
28	1.43
29	2.97
30	0.40
31	2.28
32	2.88
33	0.2
34	0.73
35	0.78
36	2.27
37	0.27
38	3.31
39	3.92
40	2.63
41	3.73
42	2.92
43	0.79
44	2.47
45	2.75
46	3.90
47	3.95
48	0.99
49	2.25
50	0.1
51	1.69
52	1.94
53	3.22
54	3.94
55	1.17
56	0.89
57	2.94
58	0.26
59	2.28
60	0.21
61	3.85
62	1.14
63	2.2
64	3.23
65	3.97
66	3.57
67	2.80
68	1.95
69	2.19
70	0.77
71	2.90
72	1.39
73	0.59
74	3.86
75	2.59
76	0.17
77	1.52
78	0.25
79	3.52
80	1.52
81	0.94
82	3.20
83	0.40
84	0.80
85	2.6
86	3.65
87	0.87
88	1.16
89	0.66
90	3.60
91	2.97
92	0.40
93	3.77
94	0.98
95	3.89
96	3.40
97	3.53
98	1.76
