1	2.83
2	1.11
3	1.15
4	0.96
5	0.67
6	1.38
7	2.32
8	2.4
9	1.5
10	1.73
11	2.46
12	2.49
13	3.64
14	1.78
15	3.42
16	2.93
17	2.97
18	2.48
19	1.90
20	2.99
21	1.5
22	2.23
23	3.93
24	0.43
25	3.15
26	2.49
27	3.93
28	1.28
29	3.97
30	0.3
31	2.47
32	3.68
33	0.83
34	3.8
35	3.57
36	1.56
37	0.31
38	2.87
39	3.75
40	2.1
41	1.97
42	0.9
43	0.33
44	1.87
45	3.89
46	3.34
47	0.23
48	2.6
49	2.22
50	2.16
51	1.77
52	0.2
53	0.15
54	1.27
55	2.27
56	0.43
57	1.46
58	0.47
59	0.19
60	3.12
61	0.68
62	2.96
63	3.75
64	0.35
65	2.79
66	0.99
67	1.35
68	0.76
69	1.12
70	1.45
71	1.70
72	1.18
73	2.21
74	3.86
75	2.87
