1	0.43
2	3.84
3	3.48
4	2.10
5	0.34
6	0.59
7	1.60
8	2.84
9	2.51
10	1.72
11	1.97
12	2.15
13	3.31
14	2.84
15	1.31
16	1.6
17	1.79
18	3.71
19	1.63
20	3.37
21	3.39
22	1.10
23	1.61
24	3.66
25	2.71
26	3.65
27	1.90
28	2.55
29	3.5
30	0.91
31	2.3
32	2.19
33	2.73
34	1.65
35	2.3
36	0.26
37	0.53
38	0.94
39	1.89
40	0.73
41	1.56
42	3.75
43	2.47
44	2.36
45	0.83
46	3.93
47	1.57
48	3.29
49	2.39
50	2.69
51	1.12
52	2.15
53	0.49
54	2.10
55	3.78
56	2.87
57	3.78
58	2.30
59	0.50
60	1.3
61	2.73
62	0.14
63	0.4
64	2.56
65	1.66
66	1.40
67	3.92
68	2.64
69	0.57
70	0.90
71	0.39
72	0.43
73	0.64
74	2.8
75	1.20
76	2.65
77	2.31
78	1.49
79	0.99
80	1.7
81	1.63
82	1.6
83	2.82
84	3.89
85	3.8
