1	2.26
2	1.38
3	3.27
4	1.92
5	3.16
6	1.44
7	3.79
8	1.83
9	3.13
10	1.41
11	0.16
12	0.92
13	3.34
14	3.42
15	0.85
16	0.51
17	0.80
18	1.70
19	3.29
20	1.6
21	1.79
22	0.50
23	0.55
24	1.39
25	3.48
26	1.99
27	2.47
28	1.76
29	2.34
30	2.74
31	0.46
32	3.27
33	1.34
34	2.75
35	1.68
36	2.20
37	2.60
38	2.98
39	2.26
40	2.54
41	0.48
42	3.0
43	3.97
44	0.12
45	3.34
46	2.38
47	2.27
48	3.43
49	2.67
50	1.90
51	0.64
52	1.85
53	3.70
54	2.69
55	2.14
56	1.45
57	0.14
58	3.68
59	3.24
60	1.73
61	1.15
62	3.56
63	2.13
64	1.52
65	2.49
66	2.71
67	2.47
68	3.38
69	2.39
70	3.51
71	3.55
72	3.76
73	0.82
74	2.40
75	2.94
76	3.37
77	3.5
78	0.2
79	0.70
80	0.80
81	1.71
82	2.48
83	3.74
84	0.85
85	3.7
86	0.60
87	3.79
88	3.26
89	0.59
90	3.87
91	1.13
92	2.82
