1	2.34
2	3.36
3	2.0
4	1.32
5	3.64
6	1.31
7	3.39
8	3.90
9	0.30
10	1.27
11	2.21
12	1.90
13	3.28
14	1.43
15	3.92
16	2.20
17	1.26
18	2.11
19	3.40
20	3.49
21	1.90
22	3.8
23	0.25
24	3.34
25	1.72
26	2.60
27	3.34
28	1.38
29	0.61
30	3.40
31	1.19
32	2.43
33	2.49
34	1.54
35	3.88
36	0.58
37	1.5
38	2.55
39	0.69
40	2.58
41	0.94
42	1.68
43	2.56
44	2.72
45	2.51
46	2.39
47	3.24
48	1.98
49	2.48
50	1.11
51	0.13
52	2.75
53	3.63
54	1.98
55	2.92
56	1.55
57	1.42
58	0.55
59	1.87
60	1.75
61	3.13
62	3.42
63	0.25
64	0.37
65	1.11
66	0.1
67	3.78
68	3.84
69	0.34
70	2.27
71	0.76
72	0.51
73	0.66
74	2.56
75	0.29
76	1.3
77	0.92
78	3.70
79	0.52
80	2.56
81	1.17
82	1.71
83	2.82
84	0.76
85	1.67
86	1.55
87	0.15
88	3.87
89	3.73
90	0.73
91	0.68
92	2.51
93	3.48
94	0.22
95	3.54
