1	1.37
2	2.62
3	3.84
4	2.10
5	1.92
6	1.55
7	3.57
8	0.28
9	3.67
10	0.39
11	3.51
12	2.33
13	3.53
14	3.8
15	3.74
16	0.5
17	2.0
18	2.0
19	1.61
20	2.69
21	0.67
22	2.56
23	3.37
24	1.12
25	0.79
26	2.14
27	3.88
28	3.20
29	1.36
30	2.88
31	2.77
32	1.22
33	0.36
34	3.98
35	3.83
36	2.29
37	3.14
38	3.96
39	1.21
40	0.44
41	3.21
42	2.88
43	1.97
44	3.42
45	0.53
46	0.26
47	3.85
48	3.43
49	2.81
50	1.55
51	1.56
52	2.51
53	2.83
54	2.91
55	3.45
56	0.14
57	1.19
58	2.18
59	1.26
60	1.28
61	2.65
62	1.57
63	1.88
64	3.18
65	3.58
66	0.79
67	2.88
