1	2.35
2	2.61
3	0.57
4	0.82
5	2.97
6	3.96
7	2.76
8	0.67
9	2.85
10	0.22
11	1.22
12	3.63
13	0.58
14	0.82
15	1.06
16	4.06
17	2.72
18	0.68
19	4.75
20	0.42
21	4.89
22	4.38
23	0.93
24	3.69
25	3.89
26	4.30
27	0.16
28	2.71
29	1.22
30	4.52
31	1.13
32	2.33
33	2.96
34	2.45
35	1.20
36	4.50
37	3.94
38	3.02
39	1.78
40	2.80
41	4.66
42	0.75
43	1.25
44	3.27
45	0.24
46	1.75
47	0.29
48	0.21
49	4.68
50	1.98
51	3.79
52	2.50
53	3.37
54	4.82
55	4.65
56	3.36
57	1.29
58	1.55
59	3.46
60	0.10
61	2.08
62	1.38
63	2.91
64	3.32
65	2.04
66	1.12
67	2.42
68	4.19
69	1.09
70	2.08
71	2.35
72	4.85
73	1.65
74	0.25
75	0.25
76	0.88
77	4.75
78	3.54
79	1.88
80	2.11
81	4.26
82	2.97
83	1.39
84	1.83
85	4.24
86	1.77
87	2.18
88	3.70
89	2.13
90	2.95
