1	2.28
2	3.39
3	1.06
4	0.65
5	0.24
6	4.44
7	4.04
8	4.06
9	1.38
10	0.24
11	3.25
12	4.78
13	1.33
14	0.59
15	3.25
16	0.17
17	0.55
18	3.99
19	4.73
20	0.49
21	2.78
22	3.57
23	1.66
24	3.86
25	2.33
26	1.58
27	0.03
28	0.37
29	4.58
30	1.91
31	4.64
32	3.87
33	1.90
34	2.27
35	2.26
36	0.75
37	1.12
38	1.49
39	2.64
40	2.61
41	4.90
42	1.57
43	3.10
44	0.75
45	1.92
46	0.37
47	4.59
48	0.73
49	0.74
50	1.38
51	2.93
52	2.52
53	4.20
54	3.04
55	4.04
56	1.02
57	3.70
58	2.10
59	1.34
60	0.17
61	4.83
62	4.43
63	4.83
64	4.38
65	2.84
66	4.75
67	4.03
68	3.21
69	3.22
70	0.52
71	0.88
