1	1.68
2	0.81
3	4.51
4	3.76
5	4.12
6	4.07
7	4.00
8	4.54
9	0.32
10	3.41
11	4.12
12	3.29
13	0.87
14	0.97
15	3.18
16	3.03
17	2.62
18	0.32
19	0.32
20	0.56
21	2.39
22	3.17
23	3.07
24	1.01
25	3.97
26	0.57
27	4.74
28	2.93
29	3.47
30	0.35
31	2.26
32	3.95
33	2.09
34	1.81
35	1.71
36	4.49
37	3.12
38	2.99
39	4.62
40	2.75
41	2.50
42	4.58
43	3.73
44	4.53
45	0.87
46	3.80
47	0.11
48	4.32
49	1.76
50	0.57
51	3.27
52	2.61
53	1.21
54	4.59
55	4.31
56	2.17
57	2.91
58	3.72
59	4.11
60	3.87
61	4.33
62	4.62
63	0.15
64	0.62
65	4.78
66	2.19
67	4.89
68	3.92
69	2.85
70	3.91
71	3.25
72	0.35
73	1.86
74	4.97
75	4.18
76	3.98
77	4.07
78	4.77
79	4.87
80	1.44
81	4.65
