1	1.60
2	0.38
3	0.44
4	3.83
5	1.98
6	1.32
7	1.38
8	2.57
9	4.62
10	1.44
11	3.90
12	0.47
13	1.76
14	2.58
15	0.28
16	3.18
17	0.31
18	4.12
19	1.28
20	1.76
21	3.33
22	4.23
23	0.28
24	2.70
25	0.04
26	2.50
27	0.03
28	3.07
29	2.11
30	4.19
31	0.52
32	3.81
33	4.20
34	0.72
35	2.10
36	1.89
37	1.92
38	0.54
39	2.29
40	1.66
41	0.16
42	2.63
43	2.48
44	3.58
45	1.50
46	2.82
47	4.95
48	0.18
49	1.69
50	3.54
51	0.30
52	3.92
53	2.41
54	1.81
55	3.57
56	4.74
57	4.89
58	1.95
59	1.02
60	3.31
61	1.61
62	2.11
63	2.52
64	4.18
65	3.93
66	2.44
67	2.57
68	0.90
69	4.38
70	1.83
71	2.84
72	4.51
73	0.99
74	2.42
75	4.93
76	0.64
77	3.07
78	3.66
79	1.32
80	1.94
81	1.70
82	4.04
83	2.65
84	4.40
85	1.46
86	0.35
87	4.38
88	4.57
89	0.68
90	1.26
91	4.48
92	0.30
93	4.30
94	1.84
95	4.03
96	2.67
