1	4.92
2	4.37
3	4.52
4	3.37
5	0.90
6	0.62
7	3.70
8	3.57
9	3.33
10	4.31
11	3.91
12	3.69
13	0.48
14	0.58
15	2.37
16	0.46
17	4.40
18	1.94
19	1.18
20	2.06
21	2.34
22	0.95
23	4.62
24	2.30
25	2.01
26	2.63
27	1.29
28	3.57
29	3.88
30	4.27
31	3.16
32	1.09
33	3.90
34	2.58
35	3.71
36	1.57
37	3.32
38	3.46
39	3.44
40	3.05
41	3.18
42	4.06
43	0.18
44	0.37
45	0.22
46	1.10
47	4.15
48	0.94
49	4.94
50	0.94
51	2.09
52	2.59
53	3.61
54	1.44
55	2.59
56	3.57
57	1.93
58	1.76
59	3.83
60	1.90
61	4.06
62	3.06
63	0.16
64	3.24
65	1.55
66	2.19
67	3.04
68	2.12
69	1.79
70	3.86
71	1.34
72	1.89
