1	2.03
2	2.39
3	3.33
4	2.71
5	1.33
6	0.88
7	2.46
8	0.75
9	2.16
10	3.84
11	3.98
12	0.81
13	4.80
14	2.65
15	0.30
16	1.25
17	2.55
18	3.92
19	3.01
20	2.32
21	1.09
22	1.34
23	1.01
24	3.83
25	3.77
26	4.95
27	2.89
28	2.75
29	4.04
30	3.40
31	1.39
32	4.21
33	1.93
34	1.03
35	0.02
36	4.27
37	4.80
38	3.88
39	0.39
40	2.96
41	1.56
42	4.70
43	2.94
44	1.26
45	3.54
46	0.29
47	4.71
48	3.04
49	2.31
50	4.78
51	0.01
52	3.47
53	4.84
54	2.69
55	0.45
56	3.32
57	1.24
58	1.95
59	1.33
60	4.24
61	0.75
62	4.45
63	3.17
64	2.92
65	3.60
66	3.14
67	4.82
68	1.38
69	3.48
70	3.72
71	2.93
72	0.41
73	4.43
74	1.07
75	0.44
76	2.61
77	0.67
78	2.05
79	3.72
80	4.40
81	0.60
82	3.07
83	2.01
84	0.93
85	1.04
86	2.48
87	0.13
88	0.74
89	3.17
90	0.42
