1	2.76
2	3.96
3	3.10
4	1.32
5	1.36
6	4.75
7	4.88
8	2.63
9	2.87
10	0.33
11	3.73
12	4.73
13	2.12
14	3.04
15	0.29
16	2.09
17	0.32
18	3.08
19	0.34
20	0.58
21	0.74
22	2.90
23	2.31
24	0.94
25	0.78
26	1.01
27	0.41
28	2.55
29	2.31
30	2.55
31	1.58
32	0.45
33	1.84
34	2.59
35	1.84
36	3.54
37	2.76
38	3.94
39	3.80
40	4.36
41	3.44
42	2.42
43	1.26
44	1.29
45	0.76
46	4.19
47	2.80
48	1.50
49	4.38
50	1.32
51	0.02
52	3.47
53	3.22
54	1.53
55	0.16
56	2.32
57	0.54
58	3.93
59	2.39
60	4.73
61	4.73
62	3.96
63	2.82
64	2.08
65	2.83
66	1.33
67	4.28
68	4.68
69	0.45
70	4.02
