1	0.03
2	0.44
3	1.22
4	2.39
5	0.49
6	2.39
7	3.55
8	1.22
9	3.91
10	2.40
11	3.21
12	1.68
13	2.45
14	3.97
15	0.13
16	3.61
17	0.93
18	4.41
19	0.54
20	0.20
21	2.15
22	0.60
23	4.42
24	3.30
25	4.84
26	0.25
27	4.45
28	2.58
29	3.08
30	2.39
31	0.34
32	3.29
33	0.48
34	4.79
35	4.66
36	4.54
37	4.38
38	0.02
39	4.35
40	1.15
41	4.08
42	0.85
43	0.33
44	0.83
45	1.07
46	3.64
47	0.38
48	3.56
49	4.59
50	0.98
51	0.84
52	1.86
53	0.81
54	1.82
55	2.85
56	1.18
57	0.27
58	3.06
59	1.36
60	0.02
61	1.84
62	4.60
63	2.20
64	0.10
65	4.57
66	3.89
67	1.11
68	2.49
69	4.63
70	4.92
71	3.84
72	2.61
73	0.81
74	2.99
75	4.18
