1	1.31
2	3.76
3	3.03
4	2.48
5	3.05
6	0.35
7	0.57
8	2.26
9	4.29
10	4.77
11	4.64
12	0.74
13	3.80
14	3.66
15	3.38
16	4.98
17	2.24
18	4.72
19	0.13
20	4.12
21	4.36
22	0.08
23	2.38
24	2.21
25	0.05
26	3.54
27	4.07
28	3.92
29	2.94
30	1.55
31	3.29
32	3.63
33	1.32
34	2.52
35	2.35
36	1.38
37	3.06
38	0.97
39	3.23
40	2.30
41	1.91
42	3.77
43	4.75
44	3.74
45	2.84
46	4.55
47	4.32
48	4.36
49	1.75
50	2.70
51	2.67
52	4.03
53	4.02
54	3.66
55	2.72
56	3.85
57	0.79
58	1.37
59	4.87
60	4.08
61	0.42
62	0.84
63	2.25
64	3.81
65	2.45
66	1.82
67	1.31
68	1.15
69	3.45
70	3.06
71	2.23
72	4.52
73	2.23
74	4.32
75	3.94
76	2.43
77	1.49
78	0.72
79	4.55
80	0.31
81	3.99
82	3.65
83	3.67
84	3.03
85	1.50
86	1.88
