1	4.91
2	1.01
3	1.42
4	0.67
5	1.02
6	0.23
7	4.56
8	1.41
9	0.92
10	3.66
11	2.66
12	3.07
13	3.28
14	4.80
15	4.87
16	3.88
17	0.64
18	4.32
19	3.70
20	2.01
21	3.69
22	4.04
23	1.45
24	4.32
25	3.55
26	3.19
27	1.39
28	3.80
29	3.50
30	1.60
31	3.58
32	4.48
33	0.91
34	1.50
35	1.26
36	3.42
37	0.88
38	1.85
39	4.39
40	3.44
41	4.61
42	1.51
43	2.44
44	0.96
45	2.64
46	1.50
47	0.40
48	1.42
49	1.46
50	1.87
51	2.79
52	2.16
53	3.45
54	2.14
55	2.75
56	2.90
57	4.52
58	3.78
59	2.76
60	3.31
61	1.40
62	2.31
63	3.52
64	3.92
65	4.93
66	3.34
67	0.81
68	0.53
69	3.78
70	0.92
71	4.63
72	4.38
73	2.11
74	4.46
75	0.40
76	4.28
