1	0.57
2	0.96
3	2.48
4	2.87
5	1.88
6	0.13
7	3.44
8	2.88
9	0.84
10	3.50
11	2.26
12	0.79
13	2.37
14	3.57
15	1.33
16	0.16
17	2.66
18	1.41
19	2.87
20	3.37
21	3.82
22	0.2
23	0.10
24	3.78
25	2.9
26	3.10
27	2.18
28	2.0
29	1.6
30	1.30
31	3.8
32	2.75
33	1.74
34	2.53
35	2.85
36	2.49
37	2.82
38	2.64
39	3.73
40	1.73
41	3.7
42	3.13
43	2.59
44	2.45
45	2.65
46	1.51
47	2.44
48	3.59
49	1.93
50	3.69
51	0.25
52	3.0
53	1.84
54	2.90
55	3.48
56	2.41
57	2.36
58	1.10
59	1.96
60	0.9
61	1.92
62	0.6
63	0.69
64	2.59
65	1.49
66	0.29
67	0.92
