1	0.14
2	2.88
3	1.58
4	2.95
5	0.72
6	1.99
7	1.42
8	2.94
9	1.12
10	3.71
11	2.48
12	0.69
13	1.3
14	0.37
15	1.74
16	1.53
17	3.59
18	2.51
19	2.56
20	3.37
21	0.54
22	0.9
23	2.85
24	1.20
25	3.74
26	2.68
27	2.47
28	2.74
29	3.43
30	1.29
31	3.83
32	3.74
33	2.18
34	0.10
35	1.47
36	1.14
37	3.42
38	0.11
39	3.76
40	1.62
41	1.76
42	3.56
43	1.62
44	0.21
45	3.27
46	2.27
47	0.34
48	1.86
49	3.5
50	0.17
51	2.35
52	1.91
53	0.68
54	3.44
55	0.28
56	2.30
57	3.7
58	1.67
59	1.28
60	3.36
61	1.75
62	1.4
63	2.91
64	1.29
65	2.28
66	2.38
67	3.8
68	1.0
69	0.0
70	0.61
71	3.67
72	1.71
73	3.19
74	2.81
75	1.40
76	2.49
77	1.67
78	1.78
79	1.94
80	2.91
81	1.97
82	3.6
