1	2.32
2	1.4
3	2.91
4	1.75
5	0.52
6	2.16
7	0.51
8	3.62
9	0.64
10	0.18
11	2.32
12	3.76
13	0.5
14	3.91
15	3.72
16	0.46
17	1.46
18	3.22
19	3.28
20	1.6
21	0.85
22	1.95
23	1.57
24	0.52
25	3.74
26	0.3
27	0.34
28	1.52
29	2.91
30	2.14
31	0.78
32	2.83
33	1.16
34	1.44
35	2.45
36	2.34
37	1.80
38	2.69
39	1.36
40	2.83
41	3.97
42	2.55
43	3.17
44	0.61
45	2.87
46	1.40
47	0.77
48	1.62
49	1.92
50	3.61
51	1.67
52	2.24
53	2.23
54	2.88
55	2.59
56	0.59
57	0.62
58	1.59
59	3.97
60	1.70
61	1.73
62	1.88
63	1.44
64	2.51
65	0.54
66	1.39
67	0.46
68	1.20
69	3.84
70	2.33
71	1.52
72	1.84
73	1.79
74	1.87
75	2.72
76	1.61
77	0.58
78	2.96
79	3.50
80	3.5
81	1.88
82	2.2
83	2.90
