1	0.27
2	1.56
3	1.81
4	0.64
5	2.31
6	2.92
7	2.14
8	1.40
9	1.22
10	1.80
11	1.24
12	3.35
13	3.10
14	3.3
15	0.13
16	2.64
17	0.85
18	1.80
19	2.49
20	1.43
21	2.97
22	0.21
23	3.33
24	0.2
25	2.78
26	0.32
27	0.66
28	3.60
29	1.20
30	1.13
31	3.52
32	1.69
33	0.75
34	0.77
35	1.96
36	0.64
37	1.80
38	1.74
39	3.48
40	1.20
41	2.83
42	1.19
43	1.44
44	2.20
45	3.33
46	1.63
47	0.58
48	2.61
49	0.68
50	1.64
51	1.51
52	0.28
53	1.62
54	1.83
55	3.39
56	0.79
57	3.47
58	3.2
59	3.63
60	2.7
61	2.84
62	3.32
63	2.12
64	2.49
65	3.63
66	0.94
