1	3.25
2	1.43
3	0.82
4	3.93
5	3.32
6	1.11
7	2.94
8	2.6
9	3.71
10	2.93
11	3.70
12	2.16
13	0.47
14	1.94
15	2.92
16	0.58
17	1.3
18	1.78
19	3.57
20	2.40
21	3.52
22	1.73
23	0.25
24	3.11
25	3.50
26	2.52
27	2.76
28	3.85
29	0.88
30	1.39
31	2.3
32	2.5
33	3.14
34	2.68
35	2.61
36	3.58
37	0.84
38	1.17
39	1.97
40	1.21
41	0.49
42	1.12
43	0.8
44	3.92
45	1.77
46	1.46
47	1.32
48	2.52
49	2.55
50	0.72
51	2.74
52	2.86
53	1.14
54	1.84
55	1.90
56	2.97
57	0.76
58	3.53
59	2.46
60	1.53
61	1.23
62	3.89
63	0.33
64	3.58
65	0.80
66	3.75
67	1.77
68	0.9
69	2.5
70	3.90
71	0.24
72	1.27
73	0.2
74	3.3
75	3.93
