1	1.57
2	3.65
3	1.93
4	1.27
5	2.6
6	0.67
7	2.72
8	2.5
9	3.52
10	0.55
11	0.26
12	1.2
13	2.6
14	1.81
15	2.80
16	0.1
17	1.80
18	1.81
19	1.74
20	2.80
21	2.25
22	2.35
23	0.29
24	1.96
25	2.35
26	1.87
27	3.34
28	2.68
29	3.7
30	3.49
31	2.41
32	3.18
33	0.27
34	0.46
35	3.54
36	2.43
37	1.92
38	3.24
39	3.4
40	2.13
41	3.31
42	2.83
43	0.20
44	0.9
45	3.20
46	3.21
47	2.11
48	1.28
49	2.34
50	3.17
51	3.3
52	0.48
53	0.97
54	3.31
55	2.69
56	3.4
57	2.83
58	0.65
59	3.9
60	1.23
61	0.76
62	3.25
63	1.99
64	0.77
65	2.27
66	0.18
67	1.83
68	1.43
69	1.91
70	0.64
71	1.20
72	3.29
73	0.11
74	1.18
75	0.99
76	1.14
77	2.23
78	1.72
79	2.64
80	3.73
81	0.91
82	2.79
83	3.81
84	1.60
85	1.44
86	1.65
87	1.67
88	1.65
89	2.24
90	2.55
91	1.1
92	0.20
93	0.66
94	0.5
95	3.74
96	3.73
97	0.43
