1	3.53
2	0.25
3	0.4
4	0.57
5	0.14
6	2.64
7	0.17
8	1.52
9	3.65
10	1.35
11	1.35
12	1.39
13	0.90
14	3.83
15	0.74
16	3.87
17	0.69
18	2.57
19	1.49
20	3.90
21	1.16
22	2.54
23	3.27
24	0.56
25	0.16
26	3.12
27	1.86
28	0.7
29	3.38
30	1.44
31	3.97
32	1.46
33	3.98
34	1.12
35	3.20
36	0.22
37	1.25
38	2.81
39	2.8
40	3.94
41	3.27
42	2.71
43	2.54
44	0.94
45	1.85
46	3.97
47	1.87
48	0.6
49	3.75
50	2.47
51	3.40
52	0.17
53	3.7
54	2.41
55	2.80
56	1.55
57	3.89
58	3.34
59	0.61
60	0.74
61	3.46
62	2.68
63	2.96
64	0.10
65	3.20
66	2.71
67	3.6
68	3.15
69	2.17
70	2.92
71	2.78
72	1.62
73	0.59
74	0.84
75	1.0
76	1.74
77	0.67
78	0.79
79	1.24
80	0.90
81	2.30
82	1.40
83	3.95
