1	0.69
2	1.84
3	2.16
4	2.16
5	3.87
6	1.22
7	3.73
8	3.44
9	3.87
10	2.73
11	0.66
12	0.13
13	3.79
14	2.34
15	1.26
16	1.21
17	3.29
18	2.27
19	0.50
20	2.22
21	0.19
22	2.90
23	2.30
24	0.38
25	3.3
26	2.63
27	0.52
28	2.83
29	1.17
30	2.0
31	0.89
32	0.86
33	1.51
34	2.90
35	1.54
36	0.39
37	1.66
38	2.78
39	2.52
40	3.25
41	1.19
42	0.65
43	2.55
44	1.66
45	1.70
46	0.13
47	1.48
48	1.11
49	1.93
50	3.78
51	0.5
52	2.72
53	3.7
54	3.72
55	1.99
56	1.17
57	0.9
58	3.29
59	2.81
60	2.61
61	3.93
62	1.34
63	2.66
64	2.85
65	3.92
66	0.46
67	0.75
68	1.82
69	3.10
70	2.43
71	2.12
72	1.85
73	0.7
74	2.92
75	1.73
76	3.66
77	1.77
78	1.98
