1	3.30
2	4.33
3	2.02
4	0.29
5	3.36
6	4.89
7	2.36
8	2.45
9	2.81
10	1.00
11	1.43
12	4.90
13	2.01
14	2.44
15	0.39
16	4.28
17	3.37
18	2.21
19	1.03
20	0.39
21	4.30
22	1.62
23	4.05
24	3.64
25	2.18
26	4.27
27	0.37
28	4.20
29	2.18
30	1.41
31	4.77
32	4.79
33	3.50
34	2.73
35	1.11
36	0.91
37	2.92
38	2.88
39	1.81
40	1.03
41	4.98
42	0.95
43	4.71
44	0.47
45	3.41
46	4.56
47	2.94
48	1.43
49	0.90
50	3.95
51	1.96
52	1.39
53	2.24
54	3.41
55	2.74
56	4.27
57	3.90
58	2.64
59	1.90
60	1.83
61	1.04
62	2.05
63	2.04
64	3.50
65	4.45
66	4.12
67	3.34
68	0.97
69	3.09
70	2.01
