1	4.51
2	3.97
3	0.46
4	4.71
5	1.42
6	4.79
7	2.11
8	2.28
9	3.00
10	1.06
11	4.04
12	0.13
13	0.36
14	1.71
15	4.57
16	1.40
17	2.30
18	4.51
19	2.94
20	0.93
21	2.98
22	0.70
23	3.65
24	2.45
25	0.57
26	2.63
27	3.70
28	4.22
29	2.82
30	0.09
31	4.07
32	4.21
33	4.47
34	0.48
35	4.36
36	4.28
37	0.98
38	3.83
39	0.17
40	0.09
41	4.00
42	4.60
43	2.53
44	3.01
45	4.12
46	2.06
47	0.66
48	0.04
49	3.43
50	3.95
51	0.24
52	4.73
53	3.40
54	0.74
55	0.30
56	0.09
57	1.72
58	3.42
59	1.07
60	3.68
61	2.47
62	1.54
63	0.13
64	2.62
65	2.19
66	4.62
