1	1.62
2	3.24
3	1.09
4	3.42
5	3.80
6	2.66
7	2.45
8	2.13
9	1.31
10	0.24
11	1.56
12	0.76
13	1.20
14	1.94
15	1.72
16	4.50
17	3.29
18	4.17
19	1.63
20	2.77
21	0.87
22	2.41
23	4.44
24	1.14
25	2.59
26	0.76
27	2.31
28	0.57
29	4.11
30	4.41
31	3.02
32	3.05
33	2.60
34	2.70
35	0.17
36	0.54
37	2.46
38	3.99
39	3.80
40	4.30
41	0.24
42	3.16
43	3.56
44	2.34
45	3.59
46	1.45
47	0.30
48	3.43
49	0.72
50	2.03
51	0.57
52	3.60
53	2.52
54	2.28
55	4.96
56	0.39
57	2.67
58	4.77
59	0.23
60	4.79
61	0.65
62	1.94
63	2.69
64	2.69
65	4.67
66	0.60
67	0.63
68	2.88
69	2.56
70	3.53
71	4.51
72	4.98
73	3.17
74	2.56
75	0.17
76	3.60
77	0.69
78	0.07
79	3.82
80	0.47
81	0.95
82	4.78
83	4.80
84	2.12
85	0.37
86	0.08
87	4.61
88	2.01
89	2.94
90	1.77
91	1.03
92	0.35
