1	1.75
2	4.79
3	0.15
4	0.78
5	1.14
6	4.94
7	3.97
8	1.78
9	3.73
10	2.70
11	2.31
12	3.90
13	3.16
14	2.53
15	0.99
16	2.97
17	0.84
18	4.63
19	3.87
20	2.23
21	0.32
22	4.87
23	1.99
24	3.62
25	3.50
26	0.81
27	2.99
28	3.46
29	0.01
30	3.92
31	4.62
32	4.45
33	2.72
34	3.37
35	4.44
36	1.01
37	4.84
38	3.21
39	4.96
40	3.53
41	3.93
42	0.73
43	3.14
44	0.49
45	2.49
46	3.10
47	1.48
48	0.68
49	2.13
50	4.47
51	4.38
52	2.25
53	4.27
54	4.30
55	1.31
56	2.47
57	0.24
58	0.68
59	4.20
60	3.09
61	4.30
62	4.94
63	1.41
64	0.20
65	2.40
66	0.93
67	1.23
68	2.47
69	1.31
70	2.54
71	0.63
72	4.24
73	0.00
74	2.37
75	3.72
76	1.37
77	0.21
78	2.46
79	4.77
80	2.40
81	0.67
82	1.12
83	3.06
84	4.70
85	4.23
86	3.83
87	3.61
88	4.06
89	1.07
90	3.69
91	1.45
92	0.10
93	2.64
94	3.31
95	3.65
96	1.58
97	0.68
98	4.12
99	0.77
