1	3.42
2	2.16
3	3.18
4	4.89
5	1.66
6	3.10
7	2.95
8	2.02
9	0.91
10	0.24
11	2.41
12	0.16
13	3.83
14	3.95
15	4.57
16	3.81
17	0.19
18	4.03
19	3.79
20	1.75
21	1.61
22	2.29
23	1.73
24	4.64
25	1.46
26	2.51
27	1.97
28	2.57
29	3.79
30	0.03
31	4.88
32	0.29
33	1.30
34	1.40
35	1.03
36	2.42
37	2.29
38	1.80
39	3.56
40	3.79
41	4.40
42	2.74
43	4.18
44	2.06
45	4.77
46	2.94
47	2.83
48	4.03
49	0.01
50	4.30
51	3.56
52	1.14
53	3.70
54	2.85
55	3.07
56	0.26
57	0.48
58	0.72
59	3.30
60	0.08
61	0.12
62	0.96
63	3.13
64	2.00
65	4.91
66	0.76
67	1.58
68	3.00
69	0.54
70	0.84
71	1.47
72	2.88
73	1.18
74	3.76
75	0.12
76	0.73
77	2.77
78	2.59
79	4.28
