1	4.39
2	2.42
3	2.10
4	4.68
5	4.14
6	3.13
7	0.65
8	1.95
9	1.79
10	2.65
11	1.41
12	2.33
13	3.70
14	3.80
15	2.09
16	3.01
17	1.31
18	3.41
19	4.76
20	0.74
21	2.86
22	1.49
23	3.19
24	4.13
25	3.62
26	1.86
27	0.52
28	3.46
29	4.06
30	0.78
31	4.83
32	1.15
33	1.73
34	3.08
35	0.17
36	4.69
37	2.21
38	3.87
39	1.41
40	3.09
41	4.85
42	2.32
43	3.22
44	3.86
45	0.65
46	3.48
47	4.86
48	4.21
49	1.37
50	3.83
51	0.58
52	3.80
53	2.39
54	0.30
55	0.45
56	0.34
57	1.33
58	2.64
59	3.63
60	4.53
61	2.82
62	3.72
63	0.39
64	4.83
65	4.20
66	4.41
