1	3.21
2	4.90
3	0.89
4	0.98
5	3.09
6	0.64
7	4.78
8	4.05
9	3.51
10	3.52
11	0.50
12	4.24
13	2.18
14	0.47
15	0.68
16	2.05
17	3.64
18	3.89
19	2.60
20	0.87
21	4.55
22	1.96
23	4.04
24	0.82
25	4.56
26	0.73
27	0.21
28	0.42
29	0.47
30	2.25
31	1.81
32	0.52
33	1.30
34	1.84
35	2.23
36	2.43
37	1.33
38	2.40
39	1.12
40	4.30
41	3.29
42	3.88
43	1.92
44	3.23
45	0.95
46	1.57
47	0.90
48	3.28
49	1.97
50	1.60
51	3.95
52	1.17
53	2.40
54	2.13
55	3.83
56	0.00
57	2.09
58	4.82
59	3.50
60	4.70
61	4.71
62	1.70
63	1.73
64	2.51
65	2.92
66	1.43
67	0.01
68	3.37
69	0.70
70	0.73
71	0.36
