1	4.53
2	2.30
3	4.60
4	0.30
5	2.98
6	3.44
7	3.80
8	2.21
9	2.59
10	1.89
11	4.96
12	4.52
13	1.45
14	2.23
15	1.89
16	4.58
17	0.67
18	4.87
19	0.38
20	4.18
21	2.57
22	4.90
23	0.36
24	4.93
25	2.10
26	2.20
27	3.32
28	4.52
29	1.31
30	4.48
31	0.22
32	4.77
33	4.75
34	3.27
35	1.40
36	4.85
37	1.75
38	2.88
39	2.55
40	1.83
41	2.58
42	3.72
43	1.00
44	2.95
45	0.26
46	4.75
47	1.36
48	1.79
49	0.88
50	3.43
51	1.66
52	1.06
53	1.24
54	0.16
55	2.31
56	4.51
57	3.50
58	0.67
59	4.98
60	4.11
61	3.11
62	3.96
63	3.04
64	0.49
65	1.48
66	3.20
67	0.71
68	4.44
69	4.21
70	3.15
71	1.48
72	0.41
73	2.93
74	1.93
75	1.02
76	2.31
77	4.06
78	0.74
79	0.23
80	3.06
81	4.84
82	1.91
83	3.26
84	2.23
85	4.29
86	1.83
87	2.37
88	3.38
89	0.91
