1	2.98
2	4.77
3	2.11
4	0.54
5	4.99
6	3.04
7	0.34
8	2.46
9	1.30
10	4.84
11	1.98
12	0.84
13	0.04
14	1.41
15	1.00
16	0.65
17	3.15
18	0.42
19	3.15
20	0.82
21	0.22
22	2.15
23	1.79
24	3.51
25	3.13
26	1.63
27	1.85
28	0.31
29	0.29
30	0.50
31	3.18
32	1.26
33	0.33
34	4.56
35	2.63
36	4.49
37	2.16
38	4.10
39	2.20
40	4.72
41	2.75
42	3.27
43	1.16
44	2.56
45	1.82
46	0.85
47	2.14
48	3.17
49	1.05
50	1.57
51	1.97
52	1.76
53	0.22
54	1.78
55	2.75
56	2.28
57	0.73
58	3.79
59	0.93
60	3.65
61	2.59
62	3.55
63	2.32
64	3.45
65	4.05
66	4.55
67	2.23
68	2.34
69	4.63
70	0.05
71	1.60
72	1.40
73	1.40
