1	2.11
2	2.72
3	4.86
4	4.20
5	2.45
6	3.87
7	2.94
8	1.36
9	1.09
10	3.62
11	4.57
12	4.79
13	1.43
14	0.51
15	4.22
16	2.17
17	1.09
18	3.61
19	2.05
20	0.75
21	3.29
22	2.21
23	3.58
24	3.02
25	2.88
26	0.56
27	3.34
28	1.90
29	2.90
30	4.82
31	1.43
32	3.21
33	1.39
34	3.29
35	4.14
36	4.76
37	0.01
38	3.31
39	4.55
40	0.95
41	2.33
42	3.70
43	1.47
44	4.40
45	1.18
46	4.10
47	3.77
48	2.86
49	0.41
50	1.05
51	4.97
52	2.10
53	3.86
54	1.63
55	1.08
56	2.05
57	2.49
58	3.08
59	3.28
60	3.73
61	4.33
62	1.13
63	4.43
64	3.78
65	4.76
66	2.68
67	4.88
68	0.75
69	0.96
70	3.06
71	2.16
72	2.28
73	2.87
74	3.85
75	1.61
76	0.66
77	1.71
78	2.28
79	0.44
80	3.77
81	3.60
82	1.94
