1	2.02
2	3.51
3	2.73
4	2.25
5	0.12
6	2.00
7	0.86
8	0.54
9	0.93
10	0.47
11	1.53
12	1.15
13	4.78
14	3.91
15	1.67
16	4.44
17	4.43
18	2.03
19	0.03
20	2.33
21	0.53
22	1.69
23	0.43
24	3.42
25	1.13
26	0.49
27	0.86
28	1.54
29	0.72
30	3.00
31	2.75
32	3.83
33	3.48
34	1.81
35	0.60
36	2.78
37	0.64
38	1.15
39	4.94
40	4.43
41	4.55
42	0.76
43	4.87
44	3.56
45	1.10
46	3.89
47	0.28
48	4.84
49	2.29
50	0.43
51	0.34
52	4.80
53	3.87
54	2.05
55	3.82
56	2.90
57	3.26
58	4.31
59	1.85
60	4.01
61	0.25
62	3.50
63	4.90
64	1.68
65	2.15
66	0.83
67	4.91
68	4.76
69	2.94
70	3.54
71	2.39
72	4.52
73	0.89
74	3.29
75	4.69
76	2.23
77	1.82
78	4.36
79	3.58
80	1.88
81	2.49
82	0.29
83	4.63
84	4.48
85	0.24
86	3.38
