1	4.32
2	3.57
3	1.64
4	1.25
5	3.52
6	1.25
7	2.04
8	3.94
9	0.90
10	2.48
11	2.52
12	2.54
13	4.81
14	0.55
15	4.01
16	2.87
17	1.33
18	4.38
19	3.62
20	0.92
21	0.16
22	0.93
23	3.63
24	0.18
25	4.41
26	3.27
27	2.48
28	3.99
29	4.78
30	2.48
31	4.01
32	0.50
33	0.14
34	0.54
35	0.50
36	2.04
37	3.19
38	0.94
39	3.66
40	4.36
41	1.72
42	2.49
43	0.53
44	1.71
45	4.43
46	2.93
47	2.56
48	0.72
49	0.75
50	1.07
51	0.66
52	1.78
53	0.60
54	1.00
55	2.52
56	3.28
57	1.72
58	2.54
59	0.99
60	4.12
61	1.80
62	4.85
63	2.54
64	2.94
65	3.64
66	1.33
67	0.94
68	1.70
69	3.61
70	2.52
71	0.51
72	2.28
73	2.69
74	2.58
75	3.75
76	4.48
77	0.93
78	0.11
79	3.50
80	4.21
