1	3.34
2	3.73
3	4.77
4	4.54
5	2.54
6	0.92
7	2.49
8	4.86
9	1.27
10	1.64
11	3.68
12	1.25
13	0.48
14	2.90
15	3.27
16	3.18
17	2.46
18	0.18
19	1.56
20	2.75
21	1.58
22	4.42
23	0.64
24	1.84
25	3.17
26	3.56
27	2.83
28	3.74
29	1.11
30	4.92
31	2.05
32	1.28
33	1.32
34	1.65
35	4.98
36	0.35
37	1.17
38	2.52
39	2.16
40	2.88
41	4.62
42	0.80
43	2.28
44	4.39
45	2.16
46	4.80
47	2.90
48	2.26
49	4.20
50	0.77
51	4.00
52	3.23
53	2.48
54	0.76
55	2.69
56	3.84
57	4.81
58	2.90
59	0.58
60	0.58
61	3.08
62	4.25
63	2.72
64	2.52
65	4.81
66	1.34
67	4.61
68	1.15
69	3.09
70	2.90
71	3.66
72	3.27
73	1.70
74	0.03
75	2.36
76	0.43
77	2.96
78	4.48
79	2.21
80	2.82
81	1.26
82	3.55
83	4.82
84	0.22
85	3.43
86	3.88
87	1.32
88	2.47
89	0.36
90	1.16
91	1.54
92	4.61
93	0.97
94	2.93
95	4.34
96	3.39
97	1.06
