1	1.42
2	2.22
3	2.98
4	3.41
5	4.52
6	1.09
7	0.70
8	4.57
9	3.01
10	0.73
11	1.22
12	4.58
13	3.42
14	3.05
15	1.52
16	0.35
17	3.46
18	2.69
19	1.53
20	1.97
21	1.19
22	2.25
23	2.64
24	0.67
25	1.12
26	0.69
27	0.47
28	4.93
29	3.81
30	1.68
31	4.59
32	4.44
33	0.45
34	4.78
35	3.08
36	2.10
37	1.59
38	0.61
39	3.52
40	4.82
41	0.04
42	1.36
43	3.90
44	1.20
45	2.49
46	2.35
47	2.10
48	0.80
49	4.78
50	4.39
51	3.07
52	3.99
53	3.43
54	0.12
55	1.12
56	1.89
57	3.57
58	2.27
59	3.94
60	4.92
61	1.24
62	0.02
63	2.95
64	4.68
65	3.00
66	0.10
67	0.34
68	2.04
69	4.21
70	1.39
71	3.87
72	1.43
