1	0.24
2	4.85
3	2.26
4	3.38
5	1.07
6	1.54
7	2.27
8	4.18
9	3.77
10	1.15
11	3.49
12	0.34
13	2.32
14	4.37
15	3.12
16	3.57
17	2.11
18	4.04
19	2.38
20	1.92
21	1.77
22	3.55
23	2.48
24	0.09
25	4.54
26	4.71
27	4.80
28	0.12
29	4.58
30	4.05
31	2.53
32	3.54
33	0.32
34	2.10
35	1.39
36	1.22
37	4.58
38	0.19
39	2.54
40	3.54
41	3.39
42	1.94
43	3.00
44	2.42
45	2.66
46	3.51
47	1.02
48	3.55
49	2.69
50	2.39
51	0.65
52	4.38
53	3.48
54	1.83
55	0.75
56	4.08
57	4.71
58	3.43
59	1.18
60	2.57
61	4.73
62	4.59
63	4.70
64	0.35
65	1.73
66	0.83
67	1.10
68	0.04
69	4.53
70	3.60
71	3.47
72	1.01
73	3.82
74	4.07
75	1.64
76	2.65
77	4.83
78	4.16
79	0.57
80	1.96
81	0.67
82	0.15
83	0.25
84	0.48
85	1.48
86	0.93
87	2.84
88	2.14
