1	1.46
2	3.16
3	4.25
4	3.85
5	2.56
6	0.91
7	4.37
8	0.75
9	3.88
10	1.05
11	0.11
12	2.10
13	4.40
14	0.29
15	3.32
16	4.52
17	0.11
18	0.35
19	4.28
20	0.98
21	1.03
22	2.89
23	4.63
24	3.92
25	3.12
26	1.13
27	3.63
28	0.99
29	4.44
30	3.41
31	4.17
32	3.52
33	2.53
34	3.35
35	0.80
36	0.04
37	0.65
38	2.77
39	1.77
40	0.27
41	3.51
42	4.53
43	2.61
44	3.92
45	2.24
46	4.06
47	0.77
48	3.67
49	1.70
50	1.15
51	0.54
52	0.58
53	1.48
54	1.71
55	2.63
56	3.87
57	1.79
58	4.22
59	3.10
60	0.94
61	0.41
62	2.67
63	0.60
64	0.36
65	3.72
66	3.97
67	3.30
68	4.90
69	1.58
70	0.63
71	2.33
72	0.04
73	0.24
74	3.93
75	4.37
76	2.23
77	2.06
78	4.31
79	4.54
80	1.24
81	2.83
82	0.38
83	4.39
84	2.10
85	4.17
86	2.47
