1	3.96
2	0.88
3	1.71
4	0.54
5	3.92
6	1.99
7	4.65
8	2.04
9	3.91
10	3.46
11	2.06
12	3.20
13	3.11
14	2.73
15	2.35
16	3.51
17	1.51
18	4.96
19	0.78
20	1.94
21	0.34
22	3.89
23	1.55
24	3.08
25	2.22
26	3.52
27	1.90
28	2.67
29	2.41
30	0.80
31	3.41
32	4.95
33	2.20
34	2.95
35	1.47
36	0.70
37	4.12
38	4.52
39	4.59
40	4.94
41	3.30
42	0.23
43	2.64
44	3.18
45	0.10
46	4.03
47	3.76
48	2.39
49	4.33
50	2.08
51	4.77
52	0.47
53	0.05
54	0.92
55	1.65
56	1.78
57	2.05
58	1.68
59	0.62
60	2.56
61	4.46
62	1.72
63	1.35
64	2.98
65	4.13
66	4.54
67	1.00
68	0.63
69	4.10
70	2.57
71	3.25
72	4.01
73	1.75
74	4.72
75	0.49
76	2.10
77	1.73
78	2.43
79	1.27
80	2.85
81	0.51
82	3.51
83	3.51
84	0.14
85	2.81
86	1.16
