8735	3.6692
10293	.9004
13337	2.1251
25686	2.6767
30579	1.4348
18669	.1567
24671	2.2299
32033	1.6203
3752	4.3279
15685	2.4489
13852	3.5212
6881	4.2075
22911	4.4521
12819	.8743
10816	3.3866
26500	4.3429
15001	2.8417
12066	.8513
31054	4.4149
704	1.7137
3720	4.8757
16153	2.0854
10098	.4547
27065	2.6297
8132	3.1843
8806	.4089
29521	1.8401
31752	3.6687
12024	2.4178
17445	.4766
25466	3.5987
118	3.1638
24937	2.3165
23532	4.3945
4835	1.5500
30267	3.4127
23179	.0431
3530	.2575
32564	.0468
15788	2.7004
31301	1.4160
26467	3.9941
7663	3.4650
17323	1.8185
16057	3.8612
2439	1.4169
11589	3.3132
10223	3.7997
16144	3.8196
28488	3.7469
8148	4.5788
13122	4.6766
20836	4.1177
7630	3.3368
24044	.6973
22399	3.9800
21501	3.1411
2147	3.3974
12610	3.1684
28615	.0141
2845	3.3132
10969	.6007
3578	2.8139
18574	3.5413
30644	.6906
30230	3.9266
13160	2.1062
2785	2.2586
25061	2.9683
4621	1.2797
18922	1.8030
