21086	1.5860
21523	2.0538
14799	3.9338
22577	1.4487
31608	.9266
6098	.2117
29152	2.6239
15495	1.1917
29794	4.8174
26247	.3625
27077	1.9708
2610	1.3084
28309	.5262
31461	3.2454
30612	1.6003
14161	1.4908
11005	.0524
97	1.4622
5811	3.1786
19293	.5346
101	2.6886
27738	3.6477
5866	.0209
31869	.9320
32595	2.4489
18966	.8624
8980	3.1199
12721	4.7672
25311	4.4596
17554	2.5949
2651	1.4404
26034	2.8852
17795	4.1537
12587	.7567
4155	.1857
17033	2.5731
21730	3.4473
27543	2.3656
11232	2.2649
8279	2.0896
18085	3.6979
8077	4.6812
528	4.6559
31341	4.5838
5225	1.4119
13550	.5198
5392	4.0859
