26603	1.2721
3746	2.6442
14590	1.7593
18347	3.6701
12700	.2223
1176	4.5698
19821	3.4354
23596	.6695
24212	4.5086
19769	3.2741
6389	1.8381
12893	1.3258
2220	1.9026
81	1.8884
26329	1.8134
15378	3.5657
18919	4.6249
7227	.5554
26470	.8404
5021	.9234
16827	3.1621
30057	1.7015
23791	3.7270
28010	1.0956
31379	4.5159
31116	3.4166
1536	3.2340
9690	2.2702
5234	3.7313
19754	.2804
16417	4.5709
27200	.8442
10512	3.0188
28011	1.9711
12761	4.7897
13616	1.3838
26704	1.0136
28118	.3827
1942	3.8769
14975	4.2600
4610	.3294
16776	.0114
26892	.8424
19683	1.6774
24021	.5916
22755	2.4463
16284	1.1404
11132	.0576
24626	4.9913
4439	3.4621
4482	.2342
8247	1.5308
12970	3.2360
18163	1.7561
3415	4.7743
22677	2.3055
22749	3.4458
7958	4.0078
5359	4.9237
29617	2.5412
6805	.1661
18891	4.1895
24390	2.5035
1446	1.0808
4775	.0567
6773	4.4343
9034	4.2986
1637	4.6690
24427	1.4893
29460	3.7638
13370	3.7862
25188	3.3484
7898	4.6096
7863	1.2442
8821	2.0076
14293	1.3547
11163	3.4098
23095	3.1337
4246	4.2797
15276	4.7151
22485	.2148
12471	1.0710
8442	4.4100
5134	.1521
21946	.3628
30757	3.9088
29960	.0146
5123	3.4768
7452	2.0238
17492	3.9489
10071	1.3713
24064	3.3016
28902	1.0472
19662	.1567
6124	4.3578
12885	1.3599
11497	4.4914
5917	3.8515
19488	.7618
1289	2.5371
