432	4.8136
2800	.0755
6572	3.0372
8939	1.1564
29649	.3404
17825	2.6082
30353	3.4476
15360	1.5089
23849	3.4156
18894	1.5593
29904	3.0530
15696	2.0842
29025	1.8391
21751	4.6899
20901	2.2162
13155	3.3138
12372	1.7349
3556	2.2536
1910	.6860
32290	2.9357
29398	4.8609
20916	3.8758
14817	.2803
7293	3.0393
28826	1.3330
7564	2.9651
4153	4.3125
13906	1.8994
32002	1.1380
17748	3.8975
12355	3.3060
15934	4.4982
30455	1.3441
21194	4.5594
23462	4.3893
7700	4.3736
28452	2.4512
17866	2.7565
1705	2.0099
26703	.9939
14445	3.2688
8311	1.6464
3764	2.0039
21874	4.4177
18333	1.4467
7557	1.0571
15204	.8336
24233	1.8845
22474	.1336
9171	1.0391
10156	4.6841
19237	1.0570
1606	3.3098
31434	3.6548
32705	2.1887
31447	.5636
29361	1.1743
22384	4.1378
8849	2.4559
2201	1.1264
