6745	2.3851
32600	1.9495
8477	3.0913
5911	2.9157
8238	1.3010
27306	1.7926
20566	.3102
21219	1.6898
23524	4.0200
1366	.3378
22964	3.3089
26177	4.6391
17504	1.4346
5847	2.9297
10893	1.3924
14933	1.1226
15689	3.4864
14179	3.1733
28714	3.5363
447	4.3505
12345	3.8799
4743	3.9135
4126	1.5503
16488	.0851
2742	2.1944
17365	2.4498
25746	1.2401
16403	1.4386
17205	1.1958
21605	3.6152
21953	.5192
10445	4.2001
13176	1.7073
5141	1.3509
816	4.8770
18278	1.7574
742	3.0968
30887	3.9884
21573	4.0658
10860	.3874
11441	2.1808
18826	2.1608
9807	2.7555
7294	.0624
7522	.3607
11947	3.1029
31177	2.3982
15114	2.7823
8862	4.7933
22090	3.1124
13518	1.6168
25418	2.9180
16929	.0827
7317	2.8510
13415	3.4649
23104	2.1451
16782	2.0627
731	.4391
31048	4.8899
87	3.5273
27255	3.5283
12637	1.7773
30956	2.0108
23465	4.8126
14254	2.5397
1022	2.2173
15954	.1188
1382	2.7710
28978	2.4777
18908	2.7672
13647	.0744
23804	.7924
15344	1.1825
9255	3.1429
2299	3.9408
16340	4.1096
10885	1.4310
16032	2.8594
11093	3.4672
3991	3.2039
7783	4.5504
12488	4.0292
17936	.2650
21332	2.9821
13573	2.4626
292	.9360
3796	4.8425
12322	3.8764
14806	.7791
9089	3.2992
5636	3.5872
32176	2.5023
14214	1.8616
25690	2.9689
29987	1.3216
26365	3.5830
32043	3.6658
5276	4.2260
