30974	2.0220
9992	3.0677
13156	.2565
30027	2.3676
5566	1.3991
30431	3.6030
15089	1.9148
19457	2.0551
25844	3.1679
117	4.9794
8837	3.4395
21111	.6791
16050	3.7540
13427	2.4243
1555	1.6852
20679	.1149
15916	.7132
22152	2.6537
1559	.0900
27951	2.5362
19331	2.5659
1619	.8714
21451	.9007
19752	1.6595
32072	.2523
6689	.1870
2071	4.2014
18664	2.8252
1005	.5224
32045	1.7043
14710	.6500
31300	.7278
6264	2.3561
31129	3.6167
14830	1.0557
31127	3.7951
24150	1.0953
6124	2.2696
7576	1.6432
29099	1.4633
8426	2.4312
383	1.3476
28632	4.3186
1734	1.4667
14576	1.6162
6948	4.5602
2715	1.5312
30616	4.9766
8498	1.2604
30707	2.8705
5083	.5766
12748	1.8254
20468	4.7447
17317	3.0166
