7749	4.7094
21807	.5742
7893	.5061
18212	1.4735
4869	4.2110
24434	3.4658
15757	2.6007
4053	.1139
28050	1.3493
17008	1.2636
872	.9228
11448	.3416
30222	2.4164
8056	3.1434
5806	3.9361
3825	.3773
7020	.4232
27466	1.9985
1017	2.6308
1554	1.7387
3546	.3053
31858	1.0057
23162	1.8268
15298	2.4387
26376	1.8491
26297	2.5984
6120	1.9052
13709	1.6055
17271	2.6737
29005	4.4506
31600	2.7822
30574	.3932
3233	.3428
13313	4.5548
13761	.1666
9758	2.2096
4897	.8679
29692	2.4729
15860	2.2440
32443	.3262
12515	2.2118
6527	2.4652
