7598	.2026
11817	3.3376
6075	.9938
9747	4.1752
16898	4.4883
7162	4.4994
17251	.9817
14566	2.4381
2709	2.7777
24336	.7826
7490	4.7183
26132	1.4159
13788	3.4841
5906	1.0866
17555	1.5363
13260	4.8605
12493	4.0122
5886	1.3986
9222	3.4063
5723	2.4193
21050	.1240
27914	2.0061
26051	4.5744
5105	3.8450
18450	2.2725
21278	4.0826
32191	3.5587
7258	2.1671
5573	.7065
26668	2.7658
19032	1.1821
30914	4.5687
11333	2.4883
27798	2.3876
6813	3.3625
18995	1.6782
6272	.4673
13462	3.7575
7522	2.4437
3797	2.4417
22300	1.1960
10620	4.3049
12100	2.1131
10857	3.3745
29150	2.3702
22866	2.4242
6420	3.5126
6014	4.0150
28480	4.3029
297	.7502
15068	.8215
30920	1.8039
8055	1.2982
32502	4.2959
31444	.3913
8462	3.9407
9710	.5015
25123	2.5203
6183	2.2215
10713	3.0329
27855	2.2867
11942	.3610
20072	1.6374
12886	4.4709
20313	4.9359
2694	3.0278
30266	1.5001
26964	1.9246
7637	.6965
16472	4.8112
22233	4.4868
24023	.3585
30025	4.0281
14402	4.5561
31255	1.2285
4175	.4832
26939	4.0484
15823	.7367
31171	1.7474
3707	1.8956
21881	.7794
7488	3.0970
26326	4.7376
559	1.3910
7033	3.3758
20663	1.6556
14458	1.2808
2007	3.7960
24925	.0033
19679	1.4416
21705	4.5855
22594	1.7336
31195	3.3301
19828	.5278
8565	2.8742
11530	3.0643
5450	3.4813
19092	1.1152
16756	3.4240
