20119	.6274
11930	.0842
12191	4.0198
31968	2.5376
27805	2.6419
25161	2.8870
25519	1.1638
3851	.5714
7222	4.6751
15221	3.0806
13896	4.9641
23724	.4388
15770	2.1423
29081	4.9586
9333	2.9273
10783	3.7624
2121	1.8823
29819	4.3282
29351	.5594
26303	2.4021
4814	3.4257
5464	4.9929
19479	3.8480
12211	1.2927
10484	3.0179
18099	4.2503
16436	3.0103
10975	.6894
20439	2.4800
19125	4.9153
27499	.5005
21104	2.2606
17075	.1510
32506	1.2799
28029	.3520
17207	3.6060
26802	.9999
4244	4.9337
28306	3.8238
19388	1.2791
13776	.0621
2817	1.1099
29545	.1387
3891	1.9107
30954	2.1982
25906	2.4578
27147	1.1944
6247	2.2733
6274	3.0825
8218	.1387
17126	.7226
14977	.0300
10026	1.6641
18607	3.0353
5372	.9456
12936	4.9900
1486	1.9183
6048	.3645
3637	1.4137
17826	4.9085
7579	.2264
11955	4.8332
29872	2.3279
23382	1.6428
10456	1.2561
3262	.7760
5487	1.5259
11238	1.5945
4570	1.6985
14710	1.7856
2295	2.1752
8032	3.9556
31027	3.5906
7405	2.3223
7982	3.5824
17208	1.0275
15484	3.2586
6986	.6688
6691	1.5810
197	.0828
4512	3.7809
8854	4.4538
26458	2.6429
23639	3.6191
21450	2.1550
12249	.2195
