20529	4.1114
23578	1.3332
16320	2.7956
28154	3.4794
18589	4.8800
31606	2.6354
9003	4.0881
3390	1.0913
25125	1.3556
27960	.6349
8284	2.9129
11234	.6501
16864	.1902
11045	3.3843
14211	4.9740
10992	1.3960
14193	2.7509
25220	4.0789
29226	.4792
19416	3.1707
29793	.7504
10987	2.3586
1237	1.9627
5473	2.0896
16247	4.5913
15199	.8497
10993	3.1362
30583	2.1880
19566	2.9801
2086	1.7390
20614	3.3977
27152	3.2880
30158	4.6620
27358	4.3282
22268	2.3358
31400	.6918
31569	.0180
10960	4.8297
28453	.3427
13814	4.4807
23125	1.8320
10646	.5644
3411	1.0708
636	3.0677
17780	.3530
4727	1.2465
4851	1.5413
21054	1.3586
12455	3.4130
32706	4.1808
17221	3.4385
1672	1.6116
2069	2.7541
29709	2.2881
11742	2.6328
1821	1.1154
20933	2.4770
6284	2.2855
19726	3.2987
28828	1.0269
21106	3.9858
2029	.9474
32542	3.3988
25915	1.4162
11026	3.1867
23552	4.3595
16578	1.9292
23289	4.2713
28439	1.8591
5667	1.8333
1215	.5919
25808	1.0547
17200	3.6811
21609	2.1730
30259	2.0708
11850	.6802
7359	2.5475
29405	2.5461
16834	3.9646
1441	.4176
15403	1.3905
