28540	.9405
21222	1.2990
13403	2.9335
28131	1.1821
21445	4.2110
12387	2.6660
13487	1.8114
3224	4.2718
25564	1.8762
7294	1.7365
17219	1.8829
26488	4.6241
12737	.2839
745	4.4062
6544	3.6703
17071	4.9417
5553	1.9466
21320	4.3084
23388	1.9844
31513	3.0666
20412	3.5522
27463	2.7256
10220	2.6696
6350	3.8306
10877	4.1811
31685	3.1437
32439	.8197
14879	1.4777
29178	3.7237
691	1.3721
18995	1.4107
29735	1.3069
22732	.7281
27723	4.6218
14893	4.2854
24711	4.7538
19955	.8549
13186	4.0711
13236	1.7166
9791	1.6646
9855	1.0225
6768	2.1018
22279	2.3853
4015	2.3923
19484	1.5692
21558	.9999
9889	4.5669
8572	2.2602
21984	.2105
3478	4.4491
31276	4.9119
7708	4.3523
29675	3.7888
24909	3.2096
12096	2.5121
17387	3.6776
9198	4.6928
24853	2.0456
19583	1.1761
16359	2.0770
2709	1.6594
27611	.4199
7510	3.7632
12735	1.1012
9839	2.7875
22394	1.6899
19030	4.5381
14901	3.5720
10016	1.1835
30610	3.7049
22806	3.8209
20218	1.3072
14614	4.1273
2337	1.4549
31361	3.9757
23244	.2536
13241	1.6638
31617	1.3777
9139	1.4075
1731	1.2697
12210	3.0881
