18116	2.7376
8775	.9201
7635	3.2326
2552	2.7791
3035	2.5914
938	4.3946
6591	1.9927
20682	3.9855
7045	2.2263
19923	2.9030
26920	3.1598
29258	2.7111
5730	3.7556
5781	.1139
13035	1.5042
5121	1.6287
30019	2.6433
8944	3.1815
25059	2.2760
7014	3.0483
32071	4.6208
28135	3.3802
2113	4.1935
28227	4.8884
108	2.6664
29580	4.2626
1891	4.6229
2507	4.6807
11485	3.4980
1689	4.4604
18524	1.7122
15850	.0144
2046	3.0695
18342	4.0823
31989	4.9147
23502	2.7588
19094	3.7725
25554	3.8303
720	4.2423
13178	2.6364
18368	2.8476
15032	2.8197
4192	3.4620
12532	3.1591
9156	.5111
6796	.5526
27210	.7116
13599	4.8399
2104	4.1138
13266	.9425
23058	3.9005
2467	4.5091
27210	2.2865
16189	2.4558
28146	3.5468
17361	4.2315
32352	3.8517
2947	4.5486
24775	.0788
24208	.0770
24586	3.8692
25628	.3111
8354	3.4150
7468	1.4940
29500	1.5375
4938	1.8623
32695	2.8150
27904	1.2388
9382	4.5641
5865	4.2790
21868	3.5967
13618	1.7093
7801	4.0736
9662	2.3740
2105	1.9826
690	1.9953
30698	3.1469
12895	2.7056
8932	.2072
10623	1.4958
31248	1.9498
14632	2.9439
11934	.9955
14895	4.3803
32675	3.2958
20458	.9167
14422	4.2634
11329	1.8671
6107	.6353
12104	1.8462
8385	.7972
2753	2.9383
2994	3.1583
30558	1.8739
29798	1.5710
22438	3.0904
