16948	4.7454
8585	4.8057
12410	4.1537
8209	4.5242
21392	1.5421
5669	3.7170
32241	3.4151
28235	2.5757
9002	4.6502
17839	2.3751
9359	1.4410
15608	2.9819
25926	2.7008
27675	1.4342
6540	3.5590
27459	.1895
670	1.8156
25263	1.3113
22022	3.6851
20625	.3057
6606	1.2166
25167	3.7769
2677	.1699
13118	2.7214
28934	1.2129
14094	2.5893
272	2.1031
26929	2.2649
18504	3.8822
4299	2.5693
17441	2.5768
3662	1.8019
21495	3.0196
11565	2.8553
13522	2.9131
7493	3.9332
27929	3.6132
22684	1.3887
16963	4.5123
954	1.2364
30306	1.6396
25497	2.6020
28505	1.8056
23376	3.1310
14281	3.3776
9445	1.0324
25257	4.0021
31100	4.4384
27642	3.4788
11716	2.4629
16032	3.4426
6400	4.5913
11397	1.8199
1383	.1631
22665	2.9915
23760	4.9975
8701	1.9896
12740	.0688
29191	.1191
19168	.0379
27807	1.7140
29320	4.5242
24454	.8217
2867	2.0822
861	4.9368
10032	3.2583
1610	2.3848
12490	.1194
19747	2.6754
21401	2.6287
10771	.0529
25892	1.8604
17661	.4528
28432	2.3027
16699	1.8866
