14799	1.3420
25608	4.3479
142	4.9719
31202	.0248
1688	4.1856
27760	2.4500
14573	2.3847
31538	.0968
11960	2.5458
23651	3.1754
9883	4.3227
30078	.5729
30763	4.0780
29009	4.3212
18489	2.4570
12460	.8076
3627	2.1880
1535	4.0754
20253	.4803
10743	.3106
29429	4.3838
29076	1.3927
32670	.2159
10070	4.2638
12707	1.3924
32576	2.0174
4245	1.6496
25660	.0775
28234	1.5334
5938	3.7997
29617	.8244
14040	.1197
24792	2.6735
16650	3.3124
20677	4.3926
28195	1.5381
27262	3.9587
11221	1.8181
19946	1.0216
31774	3.0982
28602	.9143
30018	2.8814
26622	2.5582
6086	2.4053
8774	2.2808
22796	.8551
19236	2.3822
20830	2.1431
18126	.6056
11530	1.2273
11040	3.2522
6910	3.5042
18947	2.0198
20999	1.6940
31784	4.8472
