19960	1.4210
24817	1.2666
32534	4.2893
6051	3.9262
21850	1.4748
10994	3.0695
9178	.7617
26231	2.9157
10127	3.9478
8752	3.6053
15056	3.0236
21404	1.1011
17624	2.3258
24504	.9482
21888	1.7590
25813	4.8199
5377	4.9159
30759	.2713
24434	3.2291
30032	1.3547
1413	.5563
28531	.2780
26870	.2383
32182	3.7308
16171	.9793
20113	4.1584
18725	.2348
17443	1.8729
28249	.2265
15528	1.1195
20681	3.8933
29035	1.2475
15380	1.1954
32659	4.3005
6678	2.2638
18552	2.0168
32070	.8436
8314	4.0415
16673	2.1689
4131	1.7802
30625	3.4914
10582	.5157
23009	2.5032
32707	.1921
29377	2.6519
7613	1.4839
4961	.2153
19928	.5018
12158	2.4605
8131	2.3551
29419	1.7557
21871	3.0414
1794	.3080
21101	3.7189
955	2.9143
6767	1.5660
10617	1.6377
31712	3.1637
15237	2.0076
12378	2.8409
27614	3.4202
31733	2.0294
16553	4.1839
14699	1.9798
21876	3.6921
26692	4.3099
22369	.3895
12397	3.5772
17822	1.0647
16455	4.0142
10705	2.4626
24935	.5877
25034	3.9837
14910	2.2057
25874	4.6868
15048	3.3213
23739	.7725
4805	1.4146
30911	4.5496
26396	1.2826
911	1.4751
9177	3.0796
3470	.8775
26352	4.5233
8924	.3312
13948	4.2580
14084	4.4430
1121	1.0107
