14815	2.7961
4324	1.3255
27061	.4628
3866	.8119
10275	4.2307
8006	.2551
18878	2.3249
25568	4.5976
7243	.2595
5686	3.4141
19823	.3349
28353	2.4217
188	1.7012
18091	4.0301
5752	.3985
18333	2.8218
8870	1.8604
26409	.1445
22387	.9669
16904	2.7149
16888	1.5115
5309	2.4544
13384	.1739
5161	.8613
9096	1.8851
22643	.3698
3501	3.6690
25835	2.7861
12934	1.2921
8018	1.1294
24160	2.0007
30504	3.8120
5795	2.8972
19993	.3392
20352	2.7150
6564	1.3054
5707	2.0311
20233	3.8662
2674	4.5727
17085	.9198
17323	1.9943
18141	.2368
22526	4.6697
29206	3.5390
12637	2.8255
22732	2.3720
22735	2.8370
14389	2.6303
16299	3.3742
7860	2.8946
22215	3.2114
9983	4.6203
13833	3.1618
13717	2.5513
30453	.0746
23172	2.9432
5165	2.2499
16529	.9791
28665	.5691
32045	3.6129
19437	.8418
19374	1.1145
8653	.5912
8122	2.5925
31165	2.1193
806	.1965
29833	3.1577
22945	.2908
22998	2.2695
2693	2.7883
11499	.3460
13556	2.7578
1901	4.6989
10506	.9526
29594	.7875
5758	.4911
12434	4.4683
27361	1.6365
24905	.0418
1313	.7823
