12282	.8079
20312	1.8901
15243	.2525
20184	1.3129
21459	1.8442
23440	3.9803
21838	1.8352
5086	2.4868
25645	4.1410
29520	.9543
12785	2.1311
22957	2.7442
6787	3.1380
18178	1.8961
195	1.2266
10507	2.1709
8234	1.5271
20782	.3373
15801	1.2639
29036	2.8408
29838	2.3473
14401	2.3233
14871	.9439
31699	1.2515
23977	.8920
2551	.6222
21269	.3396
4079	.0274
8831	2.7613
20806	4.1280
20703	2.8644
3149	2.1388
18610	4.9371
24031	2.6540
8104	2.9528
30173	2.1366
6500	.3279
24586	.4118
10123	.2249
23471	2.9419
31346	4.3423
2053	1.7543
10779	3.3790
2427	3.5309
12388	.6840
18117	.2082
27274	4.3325
18111	4.3302
899	.8189
19441	4.8995
28849	.1351
16838	2.8055
29407	1.9519
16781	3.8827
17379	4.0185
16625	2.0331
26614	4.5965
32299	3.2305
3904	4.6272
27286	1.4065
20243	4.9540
16365	3.8727
14711	.1953
23509	1.4201
18023	4.0514
24798	2.0055
27248	3.7209
