26895	1.2170
23088	4.1619
8835	4.6987
19029	.4228
18242	2.1391
22653	3.9823
5365	4.9745
27054	.8075
22412	2.1272
22578	2.2106
25017	2.1691
29682	4.3780
9926	3.9487
6065	1.5500
4096	1.3248
1965	3.2900
29672	3.8384
6410	4.8641
1459	2.2846
24165	.5327
29778	.1402
28126	.3967
4049	3.4301
31167	1.3156
8969	1.5845
24118	2.7227
18889	.8401
20934	3.5282
10865	.1913
29293	1.7072
28691	4.6282
29603	1.8068
2126	3.3326
22721	2.0178
8447	4.5074
25909	.7403
13013	2.3006
18762	.2304
22197	1.6103
13567	1.9649
4115	3.6989
28990	1.5677
18104	2.4396
25585	.3857
29529	1.5498
24946	4.1857
4382	1.0916
27749	.2615
5152	2.9743
29532	3.1662
21421	.8732
7667	4.1891
23756	4.4924
22165	.5366
2779	2.9178
13857	1.0466
23471	1.0223
18718	1.7647
29686	.2519
22820	2.0787
32513	2.1253
20771	3.9605
21425	3.4380
16758	3.9846
27089	.2000
18297	2.1913
29401	4.6067
2971	4.7978
5984	1.1081
13547	2.6078
16449	3.8850
29905	2.8395
26898	3.2024
19265	3.8157
8516	3.8096
30614	3.2354
6788	3.0349
24045	.5014
2110	2.3459
17957	3.0724
10869	1.2338
7128	.4704
12864	1.1871
2580	.6501
20311	.5597
788	3.5595
16008	.9967
31486	4.5106
29512	.7184
7901	3.4833
17061	1.7398
3697	1.9060
22647	2.8287
11355	1.1024
30532	2.6636
18900	3.5090
14148	1.0151
5280	1.7084
