28377	3.3626
27214	3.7699
22309	4.8878
22964	2.9262
14985	2.9798
31524	1.9652
1670	1.1864
30257	1.0153
14023	2.6715
21692	3.6533
10210	3.7278
28256	3.4723
5239	1.8080
16691	.3581
11373	4.2756
24792	4.2765
16828	4.7126
9425	4.8594
11706	3.9524
19984	4.8117
6526	.4840
18376	2.1631
20759	3.9573
17729	4.1474
12971	1.6815
8761	4.4619
1253	4.7624
29995	2.9471
4665	2.6232
26114	1.2562
13463	.4602
10715	.5044
9420	2.2473
32415	1.5175
11562	4.2478
14825	.2262
8160	3.9112
25665	.5677
9142	.4954
5025	2.0892
27815	4.8529
132	3.0297
26888	4.0232
9905	1.7983
16537	.3633
1869	.5862
28774	3.0510
14878	4.5065
4307	3.4347
11628	2.1880
7207	1.6066
18317	1.3521
12920	.6147
31627	1.6167
674	4.3653
25395	.5298
