1	3.26
2	3.42
3	1.1
4	2.68
5	0.0
6	1.26
7	3.22
8	0.47
9	2.28
10	0.40
11	2.33
12	0.52
13	0.1
14	2.54
15	3.42
16	1.54
17	2.38
18	1.57
19	3.99
20	3.12
21	1.28
22	3.31
23	1.13
24	0.77
25	2.66
26	0.66
27	3.11
28	1.50
29	2.20
30	0.65
31	1.79
32	3.81
33	2.84
34	3.54
35	0.69
36	3.12
37	0.99
38	0.4
39	2.34
40	1.22
41	1.9
42	3.53
43	2.20
44	2.99
45	3.33
46	3.82
47	1.33
48	2.37
49	2.21
50	2.67
51	2.4
52	1.66
53	2.98
54	0.23
55	1.63
56	2.63
57	1.22
58	3.3
59	3.27
60	0.92
61	3.40
62	1.34
63	0.72
64	1.51
65	1.94
66	0.7
67	2.16
68	0.20
69	1.15
70	2.90
71	1.58
72	2.59
73	0.1
74	0.16
75	3.14
76	2.56
77	1.47
78	1.47
79	3.57
80	3.6
81	0.3
82	2.54
83	0.33
84	1.54
85	3.99
86	0.55
87	1.81
88	3.17
89	1.99
90	2.85
91	3.59
