1	0.39
2	2.74
3	0.99
4	0.88
5	0.72
6	1.87
7	0.79
8	3.74
9	1.11
10	3.28
11	0.39
12	1.63
13	2.74
14	1.59
15	3.90
16	2.48
17	3.93
18	1.63
19	1.54
20	1.66
21	2.16
22	3.6
23	2.92
24	0.94
25	0.38
26	1.99
27	2.45
28	1.57
29	1.84
30	1.25
31	1.21
32	3.61
33	1.66
34	3.3
35	2.54
36	2.33
37	3.85
38	3.61
39	3.50
40	2.81
41	2.62
42	0.71
43	0.1
44	2.64
45	3.28
46	2.17
47	0.19
48	0.38
49	2.55
50	2.79
51	1.31
52	2.31
53	2.63
54	3.46
55	2.52
56	2.33
57	3.98
58	0.80
59	0.1
60	2.28
61	2.93
62	1.14
63	0.0
64	2.32
65	1.34
66	1.24
67	3.59
