1	0.81
2	2.38
3	2.23
4	1.85
5	0.52
6	3.74
7	3.19
8	0.14
9	1.29
10	2.47
11	2.19
12	0.30
13	2.53
14	2.48
15	1.76
16	1.86
17	0.45
18	0.39
19	0.42
20	2.18
21	1.74
22	0.55
23	1.12
24	0.84
25	2.14
26	3.73
27	3.25
28	2.15
29	3.33
30	2.19
31	0.19
32	0.0
33	1.68
34	2.20
35	0.52
36	0.82
37	1.12
38	1.78
39	0.65
40	1.38
41	0.71
42	1.12
43	2.81
44	0.52
45	3.4
46	3.99
47	3.97
48	1.61
49	3.43
50	1.6
51	0.32
52	0.59
53	0.5
54	0.62
55	3.94
56	3.5
57	0.42
58	3.51
59	3.66
60	1.1
61	2.54
62	1.32
63	2.71
64	1.92
65	0.21
66	2.52
67	1.43
68	0.46
69	3.30
70	0.87
71	0.62
72	1.50
73	3.45
74	0.83
75	1.39
76	3.27
77	1.68
78	1.80
79	3.41
80	1.0
81	3.25
82	0.17
83	0.98
84	0.29
85	1.88
86	0.16
