1	1.3
2	3.17
3	0.49
4	1.52
5	2.92
6	1.58
7	3.28
8	3.3
9	0.26
10	0.30
11	1.69
12	0.3
13	2.28
14	0.0
15	3.37
16	3.34
17	3.60
18	0.43
19	1.38
20	0.77
21	2.42
22	2.37
23	1.0
24	1.23
25	2.3
26	3.87
27	1.8
28	1.4
29	3.32
30	3.90
31	2.84
32	0.9
33	0.42
34	2.10
35	2.74
36	1.27
37	0.0
38	0.40
39	3.34
40	2.0
41	3.10
42	2.76
43	3.90
44	1.17
45	0.36
46	2.25
47	2.61
48	3.59
49	2.45
50	3.96
51	2.89
52	2.29
53	2.43
54	0.52
55	3.52
56	2.29
57	1.55
58	1.65
59	3.79
60	0.22
61	3.66
62	3.12
63	0.48
64	2.66
65	3.27
66	3.20
67	3.35
68	0.61
69	2.56
70	1.25
71	1.39
72	1.39
73	0.27
74	2.13
75	1.94
