1	2.94
2	3.56
3	3.63
4	3.63
5	3.90
6	0.94
7	0.97
8	0.30
9	0.48
10	3.14
11	0.76
12	0.67
13	3.67
14	2.64
15	3.81
16	1.40
17	0.69
18	2.88
19	2.98
20	1.91
21	2.9
22	1.77
23	0.89
24	1.96
25	1.98
26	1.6
27	3.75
28	3.36
29	2.32
30	1.33
31	1.70
32	0.36
33	2.49
34	3.83
35	1.80
36	3.60
37	2.49
38	2.1
39	0.66
40	0.39
41	0.35
42	3.99
43	2.13
44	0.60
45	0.3
46	1.76
47	1.90
48	3.37
49	2.41
50	0.3
51	3.9
52	1.12
53	3.52
54	3.37
55	2.81
56	2.22
57	1.55
58	3.23
59	3.75
60	3.24
61	2.21
62	3.53
63	2.18
64	1.40
65	1.34
