1	1.34
2	3.37
3	3.77
4	0.15
5	0.57
6	2.27
7	1.84
8	3.83
9	1.58
10	0.13
11	1.8
12	0.99
13	2.65
14	1.25
15	2.95
16	0.74
17	2.72
18	3.3
19	1.35
20	0.47
21	3.91
22	0.40
23	0.12
24	1.94
25	3.61
26	0.25
27	3.94
28	2.69
29	3.93
30	2.25
31	0.31
32	2.6
33	3.49
34	1.25
35	3.58
36	1.9
37	2.60
38	2.7
39	1.24
40	3.69
41	1.48
42	2.50
43	0.59
44	3.51
45	1.86
46	2.2
47	3.91
48	1.60
49	0.28
50	2.54
51	0.25
52	3.55
53	1.35
54	0.99
55	2.10
56	3.17
57	3.27
58	1.99
59	3.68
60	0.71
61	2.2
62	2.1
63	3.16
64	1.67
65	0.67
66	2.39
67	3.96
68	1.56
69	1.8
70	1.39
71	0.77
72	0.27
73	3.82
74	2.0
75	1.30
76	2.62
77	2.82
78	1.36
79	3.80
80	0.73
81	2.63
82	0.69
83	0.11
