1	2.70
2	0.51
3	0.16
4	1.81
5	0.38
6	1.78
7	2.19
8	0.39
9	2.38
10	2.43
11	0.13
12	2.15
13	2.88
14	2.1
15	1.65
16	2.56
17	2.66
18	1.35
19	3.41
20	1.61
21	3.34
22	1.16
23	3.37
24	0.51
25	3.19
26	2.18
27	3.62
28	3.78
29	0.31
30	1.55
31	1.62
32	2.89
33	3.15
34	0.71
35	1.31
36	0.29
37	3.81
38	0.91
39	0.86
40	1.63
41	1.40
42	0.57
43	1.19
44	1.17
45	1.62
46	1.7
47	3.12
48	2.62
49	2.65
50	0.71
51	3.3
52	2.26
53	3.58
54	3.86
55	0.33
56	2.68
57	1.61
58	2.37
59	3.70
60	1.69
61	0.98
62	1.62
63	2.98
64	1.10
