1	1.84
2	3.69
3	0.32
4	3.38
5	0.62
6	2.85
7	2.91
8	1.99
9	3.84
10	3.38
11	1.35
12	1.78
13	2.99
14	2.86
15	0.83
16	2.7
17	3.95
18	1.95
19	2.28
20	2.59
21	1.92
22	1.61
23	1.37
24	2.72
25	1.24
26	1.79
27	0.28
28	3.21
29	2.32
30	0.99
31	2.8
32	3.15
33	0.56
34	2.6
35	1.19
36	2.40
37	0.99
38	2.86
39	2.18
40	1.75
41	1.89
42	1.70
43	3.22
44	3.20
45	2.20
46	3.43
47	0.11
48	1.38
49	2.35
50	1.54
51	1.38
52	2.97
53	2.75
54	1.0
55	3.30
56	1.8
57	2.76
58	2.66
59	0.30
60	1.31
61	0.12
62	0.4
63	0.67
64	2.36
65	2.88
66	1.16
67	2.93
68	3.58
69	2.92
70	1.15
71	1.83
72	0.91
73	1.62
74	0.46
75	1.97
