1	3.63
2	1.98
3	2.40
4	1.7
5	1.12
6	0.32
7	3.76
8	1.21
9	2.72
10	3.8
11	0.18
12	3.30
13	0.63
14	2.67
15	1.1
16	3.2
17	3.86
18	1.90
19	0.34
20	3.56
21	3.59
22	2.5
23	3.24
24	3.59
25	1.2
26	3.55
27	0.9
28	0.61
29	1.56
30	0.29
31	0.11
32	3.78
33	1.90
34	3.79
35	3.1
36	3.15
37	0.99
38	1.59
39	1.23
40	2.88
41	3.13
42	3.33
43	0.25
44	0.10
45	3.39
46	0.72
47	3.48
48	2.37
49	2.59
50	3.46
51	1.95
52	3.31
53	3.74
54	0.84
55	0.68
56	0.41
57	2.50
58	0.68
59	1.31
60	2.85
61	1.74
62	2.89
63	0.28
64	2.55
65	2.13
66	2.47
67	1.68
68	0.20
69	3.52
70	1.32
71	0.56
72	3.38
73	1.0
74	1.61
75	2.42
76	1.3
77	3.33
78	3.22
79	3.33
80	0.22
81	1.12
