1	0.86
2	1.69
3	2.55
4	2.23
5	0.43
6	1.2
7	0.19
8	3.67
9	2.69
10	3.75
11	1.45
12	3.74
13	0.94
14	1.56
15	3.90
16	3.3
17	3.13
18	3.72
19	2.51
20	0.29
21	1.0
22	1.10
23	1.60
24	0.30
25	3.89
26	3.85
27	2.86
28	1.5
29	2.26
30	0.34
31	3.36
32	0.45
33	2.29
34	3.65
35	0.62
36	3.34
37	3.73
38	1.19
39	1.28
40	2.35
41	2.76
42	2.48
43	0.14
44	1.15
45	2.56
46	1.4
47	2.96
48	0.75
49	2.68
50	0.11
51	0.17
52	3.7
53	3.76
54	3.59
55	3.62
56	3.87
57	2.15
58	0.5
59	2.90
60	2.11
61	0.37
62	2.66
63	1.73
64	0.84
65	1.30
66	1.43
67	1.66
68	3.66
69	0.92
70	2.50
71	3.59
72	0.68
73	1.44
74	0.61
75	2.40
76	0.39
77	0.86
78	0.75
79	0.82
80	0.91
81	1.99
82	3.19
83	2.44
84	3.74
85	2.96
86	0.51
87	2.3
88	2.60
89	1.32
90	3.79
91	1.34
92	2.27
93	2.11
94	3.54
