1	2.44
2	1.93
3	2.20
4	1.36
5	2.9
6	0.70
7	3.13
8	0.16
9	3.38
10	0.6
11	1.13
12	2.31
13	0.21
14	0.6
15	3.13
16	0.57
17	0.30
18	2.44
19	3.6
20	1.56
21	1.22
22	0.88
23	0.15
24	2.27
25	2.94
26	3.58
27	2.34
28	1.36
29	2.73
30	2.47
31	0.65
32	0.90
33	3.57
34	0.61
35	2.91
36	1.45
37	1.90
38	3.26
39	3.9
40	3.38
41	2.13
42	3.39
43	1.36
44	2.86
45	0.80
46	2.27
47	1.88
48	0.48
49	3.19
50	1.86
51	1.93
52	0.18
53	0.64
54	0.59
55	3.43
56	3.96
57	0.32
58	0.59
59	3.55
60	0.39
61	0.60
62	2.90
63	1.31
64	2.71
65	1.57
66	3.54
67	2.26
68	0.91
69	3.14
70	2.58
71	2.28
72	0.17
73	0.53
74	2.84
75	3.13
76	2.84
77	1.95
78	1.9
79	3.26
80	1.30
81	3.18
82	1.51
83	3.45
84	2.48
85	2.25
86	1.90
87	3.46
88	2.99
89	0.31
90	0.78
91	0.9
92	2.15
93	1.68
