586	4.76
974	2.95
3923	4.08
9536	0.71
1189	3.32
8429	0.40
5642	2.54
1559	0.79
9367	4.88
5744	3.64
8240	4.24
8402	0.69
4333	3.56
4556	3.14
7608	2.54
2853	4.93
8779	3.94
7045	4.47
3493	3.73
2657	0.57
4338	2.16
7213	4.89
3454	2.02
4031	1.25
1052	4.82
5709	0.72
7900	2.57
2306	4.06
1943	3.53
4170	3.50
7227	2.65
8989	0.34
8941	2.78
910	4.03
4563	4.92
9254	3.78
2990	3.46
8340	3.21
3614	0.70
5800	4.57
9824	4.29
622	3.97
9955	3.10
2208	2.27
7624	2.83
3907	3.73
521	0.68
3662	4.18
9283	3.45
9621	4.81
2515	4.80
8795	4.11
4859	0.57
7069	4.05
8391	0.61
3195	3.07
9429	4.06
6216	0.09
7619	2.11
