7523	4.53
7854	4.10
1805	4.27
8834	4.57
101	3.64
2237	2.26
602	2.46
2136	3.09
7492	3.39
4346	4.77
7060	0.41
9870	0.47
5826	3.45
649	4.08
77	0.11
8983	1.43
2930	1.07
7686	0.69
6164	2.28
5573	4.97
6709	3.89
8126	0.63
7095	2.31
7860	4.09
274	2.67
3301	3.92
627	4.16
6333	2.34
4928	1.89
7248	4.27
4287	2.06
1025	1.27
3134	4.56
9990	2.05
3299	3.65
6674	3.86
5167	0.60
734	0.05
3110	1.25
8956	2.31
4800	4.83
1797	4.12
5488	0.23
9098	0.21
1970	4.17
1051	0.61
120	4.56
7083	3.75
7910	2.03
9831	3.78
6671	2.97
4755	2.81
5516	2.99
1291	2.14
7919	0.72
4133	0.39
