3654	1.30
6271	1.76
2336	2.05
651	0.41
4274	1.62
1557	3.45
4611	4.67
4335	2.65
5501	2.67
457	1.29
1098	3.85
2139	0.11
9874	0.95
2371	0.71
6048	1.90
9318	2.27
7189	4.67
1910	4.19
801	1.68
6698	0.61
2697	2.40
3322	3.61
2550	0.82
4144	1.10
6478	3.19
3832	3.70
2077	2.19
30	1.25
714	4.02
5393	2.75
542	3.70
157	2.32
7818	4.79
7286	4.78
2512	0.81
1139	4.48
8366	1.08
5145	2.96
2404	1.36
7391	4.36
1867	3.72
638	0.03
677	1.59
353	2.50
781	2.73
6372	4.31
990	2.71
7271	4.21
93	0.51
4425	0.72
9275	3.93
646	2.28
3184	2.01
6385	1.39
6325	2.04
8885	3.65
6829	2.37
959	1.97
854	0.56
2833	1.03
5905	1.99
2319	3.44
4904	0.59
8450	1.15
7340	4.12
6575	1.77
9722	2.65
5130	2.22
1141	3.38
6931	3.54
1604	4.11
3345	4.17
7205	4.71
3184	2.33
3725	3.41
4528	3.20
2189	1.39
8696	3.32
4445	0.00
7123	0.35
9937	2.93
5654	4.90
381	1.95
