333	2.84
1037	2.11
5574	3.15
8817	3.98
5387	4.72
4348	3.56
4222	4.39
7714	3.59
3561	2.53
2294	4.71
731	2.13
423	4.94
2264	4.34
8512	3.16
4010	2.33
1054	4.27
2209	4.11
2575	0.18
2830	2.46
9768	1.48
4659	0.79
1387	4.77
5295	4.62
4606	1.23
9	0.35
6538	0.81
3766	0.84
3227	0.68
5674	1.23
6724	2.60
337	4.66
9604	4.36
1976	1.99
1253	3.62
6708	1.89
8618	0.71
9471	3.44
4947	2.05
7867	2.78
3693	0.39
8066	1.07
2788	1.72
8004	4.83
1363	0.62
8435	4.09
4114	0.30
807	2.29
9168	1.85
1251	4.60
3759	0.39
6354	1.67
7363	0.07
7085	2.63
2887	0.21
4090	4.64
7839	2.87
3754	0.70
1088	1.99
7533	0.54
9907	2.38
3696	3.91
4497	4.08
546	3.37
9458	4.90
5010	0.74
1555	0.30
584	4.06
5380	3.84
8310	0.43
9596	2.87
3333	0.60
8429	1.52
6272	2.58
4492	4.60
1338	4.55
3164	4.44
1532	2.64
4450	1.44
4507	4.25
