1793	4.44
4131	3.43
8110	1.90
9900	0.52
7024	3.64
6489	4.66
8735	2.98
6425	1.30
9219	0.84
5181	0.00
8067	1.62
5413	0.60
7667	1.49
3696	0.17
2490	2.46
7447	3.53
794	1.75
6949	4.90
7423	2.62
283	3.16
9654	0.33
2353	2.27
3557	0.32
3913	0.53
9629	4.56
1135	0.24
9628	4.43
5329	1.29
1498	4.58
9739	2.57
9322	2.01
5001	1.59
8901	0.73
1747	3.86
8672	4.86
3601	0.28
2737	4.53
2286	2.14
3008	0.25
1600	3.44
9520	4.86
1403	1.91
1028	0.28
5709	0.81
6631	4.64
2761	4.90
6360	4.69
7055	4.42
8343	1.29
2703	0.83
8988	3.15
5711	2.93
8678	0.74
9802	0.41
8423	4.04
5931	2.31
6423	0.98
4446	2.10
8400	0.34
