1454	1.83
9272	2.97
4573	4.38
383	0.06
3417	4.04
7383	4.01
8409	0.29
7531	3.99
8484	1.91
1773	0.33
4889	2.70
46	0.41
3423	4.99
1347	2.35
5548	0.58
6766	0.75
4851	4.09
4475	4.56
1536	3.13
6764	1.60
7635	4.34
9559	1.34
655	0.38
3692	4.21
3648	0.76
3871	4.16
8771	1.32
5530	4.55
2985	4.94
6617	0.66
3417	0.41
1335	3.72
7292	4.04
442	3.31
221	1.31
1031	1.45
4053	4.20
4587	0.08
6619	3.30
9517	0.95
4319	4.27
7252	1.51
117	2.28
8192	2.29
3474	1.89
2862	0.17
426	3.62
7885	4.88
5860	0.31
8052	4.31
720	4.35
9686	3.23
149	1.53
3783	2.79
731	0.24
4211	4.26
612	1.83
5633	4.62
4952	1.37
7445	2.16
3743	0.25
