1920	3.51
2764	1.92
5297	2.75
1209	4.61
3771	0.81
4599	4.50
5161	2.32
515	0.53
4019	0.15
6381	3.16
2135	0.87
775	0.74
9568	2.03
9002	3.59
8140	2.58
3994	2.63
6713	3.14
7700	1.29
8173	1.47
8615	1.02
9771	0.33
1695	4.89
8220	2.35
54	1.04
2434	0.05
311	2.98
3383	3.45
3747	4.07
1627	4.08
2618	2.20
5292	1.15
139	2.48
1069	2.42
1665	2.40
1118	2.72
4643	1.93
1016	2.85
4792	1.00
2526	0.94
4347	3.90
1843	2.15
3582	3.84
1685	2.74
1963	2.03
9611	3.73
5324	3.12
6101	1.11
3918	4.37
3942	3.76
634	0.72
33	4.95
6770	0.39
3168	0.12
9916	1.58
4508	1.63
54	4.99
2550	4.88
7133	1.55
