345	0.13
6102	1.76
3643	2.72
7538	2.29
2283	1.06
915	2.54
8248	2.64
8672	4.06
1409	1.31
9342	1.69
4096	4.67
4493	2.43
5392	2.92
5901	4.83
532	4.65
2622	2.29
9644	3.85
4868	2.80
2427	3.45
7648	0.84
9788	0.92
324	4.79
9688	0.68
4306	4.38
2587	1.97
528	3.69
2653	2.78
1034	1.69
8924	4.78
3399	3.57
1127	4.19
7268	1.52
9550	0.32
2332	3.00
9261	0.88
7029	2.43
6363	0.91
3830	4.54
6664	2.00
2896	4.51
1365	2.75
4898	2.49
2961	0.45
1208	4.44
9043	3.40
6320	0.60
9908	1.93
5720	2.16
4370	2.39
6348	1.43
5023	2.42
7983	4.25
2197	0.23
4670	0.07
2569	2.52
2204	1.07
1674	2.72
4910	4.90
4788	1.75
3706	1.24
3997	1.49
1974	2.34
3141	2.74
5211	0.57
4419	4.42
4219	1.21
2778	4.49
3060	2.41
893	0.02
