1	1.2
2	0.48
3	2.49
4	1.33
5	0.44
6	2.75
7	1.17
8	0.79
9	1.58
10	1.34
11	0.66
12	3.80
13	2.91
14	1.31
15	3.81
16	3.67
17	1.2
18	1.97
19	0.14
20	3.87
21	0.30
22	0.26
23	3.20
24	2.31
25	0.61
26	2.12
27	2.77
28	2.41
29	1.5
30	2.42
31	2.58
32	0.21
33	0.67
34	2.73
35	2.10
36	0.60
37	3.83
38	0.26
39	2.32
40	3.30
41	0.85
42	2.20
43	3.48
44	0.31
45	1.54
46	0.32
47	3.6
48	1.56
49	2.36
50	1.63
51	2.29
52	2.90
53	2.68
54	0.36
55	1.67
56	0.97
57	2.12
58	3.7
59	3.98
60	0.34
61	0.74
62	2.72
63	2.1
64	2.76
65	0.91
