1	3.88
2	0.12
3	1.80
4	2.12
5	1.5
6	0.66
7	2.56
8	1.78
9	2.28
10	1.6
11	2.14
12	0.43
13	1.31
14	1.22
15	2.93
16	3.86
17	2.99
18	0.87
19	0.67
20	0.3
21	3.50
22	3.60
23	2.19
24	1.47
25	1.95
26	0.54
27	3.61
28	1.61
29	2.19
30	3.45
31	2.6
32	0.74
33	0.13
34	3.21
35	1.5
36	3.21
37	3.11
38	3.44
39	0.88
40	3.43
41	0.95
42	3.82
43	0.96
44	0.71
45	0.24
46	0.73
47	0.88
48	2.43
49	0.8
50	1.51
51	1.87
52	3.31
53	0.7
54	3.54
55	1.91
56	3.26
57	1.2
58	1.47
59	1.7
60	1.62
61	0.85
62	2.80
63	2.37
64	3.69
65	2.30
66	2.41
67	2.36
68	2.19
69	2.43
70	2.58
71	1.67
72	0.4
73	1.99
