1	0.44
2	0.14
3	3.44
4	3.77
5	1.41
6	1.4
7	1.19
8	3.4
9	2.56
10	2.20
11	1.15
12	3.97
13	0.94
14	3.50
15	3.96
16	1.92
17	0.65
18	2.52
19	0.23
20	1.78
21	0.92
22	3.99
23	2.39
24	1.84
25	3.43
26	0.45
27	1.65
28	3.38
29	0.88
30	0.74
31	0.95
32	3.58
33	3.45
34	3.65
35	0.85
36	0.95
37	3.39
38	1.29
39	0.47
40	3.89
41	0.96
42	0.82
43	1.62
44	3.96
45	3.84
46	0.22
47	2.95
48	2.70
49	0.1
50	2.98
51	2.30
52	3.48
53	3.60
54	0.7
55	2.36
56	2.14
57	1.96
58	1.74
59	2.83
60	3.43
61	0.7
62	2.45
63	3.87
64	2.67
65	3.44
66	3.9
67	3.98
68	2.76
69	2.62
