1	1.75
2	1.7
3	1.35
4	2.42
5	1.53
6	0.59
7	3.83
8	3.52
9	0.12
10	1.37
11	2.50
12	3.86
13	2.80
14	3.40
15	2.31
16	0.49
17	1.80
18	3.9
19	3.47
20	0.44
21	2.36
22	0.80
23	2.24
24	0.4
25	0.72
26	1.14
27	3.79
28	1.61
29	2.24
30	3.22
31	2.31
32	2.56
33	1.38
34	3.24
35	3.29
36	1.94
37	3.18
38	1.63
39	0.65
40	0.49
41	3.84
42	3.24
43	1.25
44	3.64
45	2.54
46	0.78
47	3.93
48	1.8
49	2.40
50	0.82
51	0.78
52	2.25
53	2.36
54	1.95
55	0.44
56	2.50
57	1.24
58	0.76
59	0.78
60	1.71
61	3.1
62	1.33
63	1.33
64	2.30
65	0.84
66	0.65
67	1.89
68	2.5
69	1.52
70	1.83
71	1.59
72	1.35
73	2.58
74	3.94
75	1.30
76	1.90
77	1.43
78	2.20
79	2.52
80	1.84
81	0.42
82	3.16
83	1.36
84	0.13
85	2.28
86	1.10
87	2.90
88	2.28
89	1.56
