1	0.47
2	2.66
3	1.16
4	1.32
5	2.44
6	3.49
7	1.54
8	3.60
9	1.49
10	2.52
11	0.85
12	3.81
13	3.70
14	3.17
15	1.23
16	0.54
17	0.52
18	2.98
19	0.39
20	2.42
21	3.83
22	1.40
23	1.35
24	1.73
25	0.50
26	1.9
27	1.57
28	1.28
29	0.15
30	1.32
31	3.71
32	1.79
33	2.49
34	3.24
35	0.73
36	2.11
37	0.59
38	0.71
39	0.40
40	1.21
41	1.83
42	0.81
43	0.58
44	0.79
45	2.61
46	3.40
47	3.29
48	1.15
49	3.67
50	2.24
51	2.98
52	0.68
53	1.76
54	2.35
55	2.94
56	0.0
57	2.75
58	1.47
59	0.65
60	2.24
61	0.82
62	0.63
63	2.27
64	2.53
65	1.40
66	3.65
67	0.83
68	0.75
69	2.82
70	1.53
71	0.31
72	1.57
73	2.87
74	3.81
75	2.82
76	0.83
77	2.38
78	1.81
79	2.59
