1	0.85
2	1.12
3	1.68
4	1.14
5	2.84
6	0.84
7	3.20
8	1.5
9	3.2
10	0.83
11	2.23
12	0.81
13	2.62
14	3.51
15	1.36
16	2.18
17	1.50
18	3.65
19	2.48
20	3.46
21	0.53
22	3.47
23	0.65
24	0.8
25	0.75
26	1.3
27	3.30
28	3.99
29	1.74
30	1.14
31	1.70
32	2.95
33	3.3
34	1.39
35	0.47
36	2.45
37	2.53
38	2.70
39	1.68
40	0.42
41	0.21
42	1.60
43	3.58
44	1.85
45	3.51
46	0.37
47	2.25
48	0.84
49	0.42
50	3.57
51	2.66
52	2.44
53	3.42
54	2.66
55	0.5
56	2.19
57	0.47
58	3.61
59	0.86
60	0.85
61	2.57
62	3.8
63	3.78
64	0.25
65	1.3
66	2.63
67	1.69
68	3.22
69	3.98
70	2.13
71	0.84
72	2.60
73	1.68
74	0.39
75	1.67
76	0.20
77	2.32
78	1.88
79	1.76
80	0.67
