1	2.78
2	0.18
3	0.81
4	1.52
5	1.2
6	2.76
7	0.6
8	0.73
9	1.35
10	3.40
11	0.34
12	3.18
13	1.64
14	1.15
15	0.8
16	1.79
17	0.60
18	1.10
19	2.69
20	1.91
21	3.57
22	1.65
23	1.45
24	3.21
25	1.42
26	0.85
27	0.21
28	0.26
29	1.70
30	0.10
31	2.39
32	3.1
33	3.34
34	3.56
35	0.80
36	2.58
37	2.9
38	3.91
39	0.79
40	3.9
41	2.26
42	2.15
43	0.68
44	3.99
45	1.78
46	1.60
47	2.36
48	3.7
49	0.46
50	1.87
51	2.33
52	3.50
53	2.92
54	2.10
55	0.44
56	1.49
57	3.4
58	0.34
59	2.72
60	3.64
61	0.58
62	2.52
63	1.10
64	2.34
65	2.7
66	0.0
67	1.9
68	0.37
69	0.73
70	1.64
71	3.70
72	3.53
73	0.4
74	1.25
75	1.27
76	2.45
77	2.13
78	0.16
79	2.86
80	3.3
81	2.90
82	1.5
83	0.16
84	0.55
85	3.71
86	2.61
87	3.32
88	2.33
89	2.52
90	0.55
91	3.34
92	0.67
