1	0.45
2	3.17
3	2.87
4	3.41
5	3.64
6	3.70
7	1.91
8	0.74
9	3.14
10	0.57
11	0.98
12	1.65
13	2.49
14	0.91
15	2.36
16	3.99
17	1.29
18	0.15
19	1.57
20	2.71
21	0.23
22	2.86
23	1.97
24	2.40
25	3.21
26	3.93
27	2.47
28	0.9
29	2.69
30	3.27
31	0.85
32	3.14
33	3.4
34	1.20
35	0.50
36	2.68
37	2.49
38	2.35
39	1.87
40	0.11
41	1.42
42	3.4
43	2.70
44	1.11
45	2.41
46	1.59
47	2.11
48	3.89
49	1.38
50	3.6
51	1.93
52	1.12
53	3.69
54	0.62
55	0.61
56	2.6
57	0.69
58	0.88
59	1.74
60	0.15
61	3.30
62	3.88
63	3.38
64	2.26
65	2.57
66	1.25
67	2.29
68	1.86
69	1.91
70	2.81
71	0.41
72	0.90
73	2.18
74	0.39
75	3.56
76	0.17
77	2.68
78	3.29
79	0.50
80	1.72
81	0.84
82	3.19
83	0.89
84	0.6
85	1.72
86	0.29
87	2.3
88	3.60
89	1.49
90	0.93
