1	1.73
2	0.53
3	3.38
4	3.17
5	3.25
6	3.9
7	1.34
8	3.17
9	1.0
10	2.51
11	3.87
12	3.5
13	1.55
14	1.23
15	2.33
16	3.14
17	3.16
18	0.74
19	3.41
20	2.45
21	1.69
22	2.23
23	1.94
24	1.2
25	2.45
26	0.17
27	0.49
28	3.95
29	0.9
30	3.0
31	1.42
32	0.42
33	0.21
34	0.17
35	1.16
36	1.1
37	3.99
38	3.19
39	1.55
40	3.97
41	2.48
42	2.50
43	3.40
44	2.5
45	3.12
46	3.99
47	1.65
48	3.22
49	1.41
50	0.14
51	1.13
52	3.32
53	1.76
54	3.51
55	0.62
56	0.91
57	2.36
58	0.5
59	0.92
60	1.70
61	2.16
62	2.71
63	1.30
64	0.65
65	1.85
66	2.1
67	3.70
68	2.23
69	2.70
70	1.20
71	0.64
72	3.56
73	1.48
74	1.56
75	2.67
76	1.58
77	1.88
78	2.12
79	0.93
80	0.60
