5294	4.45
441	3.66
1460	4.97
3573	0.36
4448	4.47
8119	1.72
923	2.96
8327	3.24
8886	3.88
8455	2.95
1703	3.51
1680	1.36
783	1.80
7090	1.27
4280	1.14
9201	3.56
2101	3.69
3408	2.35
400	4.84
6593	2.94
1029	1.94
6234	2.99
7954	3.70
6353	1.06
1009	4.53
889	4.27
1198	4.08
978	0.44
439	4.66
4207	3.64
1848	3.50
9977	1.06
5156	3.78
1053	2.89
529	1.76
4008	4.37
5986	3.55
2889	3.61
1586	0.29
3138	3.70
6778	3.91
4920	4.01
5596	3.86
6993	4.78
5251	1.88
5954	3.31
8511	3.88
8867	4.28
4212	1.86
6296	3.40
3052	0.63
4351	3.07
2545	0.10
2381	1.80
527	1.72
6099	3.09
3058	3.18
402	2.91
