21	4.72
7731	4.01
6886	3.98
2938	0.42
1940	1.08
1367	1.24
158	1.52
6304	2.11
3664	2.07
9139	0.70
4611	1.06
2561	4.77
7364	2.91
4334	4.55
1585	0.33
8457	2.89
218	1.18
3371	4.06
4862	2.64
4468	0.59
598	4.20
7370	3.35
8288	3.55
1275	4.89
3671	4.98
6276	2.65
3707	0.82
1443	4.65
6737	0.17
6400	3.68
596	1.27
7159	4.05
5535	3.28
3834	3.40
1135	1.93
3997	3.77
10000	2.92
6395	4.77
8469	3.37
1495	0.84
1205	3.77
1108	4.91
526	1.69
7319	0.58
2567	2.26
8464	4.74
3926	3.22
5035	0.89
595	1.65
3512	3.34
5464	0.03
2936	3.47
1772	4.10
2160	3.66
3023	3.07
7926	0.11
9716	0.95
445	3.63
967	3.78
4273	0.07
7118	0.34
5233	1.57
2364	1.19
951	4.44
2595	0.93
5677	3.56
5110	3.87
6911	4.97
8832	2.44
1688	0.26
6300	1.25
9848	1.00
2412	3.24
1363	2.58
9443	1.04
6284	1.22
3741	4.19
8442	2.79
1588	1.15
3643	4.43
5625	0.95
5340	2.71
110	2.75
8480	3.41
1164	0.90
5076	3.10
