3264	2.10
2499	2.61
8250	4.31
6262	2.40
6705	3.74
9088	4.07
2438	2.56
46	2.38
1755	4.75
8989	1.86
4653	4.84
5709	3.25
9429	0.97
9930	0.69
2903	3.80
3357	4.13
2057	0.29
576	4.04
4340	4.25
3226	2.01
3038	3.37
8459	4.15
4111	4.63
3547	0.28
4362	2.26
6258	3.35
5191	4.91
13	0.77
174	4.72
7417	4.90
3202	3.68
8326	1.32
961	4.88
1779	0.03
7819	2.16
7953	4.65
2081	1.65
7978	0.14
5909	0.76
924	1.32
6292	0.20
5234	2.54
9720	3.09
3362	4.48
7741	4.08
8034	0.46
2658	0.71
7219	2.08
8592	2.50
5098	4.94
2153	1.00
2410	4.48
3894	1.84
