8264	0.50
2119	2.89
1581	1.80
9944	4.31
6123	1.41
817	0.42
2598	2.11
2143	2.81
7430	0.51
2651	1.59
1304	4.29
2689	1.39
9080	3.56
2548	0.61
2755	0.55
320	0.54
5166	3.31
3618	2.57
4184	0.92
7863	1.96
9291	0.33
4816	1.82
3282	3.46
6146	3.71
4915	0.11
6059	4.22
8458	2.41
1282	3.99
6736	4.10
1379	4.04
2611	4.28
618	4.77
6405	3.66
2985	3.42
2329	3.67
1388	2.93
805	2.14
2671	4.22
6120	1.49
7921	4.98
1222	1.88
1973	1.01
41	0.14
757	0.62
6071	0.98
2680	2.67
2525	2.45
2755	1.32
2484	3.68
692	0.20
3583	3.01
1837	2.92
4652	0.86
5326	3.12
3773	3.75
1012	3.55
2732	0.07
3411	0.12
5819	2.54
1138	2.31
8058	2.53
8302	2.87
8249	4.74
587	2.06
