8954	0.12
8148	3.45
256	1.80
2802	2.77
6241	4.28
9226	1.34
8878	0.38
1705	1.18
2189	2.02
1939	0.56
238	1.53
8288	3.50
990	1.31
5410	1.59
1038	4.01
1071	3.69
2353	1.30
3508	0.98
4891	3.78
3838	1.72
6886	0.63
4705	3.96
4412	0.76
3344	0.69
5225	2.22
1450	1.32
9065	3.17
2120	1.77
9727	0.16
390	3.18
9357	0.08
4128	1.14
67	1.81
9228	4.23
4972	4.57
8569	4.25
5243	4.15
4411	3.97
4861	2.61
7388	3.21
4361	0.17
4718	3.56
2955	1.41
4284	4.42
7792	2.42
1018	4.98
9284	4.91
6138	1.96
1606	0.35
6945	2.27
3633	2.16
1238	1.48
1471	1.55
6860	3.16
6917	2.95
9233	4.79
3062	2.80
1842	2.89
1508	3.63
2025	0.13
4007	0.74
8213	2.35
3992	4.78
3720	1.98
1383	1.95
76	0.76
2014	1.62
1302	1.11
9576	1.94
5991	0.02
9015	1.23
9208	1.76
1216	3.90
3823	4.87
9772	2.67
668	2.37
9187	1.01
3798	3.62
7419	0.99
9932	2.78
7248	2.05
519	1.74
851	0.86
6972	1.77
7016	0.38
9567	2.51
7239	0.92
