7737	1.21
8557	3.49
5938	4.15
6551	4.06
1258	1.51
291	0.01
638	2.51
59	4.31
1634	2.90
5185	1.76
6183	0.42
1790	1.56
3031	3.80
1503	3.17
7682	2.59
2963	0.61
4706	0.80
4559	2.34
8406	3.19
2053	3.08
321	1.53
8620	3.51
3311	4.07
2074	1.44
8878	4.80
924	0.45
907	2.42
9824	1.63
2592	1.83
7819	2.73
9547	1.98
2328	0.74
5865	0.30
3846	3.65
6233	1.05
8495	1.79
3337	0.74
5350	3.92
5241	2.59
8512	2.71
2329	4.99
3905	1.00
7235	1.74
7058	4.84
4591	3.03
8176	4.60
8949	1.93
8420	2.84
9205	4.25
3946	3.08
8159	3.91
