6790	3.42
2935	1.92
3696	2.66
2231	2.21
2201	0.23
4544	3.22
3494	2.25
4436	2.18
4120	3.41
3549	1.74
757	0.42
3973	0.22
2103	0.43
6235	0.41
5111	1.60
5232	2.54
5195	4.14
2792	3.95
1806	1.85
7424	1.63
8897	0.23
1987	0.38
9018	2.48
7320	1.02
9965	1.80
8904	3.70
6229	3.12
851	0.85
2228	0.62
231	1.41
8316	3.65
4745	2.86
6256	3.62
5234	0.23
874	1.21
676	2.16
7478	0.41
143	4.55
2694	3.55
4812	1.68
6494	3.25
9167	1.01
6697	3.56
2807	0.37
2074	1.18
8006	1.91
593	1.27
2615	0.03
5447	2.04
4760	3.27
201	4.29
5716	2.84
5790	4.40
3812	0.07
9355	0.67
602	1.18
1000	4.72
3959	3.17
7611	0.64
4560	4.91
132	4.02
9552	4.36
8459	4.24
5725	1.35
912	3.38
52	0.43
8449	0.41
9723	1.78
7670	2.36
