9774	4.56
6303	4.33
4171	4.85
8753	1.93
1159	2.32
9661	1.66
1377	4.67
5163	0.40
1156	4.06
1078	3.91
152	3.84
8540	4.22
3752	4.33
9799	2.61
6349	4.49
6532	4.25
8910	2.94
3821	4.79
7203	0.28
3997	4.02
9583	4.51
2967	2.82
7154	3.69
6601	3.51
2193	2.05
4433	2.74
5444	1.49
254	1.44
1428	1.37
2694	0.00
1222	1.30
8284	0.98
3839	2.54
2004	0.16
5399	4.87
1703	0.23
9494	4.76
5606	4.12
5788	4.88
9512	0.41
5	1.53
828	2.26
1055	2.11
5841	3.29
491	1.74
8225	4.05
4172	2.83
9183	3.54
6315	0.88
5829	2.55
1963	1.88
4538	1.34
204	3.46
3285	2.47
2210	3.46
1277	1.58
5826	4.19
7710	3.29
9259	2.02
7413	4.71
6840	2.71
6452	1.95
3220	0.93
7288	2.23
9390	4.87
5309	2.67
9733	1.44
4171	2.54
9392	2.55
7930	0.54
114	4.35
9517	2.79
1599	3.78
5168	2.81
1511	4.67
3695	0.57
5892	0.26
2509	3.53
7769	3.95
4214	4.06
9392	1.78
1719	2.59
1281	3.65
869	4.86
9516	3.45
3559	0.36
3273	0.88
8018	1.02
