7892	4.29
9726	0.22
2731	2.41
4572	4.71
6875	0.96
4486	2.69
5283	2.74
376	3.55
8376	2.67
1979	2.53
1825	2.43
8863	4.13
3752	4.59
8654	3.69
4956	4.57
2194	1.05
1589	4.01
4894	1.15
1557	4.05
6296	0.45
4176	0.28
9693	3.44
1736	1.09
4624	4.35
2807	3.43
9439	0.09
2573	3.22
4967	0.33
3232	2.39
2325	0.05
8836	1.33
165	0.56
5499	3.67
9997	2.27
1028	1.86
5304	0.74
8586	2.73
4325	3.72
7751	2.71
4105	4.21
6981	3.87
8482	2.32
3395	0.70
9831	4.27
7839	2.56
8132	4.79
843	2.76
1267	2.20
5342	4.42
3275	4.33
5473	0.17
8075	3.55
8626	3.05
24	4.14
3098	1.64
4301	0.67
1061	3.75
1247	4.07
2412	3.24
3960	4.48
209	1.92
8018	4.87
5246	1.96
8591	3.71
778	2.78
8843	1.44
3092	2.80
306	4.48
107	0.77
6765	2.24
7049	2.89
