6535	4.66
4994	0.62
1072	1.47
4384	2.51
8304	0.26
4083	3.66
2205	1.82
8841	4.85
3965	0.92
9059	4.18
9688	0.11
1337	3.52
1970	4.96
8453	3.70
2096	0.41
2824	1.31
4516	4.88
4127	3.33
513	0.99
5275	0.94
1021	1.08
7673	4.20
5998	1.21
9	1.78
9786	3.40
3186	1.36
3432	3.92
6184	4.13
9779	0.44
1620	4.47
9395	0.43
1590	3.64
2674	4.25
6369	2.02
584	4.90
9214	0.70
3677	1.88
7197	0.86
2575	0.01
2154	0.83
7921	4.98
2490	0.21
8334	3.54
7530	2.58
4622	1.58
7075	0.72
268	2.47
2105	2.73
1345	3.60
8873	2.45
1839	4.55
3169	2.48
4964	4.52
2752	1.38
232	1.48
7719	0.81
2174	1.48
3446	1.81
2961	0.99
9425	1.15
1404	0.65
1076	3.97
6391	1.32
5573	3.15
778	2.78
4337	2.60
2152	2.41
3475	2.01
21	4.50
3149	4.55
9249	1.71
9766	2.45
8718	2.07
4982	3.61
4920	3.21
6618	1.73
835	1.76
