3798	3.76
2115	1.37
3119	0.58
3899	0.50
1575	3.77
3695	4.96
956	4.69
2174	3.56
8906	0.33
1436	2.71
480	1.63
1125	4.60
7452	1.73
7318	1.64
6118	0.89
8280	4.94
6601	0.90
4764	3.11
5037	3.87
9571	2.93
1333	2.02
1696	4.80
8697	4.89
4699	1.81
3737	4.75
992	3.61
418	0.99
1969	0.05
4853	2.76
1435	4.64
652	3.91
1706	1.31
4164	1.72
4199	0.96
6696	4.41
652	3.78
6383	4.46
4335	0.43
9611	0.90
7791	0.49
6910	1.05
5978	1.63
1192	0.80
6142	2.36
5499	1.50
7894	0.63
3583	2.77
45	2.73
6910	1.12
5953	3.75
2922	1.10
2865	4.74
2011	2.95
2525	2.68
9851	0.21
181	1.44
7810	4.45
9396	0.52
4759	3.25
5013	2.59
8141	4.09
4151	3.60
1980	1.97
5273	1.82
4257	3.44
2795	0.17
2912	0.79
8998	3.44
