731	1.23
2913	0.94
7590	4.86
3722	0.83
1316	0.14
5126	4.44
5807	1.06
291	3.05
949	0.41
1360	0.15
5158	4.91
7951	1.08
321	2.80
310	4.64
984	3.34
9645	0.86
6563	2.97
217	4.75
2568	3.59
1683	2.94
317	2.71
2997	2.80
9607	3.34
9260	2.80
6803	1.22
8545	1.25
898	4.91
5565	4.66
983	3.13
3234	1.23
182	1.11
466	4.25
2971	4.41
2610	4.07
6201	0.79
7311	3.44
3049	4.44
690	2.25
7805	1.15
3741	2.52
1869	1.57
5751	0.86
8711	3.90
188	3.12
5323	2.58
5829	3.20
5537	1.97
318	2.40
3215	2.79
8083	4.53
5212	2.26
6112	3.05
3927	2.04
7424	1.77
847	2.09
2139	4.43
8598	4.23
3170	1.35
3481	3.68
6796	2.74
4821	0.01
7307	0.82
3727	1.36
5297	0.81
1187	0.30
2362	0.28
1314	0.82
1433	1.19
743	2.51
