8568	0.06
1448	2.41
2834	0.38
5484	1.50
194	4.35
888	1.49
9258	2.69
4420	4.75
185	4.16
8277	0.09
1367	2.59
3520	3.22
2604	1.76
3324	3.36
3047	3.32
1679	0.23
441	2.64
5210	2.54
6224	1.17
1510	1.77
6591	2.09
924	1.74
3447	2.16
2912	4.89
7406	0.31
3682	4.58
276	1.65
2245	4.81
3534	2.39
4666	3.61
2755	0.28
1503	2.96
9382	1.34
3221	0.28
7476	2.23
1552	1.65
2375	1.66
8186	2.01
6831	2.13
1014	2.66
1032	1.07
3312	0.35
2658	4.64
2588	0.80
2165	1.50
5942	3.94
2393	1.89
2212	4.09
5098	3.78
4402	4.34
9935	3.65
6785	0.57
877	1.72
1269	2.23
4949	0.76
5879	2.18
1281	4.41
203	0.70
4115	3.08
