4030	3.55
9193	2.51
8667	1.36
1052	1.99
4028	0.28
5999	3.94
8716	2.09
915	0.81
2630	3.94
3965	3.66
2379	0.54
8534	2.37
1543	3.93
1345	2.47
7393	2.77
8804	4.07
5836	1.54
8636	0.83
8467	4.94
7133	1.20
883	1.87
7735	0.71
2826	1.35
8519	3.87
7658	1.33
5435	0.59
891	1.53
4464	3.34
7286	0.88
3748	4.69
2420	3.96
9369	4.49
5591	3.60
8370	4.79
2564	3.39
1243	3.42
4789	4.69
6314	1.18
3473	4.26
5749	3.44
5349	0.41
2949	3.76
6627	4.77
2186	1.86
8489	1.62
2823	0.37
1284	2.14
720	1.53
272	1.70
3884	3.29
3702	2.87
92	4.59
5474	0.01
7799	3.01
4624	3.78
5041	3.69
472	0.66
2667	0.01
