5131	4.44
6318	4.10
4472	1.23
5598	3.75
7725	2.24
4085	3.93
135	3.88
6251	1.02
1080	0.64
2979	2.68
9448	4.00
5480	0.12
6242	0.41
1243	0.43
758	1.86
8681	2.98
7445	2.52
5184	1.41
965	4.70
5317	3.75
2188	0.01
1662	3.60
7300	3.00
7905	4.10
7045	2.35
359	0.39
2100	0.49
2203	1.58
5611	2.04
480	0.63
1016	0.68
215	2.15
8579	1.57
3794	2.51
3676	4.32
1494	2.33
6471	1.25
1665	4.95
6307	2.66
1976	3.95
7424	4.00
1369	1.47
8009	1.12
5876	2.06
1876	4.10
1829	1.70
1679	1.34
4600	3.23
133	1.23
1308	1.61
6915	3.57
7143	2.26
1226	3.53
6341	0.64
1170	0.57
6623	3.19
2397	2.36
5295	3.19
2708	2.58
9153	2.67
1394	1.40
9035	4.55
1452	0.44
8844	0.33
6111	1.56
3064	2.01
6029	4.24
980	4.01
6463	4.26
1154	4.06
9951	0.53
6102	0.02
43	3.42
4051	0.66
2977	0.00
8545	3.01
3718	2.14
3793	3.74
8615	2.79
2155	0.06
2136	3.03
3831	4.25
5545	0.98
1889	1.84
5980	3.58
6904	0.71
5618	0.36
750	1.54
9927	4.39
4941	1.19
2373	4.43
6512	3.70
66	2.16
2809	0.91
2003	1.05
1430	2.69
2287	3.13
5019	0.30
1343	1.71
4200	2.73
