8822	1.09
6878	2.46
3343	4.91
1946	3.15
2180	4.63
9897	1.38
2550	2.75
1045	0.69
9228	0.52
167	3.54
6887	2.07
7380	4.27
9191	3.62
1382	0.96
5086	2.75
6864	1.54
469	4.60
4741	1.28
645	0.03
2426	1.11
8098	4.12
483	4.01
47	0.65
1956	1.75
4458	0.98
9426	4.21
653	0.83
8475	1.73
9503	1.16
698	1.12
6734	3.45
9269	1.74
6424	1.67
6156	1.44
9037	3.51
2386	1.95
9089	3.07
1042	0.95
5909	0.85
3400	3.60
4385	3.98
8803	3.87
1785	0.65
3361	0.92
8394	3.84
363	3.62
8854	4.60
2407	3.09
7604	3.29
8304	0.56
2879	2.24
6770	4.27
7381	0.95
4065	0.71
311	0.81
3929	4.76
4044	2.48
762	3.14
288	0.56
4650	1.31
8239	1.68
4562	2.50
4802	2.35
4877	4.76
5650	3.25
1267	4.75
8887	3.47
8283	4.34
1882	0.97
3513	1.85
1221	0.17
7634	2.60
2284	4.24
