5192	0.79
285	4.79
722	0.80
9338	1.32
1746	3.76
4463	4.35
3149	1.08
5227	1.06
3285	0.91
5611	1.93
6333	3.90
1056	4.36
701	3.00
171	1.32
2226	3.16
9155	1.76
8234	1.31
7132	1.88
4933	0.69
3663	0.08
7223	1.05
9450	0.82
3474	3.01
2075	4.46
161	1.34
2519	4.47
2883	1.31
7134	2.71
574	2.75
7790	2.86
8965	4.46
2509	4.22
470	0.49
2090	3.58
7551	4.89
7499	0.49
1685	1.01
4802	3.25
9874	4.11
9119	4.00
5816	1.67
3504	3.21
6542	4.08
1502	3.09
5579	1.73
1822	1.89
9760	4.17
6235	0.06
9053	0.34
4012	1.31
3977	0.73
9963	4.29
3064	1.14
2227	3.59
