5415	2.54
4457	3.23
426	4.12
2574	2.26
8394	0.34
1547	4.13
7073	2.17
35	3.96
7636	3.17
3519	4.31
8810	0.71
7099	3.07
61	4.63
8862	1.64
4572	1.14
1846	1.47
1687	4.84
6266	1.57
7146	2.59
1854	4.78
8099	4.18
453	0.91
6323	3.96
9834	0.66
6793	1.59
9480	1.62
2087	3.92
4425	0.59
2684	3.74
4456	0.50
8340	4.52
6383	3.56
1580	4.58
3661	3.05
4105	4.49
8901	3.17
2172	0.77
2671	3.30
1156	3.66
8044	3.78
7572	0.87
6766	0.03
8422	0.49
1928	3.78
974	3.16
1194	2.91
1432	1.23
3923	0.52
763	2.38
2642	3.29
2116	1.86
923	1.00
6617	4.72
6434	0.11
8721	2.32
3171	0.52
9075	2.52
4019	4.58
7821	4.06
4647	4.06
7898	4.44
1001	4.11
6019	4.08
2205	4.52
331	5.00
7422	3.19
2508	1.91
238	3.50
2544	4.67
1441	0.72
2706	0.81
7669	3.85
3154	2.45
1183	3.46
5862	3.94
2814	1.25
1956	1.37
1215	2.95
5782	0.64
9458	2.83
8418	0.96
2181	4.86
413	0.15
