1801	2.79
5837	3.30
8395	3.45
1171	0.92
4660	0.43
1036	0.77
2590	2.54
1613	4.31
8176	2.06
1212	2.83
3409	3.13
8459	0.99
2453	2.68
9974	3.27
3737	1.60
2826	4.25
9214	1.10
5613	2.94
1280	4.96
356	1.30
327	0.73
2992	4.13
9441	3.96
9133	0.01
6090	2.03
7961	1.36
3072	3.38
8268	4.50
4585	3.66
2340	4.13
7798	3.43
6471	1.80
3193	4.39
6181	3.63
2366	4.98
1708	0.59
2040	2.99
8458	2.43
4463	4.33
7614	4.37
3464	2.12
8118	2.01
6666	2.56
3610	3.32
3177	0.13
4989	1.89
3740	1.72
6558	4.38
1610	4.66
8815	3.73
3642	3.41
4341	0.16
7225	2.54
775	3.68
3275	1.57
9145	0.57
9504	3.79
2720	3.12
8833	2.37
5823	1.53
7225	1.41
6277	3.33
5438	2.15
3483	2.68
1696	1.09
5446	0.91
2752	1.51
2901	0.67
7440	2.59
3979	1.42
2007	3.86
1173	0.44
5336	3.85
3695	2.87
8716	0.67
