6378	0.31
7016	4.82
5936	2.79
5501	2.02
6034	3.46
4535	0.16
2924	1.13
7102	1.93
1508	1.30
5135	3.88
4816	4.33
6909	0.01
1177	2.68
8718	0.13
3731	1.23
748	2.72
7398	0.25
4457	3.41
2458	1.98
2779	1.36
4418	3.25
5538	4.60
6920	2.13
3779	2.73
1679	1.28
3657	4.83
5795	2.24
1964	2.99
2386	0.76
318	4.50
1837	1.08
4900	3.77
5706	2.06
483	0.04
3084	2.83
3814	2.15
8168	2.52
5107	3.65
2305	3.13
1993	3.44
5179	1.10
9664	2.39
9170	4.10
451	2.18
7039	1.17
6006	2.93
435	4.72
3997	1.03
1174	0.56
3008	1.87
6186	2.86
7540	3.09
2741	0.45
2513	0.80
5336	1.79
7940	1.43
3713	4.81
6885	3.74
4360	1.39
8339	3.51
