8483	2.37
361	4.13
6164	4.45
2551	3.45
5262	1.89
1248	4.76
2857	0.91
5595	1.94
62	2.64
8026	1.18
7120	3.34
653	0.11
9070	1.86
5905	2.17
4206	4.35
7753	3.76
5731	2.90
1893	0.20
7316	2.71
2576	4.45
8559	1.46
663	0.42
2478	3.62
7160	4.30
1190	0.59
1026	1.76
2586	4.04
5523	1.52
2016	2.92
2315	4.66
5149	3.15
3854	2.73
2692	4.46
3168	2.95
3818	3.15
9953	3.99
3374	3.70
2126	4.45
7413	3.06
7545	2.40
1434	2.30
1852	2.68
4996	0.97
1797	0.72
9836	4.61
9834	3.46
399	3.87
5692	1.04
7975	1.73
7018	1.21
8328	3.07
1034	2.53
642	3.29
6621	2.69
1221	1.66
4226	3.74
897	1.44
8076	2.24
3006	3.63
7780	4.64
9678	4.36
7939	0.56
6313	4.60
4431	3.30
4391	4.96
5566	4.76
4267	1.09
707	0.50
4569	2.26
8616	3.79
7083	4.58
8717	1.88
1128	4.78
4661	2.30
