4033	1.50
3904	3.02
532	0.43
2684	0.78
4388	4.84
3615	0.29
982	2.36
1166	2.60
7915	3.37
9094	2.35
8552	0.11
9470	1.31
542	2.77
1503	3.36
3759	1.88
8456	3.70
2403	1.12
9189	0.85
9764	0.62
4850	3.81
1465	3.90
2867	2.04
8832	4.99
4673	1.84
2033	0.20
9799	2.49
8901	1.97
1066	0.75
2868	2.16
9683	3.54
2025	4.25
5722	3.42
3301	2.90
9950	0.20
3911	4.30
5055	3.42
2501	3.04
565	0.02
8570	1.91
1941	3.75
325	3.70
1361	0.59
5794	2.64
9862	1.91
9334	1.92
1555	0.28
3668	2.72
2237	0.87
3470	1.89
7938	0.44
3884	4.65
2442	4.27
5408	0.18
5775	1.41
5111	4.90
2214	2.83
1798	1.83
7195	3.98
7522	2.53
2312	2.92
3729	0.58
1619	2.16
211	4.75
1987	1.36
