6461	1.00
1215	1.73
3755	1.82
5813	3.00
8863	3.60
7589	3.27
1489	3.30
3230	2.52
7111	0.19
9479	1.56
5244	1.00
6379	1.13
5987	3.05
6698	1.41
7622	3.61
4021	1.09
9395	2.68
2666	1.23
5663	1.70
5556	2.26
2662	3.76
2729	3.66
5181	2.63
6155	1.39
8232	1.53
845	4.89
1942	1.97
5582	3.77
1596	3.56
2312	4.56
3637	2.48
7574	0.16
8815	4.97
728	2.65
35	2.03
6984	4.78
8791	2.42
7278	4.94
8610	4.46
2984	0.52
4900	2.16
2215	0.45
652	2.77
8795	3.04
7320	4.08
5653	4.11
3345	0.44
7762	1.48
7925	4.83
8096	0.33
521	0.31
7283	1.41
4576	4.19
7838	4.90
9043	4.27
572	1.57
4055	2.67
1027	4.28
2883	1.43
3920	1.67
2674	4.75
2291	2.42
2344	3.44
3011	0.99
2010	2.55
7948	0.97
5260	0.05
740	0.71
3536	3.37
2411	0.58
3433	2.95
1718	1.10
1933	2.30
6204	1.69
1729	4.17
731	0.33
1685	2.22
