4436	4.37
5864	2.54
5966	4.36
6794	3.57
4453	0.95
9075	1.65
9252	0.13
2948	3.51
3142	2.82
2568	2.61
3406	3.95
5827	2.92
7704	1.32
7622	3.76
7360	2.13
1709	2.13
4395	1.41
8508	0.33
3539	1.07
4044	1.85
9930	0.05
1289	2.35
8183	0.16
7505	4.13
1146	1.09
5109	0.00
4153	3.51
9250	1.16
8590	4.23
19	0.25
4801	2.57
3486	2.94
2389	2.93
4634	2.14
8254	0.73
2644	3.34
9855	1.83
3288	0.68
2093	4.47
3476	1.44
7081	2.89
9320	1.43
3843	3.24
193	3.58
8537	3.26
2074	3.77
8820	0.00
2050	2.79
495	0.70
8774	0.83
1183	3.84
842	3.41
5692	1.83
576	4.51
6514	3.72
2681	2.49
8616	0.11
8921	0.57
1945	3.35
7609	4.79
6099	3.83
3697	2.85
6769	4.87
3566	1.29
8042	2.14
7102	4.65
