4234	3.50
4388	2.21
6532	4.62
813	1.93
5151	4.98
5110	4.37
843	1.09
6180	3.22
1838	0.73
3095	3.35
7085	1.45
9399	1.07
4945	2.28
8007	2.06
8651	0.64
955	2.78
4168	0.88
2297	4.46
3283	2.07
3084	0.00
5541	1.50
8640	1.50
5102	2.66
4325	1.70
470	1.73
9093	2.35
2355	0.07
7020	2.86
708	0.70
6004	0.92
9081	4.76
5035	4.28
6042	2.69
9266	5.00
1940	4.91
941	3.52
7975	0.69
7832	0.10
4531	0.24
8551	3.75
7974	2.95
2518	1.51
1373	4.90
5790	2.38
855	3.83
2007	2.50
9657	3.37
6433	1.08
1572	4.02
3236	0.96
6243	0.70
3476	0.65
6268	3.87
9282	4.80
6438	1.20
3685	1.12
2831	2.19
6006	4.78
