1852	1.58
7668	2.67
1785	4.42
4076	2.02
8224	0.47
1602	2.61
2357	3.34
3547	1.66
9825	4.64
2821	3.23
8267	2.86
884	1.50
6356	0.87
2066	2.75
7190	0.49
9735	4.94
1003	2.70
455	0.77
5485	0.49
7873	1.53
3374	4.42
2154	3.87
8535	1.36
3575	4.07
1903	1.03
6558	4.46
524	2.17
2217	2.67
2066	4.30
2635	0.81
2209	4.25
7281	1.24
2373	0.41
5471	2.39
3882	0.64
508	2.83
8486	4.62
5864	3.02
8672	4.09
8736	2.15
2589	2.50
1967	3.22
9181	3.26
9695	2.34
4727	0.61
594	2.97
9293	3.35
9901	3.38
3960	0.99
587	4.90
8284	2.97
2589	1.40
8425	1.94
2210	3.24
9917	2.38
5151	0.54
7063	2.22
3464	1.07
2023	2.14
8402	3.22
964	0.10
5092	3.62
3200	0.19
1068	4.10
4371	2.26
8047	0.18
6464	0.18
7552	1.05
5185	3.75
9076	2.15
4458	3.35
3894	0.77
1434	4.43
2266	3.60
963	2.43
