9837	2.93
6108	1.31
5901	3.73
6177	2.32
1789	0.40
4905	3.35
1622	4.86
6119	3.97
1031	2.60
3759	2.93
3646	2.74
5911	2.39
3901	4.00
4709	3.46
781	3.76
4536	0.10
9873	1.41
6094	0.64
2911	1.96
8415	2.44
2207	4.07
4751	3.19
9465	2.20
8774	1.05
6985	0.85
5333	4.18
125	0.52
7439	4.50
8953	2.27
3305	5.00
1338	2.64
5063	2.03
335	1.04
1727	2.66
8311	4.16
675	1.61
4347	4.71
3524	0.58
2899	2.81
7724	2.20
3070	4.54
4805	0.77
4778	0.09
5435	0.94
6361	0.49
606	4.53
3570	3.23
4551	0.13
1038	3.49
9933	3.53
2688	2.68
2349	2.32
1265	4.21
7014	3.89
4758	1.66
3746	4.67
2535	0.37
