9603	3.79
848	1.73
7452	2.21
2419	2.77
8447	1.17
2305	2.33
1350	4.12
2538	1.58
876	0.95
6293	2.85
7442	0.03
1877	4.30
657	1.78
7011	1.81
832	4.65
5627	1.72
8911	4.78
6790	2.42
1418	0.94
6961	0.61
8406	1.39
5079	3.61
399	2.81
8160	0.08
2469	1.23
6648	2.17
9137	2.73
8524	1.71
5686	4.94
6636	4.57
3538	1.57
3454	2.35
4577	3.09
1017	3.73
3743	0.64
1822	1.44
7422	2.26
7536	3.54
4452	2.87
4217	0.49
9993	3.51
4861	3.69
2908	0.58
3712	2.99
4501	2.36
7593	4.85
3006	3.92
1077	2.12
8719	3.61
8944	3.51
9938	2.04
3944	1.66
7015	0.94
3841	3.17
7040	0.60
4026	4.90
8189	4.91
5001	1.99
