3687	1.36
8684	0.62
9563	2.82
1000	1.50
2631	2.71
7209	4.81
1108	1.85
9232	1.72
1933	0.21
9703	4.57
7064	0.26
8398	1.78
1404	2.40
7742	4.10
4456	3.02
5586	2.09
8534	1.90
2032	0.98
7122	2.99
9104	0.30
7736	2.20
9610	3.81
3675	1.05
1033	4.23
2315	4.29
9676	2.11
601	1.29
9676	2.29
2074	2.19
3624	4.39
8381	4.64
1966	1.13
9618	0.91
9826	1.27
8281	1.08
1959	3.10
8738	3.41
1890	1.02
5738	1.45
9102	4.74
766	0.20
3546	3.60
881	1.04
4511	3.54
8153	0.49
6162	4.30
3756	2.98
5702	4.36
8862	1.41
9222	3.15
5212	1.50
9335	3.33
6247	3.69
8087	3.12
4156	4.90
9027	1.53
9652	3.83
5141	1.49
3769	2.94
3917	3.01
1338	2.13
8191	3.75
7742	2.47
6856	1.80
4426	3.40
9149	5.00
236	0.07
9143	1.31
4210	4.47
6251	0.05
3661	4.71
3852	3.38
9058	1.67
2146	2.04
3643	2.96
4772	3.82
309	4.08
750	1.44
8341	4.89
7132	4.03
3352	2.77
8072	0.11
6330	4.82
9420	4.40
5693	1.68
112	3.28
2761	4.75
2226	2.92
2155	4.14
2038	3.35
4129	3.35
4738	2.70
2399	4.28
1821	2.54
7068	1.43
5610	0.39
796	1.75
