2415	0.67
9896	2.04
2312	0.51
6114	3.69
7989	1.49
1077	2.05
9092	4.49
8634	0.41
6742	4.80
1776	3.50
1026	2.64
9108	4.23
1642	3.46
1277	1.79
1801	4.69
372	3.60
1364	4.40
383	3.21
3171	0.47
2349	4.74
1882	1.43
2794	2.55
1180	0.13
9720	4.74
286	2.67
5464	1.41
280	1.74
282	3.17
2409	3.50
4288	2.54
7099	2.29
2093	3.81
2911	0.09
407	4.59
5906	2.80
1867	2.97
6702	3.57
619	2.73
2658	3.69
864	3.67
6560	2.61
6365	3.48
4309	3.23
3008	4.65
1995	3.20
1782	4.77
7408	4.16
7378	2.19
6377	3.23
3213	1.33
4869	4.57
7726	3.01
