4397	0.94
4423	1.32
669	4.95
4835	1.30
8086	4.89
1820	0.72
1658	0.35
927	1.83
3848	2.74
8921	1.16
7419	4.96
6802	3.16
5329	0.30
6718	4.91
3987	3.17
3339	4.15
5152	0.91
3646	2.26
9991	2.95
8138	3.24
8724	1.14
3936	2.39
2607	1.41
9490	3.14
7425	0.97
5381	1.96
7468	3.63
5174	1.83
6555	1.33
7438	0.99
5399	2.37
4632	0.16
706	1.48
4207	4.00
3531	3.45
7656	2.39
1424	2.40
20	4.16
2273	1.07
8288	2.62
1596	4.18
8667	4.73
5842	1.97
7799	4.27
9194	4.40
9064	1.98
3437	1.88
4764	2.00
665	1.76
9560	0.38
3320	0.37
4454	4.70
6662	2.49
1747	2.12
5330	2.54
4254	2.05
2293	2.76
9915	1.45
6029	5.00
6009	2.55
8624	4.37
7728	3.72
344	3.95
4159	2.61
8644	3.75
3280	0.61
5787	3.04
5604	2.40
96	0.86
5832	4.84
3946	2.02
70	3.35
8398	4.27
9452	4.29
5046	2.53
3152	3.48
2100	4.10
1577	3.10
6898	1.52
3580	0.90
7645	4.90
3466	0.08
6958	3.26
1723	4.49
4986	1.42
1491	0.62
2364	3.99
8524	3.70
1534	3.55
3613	0.39
1966	1.19
1504	1.65
