776	1.61
1430	0.88
2335	0.30
9021	1.23
9075	3.29
7820	1.54
2781	2.59
9443	2.55
3748	0.23
431	4.94
1112	3.88
8071	1.49
4821	3.82
250	0.43
6016	4.85
6961	2.50
1465	4.10
6171	3.84
3425	2.88
9394	3.17
2673	1.73
2225	3.58
4556	1.99
3064	1.39
5509	3.51
6888	0.28
4547	1.80
1269	2.71
1607	2.08
4871	0.19
2151	4.93
4064	1.73
4082	0.38
6564	0.84
3543	1.92
7329	2.66
6937	2.39
4748	3.05
8872	0.77
6489	3.44
9054	0.10
5636	3.35
3204	4.38
1517	3.49
3046	2.40
8385	2.93
3112	4.97
1114	2.74
9195	1.93
5561	2.57
658	3.05
6497	4.58
6906	3.83
6741	3.52
6507	3.25
5839	2.68
4975	3.03
9418	2.28
6169	1.48
311	2.74
9535	1.75
878	3.38
5709	2.00
248	3.04
200	0.98
7628	1.43
567	3.41
7479	4.88
3541	2.70
9897	2.05
