9587	0.63
8412	3.71
9726	4.26
8932	2.50
2564	4.79
3134	2.05
4174	4.56
5391	2.82
6624	2.67
2109	3.61
6741	2.82
2431	0.31
1283	0.78
6341	4.99
8541	2.59
1670	4.14
2574	4.89
7012	1.24
1164	2.01
4729	4.84
9393	2.57
1431	3.18
5304	2.94
5238	0.02
1749	4.41
5051	4.26
5483	3.69
153	0.78
8966	1.71
9432	0.92
6607	1.04
4115	2.64
95	3.81
6865	4.79
3465	2.72
8339	1.25
8787	0.51
2466	4.83
2073	4.00
3727	1.98
2222	3.34
8917	3.31
6353	3.59
5980	2.74
4912	2.47
5831	0.54
8771	3.79
9863	2.03
8253	4.54
9415	1.88
7559	0.30
3790	2.58
2888	3.12
9443	4.99
9588	3.31
6268	2.44
7341	3.91
5521	2.39
2623	3.49
323	0.58
153	0.18
3243	3.79
9688	3.35
3104	4.77
9263	4.58
1603	1.26
9778	2.57
557	2.50
378	3.14
2390	2.37
9795	4.72
2374	1.37
4359	2.69
4853	1.29
