178	4.29
5347	4.97
3701	2.52
1679	0.68
5613	1.74
1185	2.52
6413	4.00
4409	1.12
1303	4.69
2224	4.19
5575	0.77
6278	4.31
2983	4.73
1458	4.87
5979	1.81
277	4.36
7947	1.84
8635	2.90
7	4.31
801	1.40
1949	4.32
9953	2.49
4536	4.13
2299	3.76
556	0.11
8441	1.64
7355	3.21
5023	2.84
5918	1.80
2730	3.60
6736	3.48
7069	1.95
1686	2.79
9692	2.77
8708	4.21
2204	4.87
923	3.56
5544	0.44
1385	4.64
137	0.88
1343	0.77
7546	0.50
9921	3.14
1818	2.88
4322	2.61
5990	3.71
7677	0.72
3434	2.88
1682	4.28
9640	3.20
2231	3.43
9207	0.67
9474	1.17
6936	3.50
2205	3.56
3061	0.12
5531	1.02
7593	4.62
3866	3.07
7860	3.44
1330	1.39
4414	1.34
4419	1.78
4373	4.26
398	1.64
9468	3.95
1653	4.20
775	3.23
7200	1.89
7405	0.95
5861	0.76
1529	0.29
7486	4.67
7572	2.20
2633	0.31
2535	0.39
7643	3.45
3417	2.07
5423	2.40
4630	4.91
4467	3.45
5645	3.58
9469	2.93
9212	4.98
3985	3.93
434	4.08
5681	1.54
8034	4.29
2414	0.82
9891	2.63
8755	3.39
790	2.20
8412	3.03
8576	0.11
666	0.06
