1	1.37
2	3.93
3	0.71
4	0.47
5	3.17
6	2.48
7	0.98
8	0.4
9	0.79
10	3.94
11	0.1
12	2.40
13	1.28
14	1.53
15	0.5
16	3.26
17	1.21
18	1.26
19	2.30
20	2.56
21	2.76
22	0.21
23	0.12
24	2.39
25	1.47
26	1.91
27	3.86
28	3.18
29	3.58
30	0.55
31	0.22
32	2.59
33	0.45
34	2.92
35	2.0
36	0.80
37	2.57
38	2.2
39	2.89
40	0.58
41	3.17
42	2.84
43	2.12
44	1.27
45	0.28
46	0.88
47	3.25
48	3.72
49	1.0
50	1.7
51	0.36
52	0.36
53	0.97
54	1.90
55	0.69
56	1.83
57	1.59
58	3.12
59	3.52
60	1.62
61	1.52
62	2.98
63	1.73
64	0.82
65	1.57
66	0.57
67	3.68
68	2.24
69	3.94
70	2.79
71	0.59
72	1.11
73	3.56
74	1.84
75	2.3
76	3.37
77	2.4
78	3.21
79	1.36
80	3.75
81	2.77
82	2.93
83	1.73
84	2.7
