1	2.49
2	3.13
3	2.12
4	0.43
5	1.58
6	3.34
7	0.60
8	2.95
9	1.81
10	2.11
11	0.84
12	3.82
13	0.73
14	2.99
15	0.28
16	3.99
17	1.99
18	1.81
19	0.93
20	1.37
21	1.34
22	0.15
23	0.31
24	2.51
25	3.60
26	0.86
27	0.80
28	3.64
29	1.52
30	0.21
31	3.96
32	0.84
33	2.19
34	0.56
35	2.90
36	3.87
37	1.30
38	2.20
39	3.64
40	3.61
41	3.91
42	3.45
43	2.26
44	2.27
45	2.68
46	0.97
47	0.1
48	3.64
49	3.97
50	1.72
51	0.83
52	3.55
53	3.29
54	3.6
55	3.15
56	3.4
57	2.65
58	2.1
59	2.66
60	1.50
61	1.1
62	2.98
63	1.32
64	2.67
65	0.95
66	3.94
67	0.32
