1	3.21
2	3.10
3	1.53
4	0.0
5	3.0
6	0.10
7	2.27
8	0.33
9	3.30
10	0.13
11	1.62
12	1.55
13	0.5
14	3.52
15	0.19
16	3.98
17	3.62
18	1.45
19	3.90
20	3.1
21	0.26
22	0.52
23	3.96
24	1.46
25	3.38
26	2.6
27	3.87
28	2.8
29	3.36
30	1.40
31	2.47
32	2.23
33	0.85
34	1.92
35	2.0
36	2.46
37	3.1
38	2.69
39	3.76
40	2.40
41	3.15
42	2.82
43	1.67
44	3.36
45	1.99
46	2.47
47	1.3
48	0.71
49	3.59
50	3.88
51	2.90
52	1.17
53	2.63
54	0.2
55	3.93
56	1.86
57	1.35
58	2.66
59	2.13
60	3.0
61	0.69
62	2.46
63	0.53
64	1.81
65	3.8
66	2.58
67	3.77
68	2.7
69	1.42
70	1.71
71	3.57
72	0.23
73	3.79
74	0.81
75	3.48
76	0.35
77	3.14
78	0.4
