1	3.65
2	0.83
3	0.67
4	1.68
5	0.15
6	2.51
7	3.20
8	0.52
9	3.66
10	0.15
11	2.48
12	0.45
13	2.68
14	3.20
15	1.0
16	1.93
17	1.30
18	2.89
19	2.21
20	1.36
21	3.18
22	1.69
23	3.38
24	3.13
25	1.90
26	2.19
27	1.26
28	3.91
29	0.22
30	0.7
31	0.80
32	2.48
33	0.53
34	0.95
35	2.57
36	3.18
37	1.80
38	0.95
39	3.24
40	1.21
41	1.80
42	1.50
43	1.84
44	0.86
45	1.52
46	3.65
47	1.24
48	2.5
49	0.23
50	1.35
51	3.22
52	0.22
53	3.42
54	3.55
55	3.28
56	2.10
57	3.43
58	1.82
59	3.53
60	1.31
61	1.66
62	2.54
63	1.19
64	0.57
65	2.21
66	3.90
67	3.7
68	1.61
69	1.44
70	1.85
71	2.21
72	2.21
73	1.40
74	3.77
75	2.89
76	0.1
77	0.16
78	1.35
79	3.6
80	0.12
81	3.97
82	0.70
83	3.37
84	1.83
