1	3.13
2	1.88
3	0.77
4	0.76
5	1.60
6	0.25
7	2.99
8	3.36
9	2.15
10	1.15
11	2.29
12	3.46
13	3.97
14	1.7
15	1.56
16	2.23
17	3.28
18	1.78
19	3.53
20	3.9
21	3.31
22	3.43
23	2.96
24	3.15
25	0.44
26	0.8
27	0.90
28	0.36
29	3.66
30	3.54
31	1.75
32	1.57
33	2.0
34	2.70
35	3.98
36	2.4
37	3.47
38	3.20
39	2.73
40	0.41
41	2.81
42	1.25
43	1.95
44	2.73
45	3.7
46	0.32
47	1.77
48	2.29
49	0.8
50	3.50
51	1.83
52	3.45
53	2.45
54	3.63
55	3.30
56	0.9
57	1.38
58	2.27
59	1.38
60	3.26
61	2.45
62	2.47
63	3.27
64	0.79
65	0.80
66	0.37
67	1.88
68	0.56
69	0.19
70	3.36
71	1.68
72	2.96
