1	1.28
2	0.57
3	1.31
4	0.13
5	1.2
6	0.74
7	2.89
8	3.37
9	3.27
10	1.54
11	3.23
12	3.48
13	1.33
14	1.32
15	1.8
16	1.95
17	0.13
18	1.50
19	3.86
20	2.33
21	3.23
22	2.69
23	0.47
24	0.63
25	2.82
26	1.3
27	1.17
28	3.64
29	1.7
30	0.47
31	3.83
32	3.0
33	1.44
34	1.24
35	2.28
36	0.14
37	0.0
38	1.18
39	1.53
40	0.29
41	2.10
42	0.99
43	0.48
44	2.14
45	0.55
46	1.73
47	3.9
48	2.18
49	3.64
50	2.55
51	1.40
52	0.29
53	2.88
54	3.89
55	1.36
56	2.78
57	2.45
58	3.74
59	0.25
60	1.91
61	3.21
62	1.99
63	0.89
64	0.4
65	2.13
66	0.73
67	2.62
68	1.38
69	0.97
70	1.5
71	3.26
72	1.3
73	0.3
74	0.92
75	1.67
76	3.71
77	3.90
78	0.30
79	0.89
80	0.56
81	0.52
82	0.54
83	1.25
84	2.6
85	2.20
86	2.73
87	3.53
88	1.90
89	3.34
90	1.5
91	0.91
92	3.72
93	0.50
94	3.49
95	1.80
96	1.6
97	0.56
98	2.57
