1	1.73
2	0.54
3	2.41
4	3.52
5	2.18
6	1.64
7	2.23
8	2.27
9	3.74
10	2.40
11	2.56
12	2.38
13	2.7
14	1.52
15	3.99
16	2.53
17	0.34
18	3.32
19	1.28
20	2.25
21	3.66
22	1.97
23	0.14
24	1.99
25	0.28
26	2.45
27	1.70
28	2.76
29	0.57
30	0.14
31	1.40
32	1.50
33	0.2
34	2.37
35	2.55
36	3.52
37	0.58
38	0.40
39	1.78
40	3.81
41	1.36
42	3.15
43	0.92
44	3.46
45	1.34
46	3.76
47	3.83
48	3.2
49	0.75
50	0.35
51	1.13
52	0.79
53	0.15
54	2.50
55	2.85
56	1.40
57	2.7
58	3.87
59	1.63
60	1.44
61	3.28
62	2.27
63	2.53
64	3.62
65	1.76
66	3.61
67	0.88
68	3.60
