1	2.48
2	2.58
3	0.81
4	0.90
5	1.99
6	2.8
7	2.38
8	3.98
9	1.42
10	1.15
11	0.23
12	3.51
13	2.55
14	2.35
15	3.41
16	0.46
17	2.61
18	1.86
19	1.51
20	0.29
21	0.24
22	1.54
23	0.96
24	2.13
25	0.96
26	1.81
27	2.2
28	1.94
29	1.18
30	0.22
31	2.46
32	0.93
33	1.99
34	3.24
35	0.10
36	2.32
37	3.26
38	3.71
39	0.42
40	1.84
41	3.10
42	2.4
43	2.19
44	2.85
45	0.69
46	3.69
47	3.22
48	3.70
49	3.74
50	2.19
51	0.94
52	3.78
53	3.73
54	0.21
55	1.38
56	3.63
57	2.59
58	0.34
59	0.68
60	2.44
61	1.92
62	3.27
63	2.43
64	2.28
65	0.36
66	1.86
67	1.16
68	1.24
69	2.33
70	1.8
71	0.52
72	1.67
73	0.83
74	2.15
75	3.70
76	1.35
77	1.34
78	3.32
79	2.3
80	1.46
81	2.64
82	0.16
83	1.34
84	2.56
85	3.65
