3303	0.27
8908	1.05
1111	4.69
3539	3.40
267	4.07
2728	2.93
2340	2.18
4197	4.53
7229	3.58
123	1.50
1964	0.55
7235	1.45
2050	4.76
3500	1.28
2041	0.42
4264	2.74
4836	1.47
2498	3.77
920	3.30
8897	2.64
2076	4.21
7461	2.96
985	3.81
1614	2.78
2439	2.42
6984	0.43
8564	4.44
2777	0.26
2251	4.83
6232	0.92
3041	1.87
4440	0.33
272	4.85
5451	0.41
4572	3.32
7316	0.85
9236	0.52
2302	0.53
6221	2.49
9073	2.06
8917	1.39
4144	0.11
5237	0.74
1668	4.77
9193	1.75
8491	1.14
3104	1.44
8872	0.01
7545	3.25
150	1.78
8333	1.05
1113	1.75
6930	0.07
9472	3.05
