7209	0.03
8578	2.73
8913	1.22
4767	1.23
3229	1.63
7433	2.25
9144	0.50
3877	1.68
6394	0.14
5006	4.36
7940	1.51
1993	3.28
7737	2.76
171	1.56
2542	1.03
928	1.75
3364	0.88
6470	4.09
5151	4.19
2511	3.91
4456	1.61
1693	2.56
584	2.79
3609	3.60
8868	3.20
3642	1.37
4347	2.42
6797	1.16
5006	3.08
8933	3.88
524	4.10
3259	1.02
9284	3.14
1902	0.07
5204	0.31
2318	2.75
3673	0.86
7981	1.36
1946	4.53
6266	0.85
1109	4.51
1129	0.36
2384	1.32
8869	2.50
8864	2.44
1292	2.76
3171	4.63
9732	3.43
4137	2.89
4855	0.60
9017	3.10
6695	0.37
9072	1.67
1802	3.38
4801	3.44
7423	0.11
8367	2.99
7447	1.28
2736	3.59
2190	4.40
9655	0.53
1962	3.91
1928	0.13
6975	1.57
9384	4.16
2107	2.05
9501	1.97
8018	4.66
6470	3.98
2154	0.53
5325	4.02
3616	4.39
8163	2.46
2963	3.45
8985	3.18
7340	3.28
6927	0.66
4785	2.29
7635	2.29
2296	0.79
7416	4.24
3381	4.07
1881	2.58
9835	3.35
9407	0.42
9514	3.50
4146	1.69
8498	2.21
7349	0.17
7732	4.48
2191	1.47
8436	4.00
8451	0.57
4446	1.28
9485	0.65
544	2.91
3014	3.32
1445	3.39
6224	2.28
