9866	3.89
1017	0.42
9332	3.83
3221	3.82
9658	2.26
3928	0.64
4940	2.64
265	3.24
4315	0.92
1748	0.84
857	0.49
4840	4.55
540	1.01
9765	3.64
1144	3.33
5275	3.28
6907	3.30
1560	4.53
3337	4.65
7583	4.83
5571	2.51
3054	0.61
3937	0.12
7762	2.70
6793	3.43
3028	1.81
7862	4.33
6985	4.39
782	1.99
1213	2.72
1979	1.87
1204	0.08
4287	0.63
3312	1.90
2275	0.59
8530	3.42
5586	4.49
3940	1.82
4503	0.34
3524	0.68
4800	4.09
3702	0.04
7354	2.14
7275	0.55
6539	4.59
2210	1.08
1073	2.79
2237	4.44
707	4.42
4481	1.29
3184	0.34
22	3.53
7784	1.41
6540	1.12
1102	3.48
9518	4.31
9188	3.58
4121	4.07
441	2.38
5406	3.90
5889	4.84
5220	4.12
3407	1.91
9459	0.78
1540	0.01
5367	2.69
6330	2.27
5967	4.25
4498	2.00
9219	0.52
3645	3.55
6873	2.48
1175	1.83
357	3.50
4251	4.82
925	2.40
5070	2.68
5777	4.30
1210	2.85
4213	2.89
473	2.01
3431	4.29
9945	3.78
2977	4.94
3219	0.28
6953	0.10
3751	2.08
3029	2.98
9263	3.36
