5470	2.42
9177	4.83
9387	0.40
1303	0.66
6836	2.84
3873	4.54
5115	4.99
7869	1.10
5334	0.97
645	4.23
1295	4.72
3030	0.59
7824	0.98
2518	3.63
8162	4.56
7833	3.81
9594	1.81
1285	4.35
8707	4.70
1788	3.78
2859	0.27
1344	2.23
2182	1.48
8074	3.10
8315	3.35
9550	3.21
7944	3.48
4842	2.14
368	3.04
5213	0.68
9172	1.84
4183	4.47
6443	0.74
5072	3.99
2134	3.05
9439	3.43
1818	1.82
5377	2.79
8505	2.28
3402	3.03
8248	0.68
670	2.27
1668	2.29
2926	4.04
732	4.91
7260	0.19
8678	3.23
4134	4.24
910	0.29
773	4.49
9251	1.95
7554	4.24
5212	2.47
2110	3.82
7097	0.99
4280	0.51
8319	3.24
334	2.29
2769	3.19
9027	1.36
5274	1.50
6978	2.89
3395	3.45
2378	3.13
2757	2.28
5373	1.01
5578	2.09
3768	2.84
2475	2.49
885	0.90
681	0.27
