4371	2.17
3880	4.74
5626	4.38
8814	4.49
9266	1.25
8473	4.66
1600	4.17
7343	4.37
1246	2.14
3825	4.73
2038	1.75
5101	1.86
6220	4.08
8213	3.03
3784	1.06
9260	3.16
455	1.03
2752	4.49
5488	4.85
4688	0.19
375	1.20
5224	2.83
3074	1.60
286	4.70
3224	4.98
5460	4.96
2934	3.66
3152	2.61
9038	1.47
1033	1.36
4585	2.99
1162	0.73
2744	0.06
4750	2.07
3814	2.66
7049	2.72
3729	2.15
3841	3.31
1684	1.44
2755	5.00
2672	4.06
7683	3.96
4726	2.20
5490	4.35
9699	2.62
8513	2.65
4748	1.14
6986	1.62
9824	3.58
2981	4.49
9269	4.98
9943	1.36
8540	4.95
9180	4.47
9256	3.17
489	3.09
1003	1.50
9536	4.83
2652	0.70
6685	3.53
2643	3.01
6205	1.26
5601	1.57
