378	3.35
3441	4.82
7776	2.70
6013	1.28
8985	1.00
1579	2.39
1533	2.61
8557	3.28
8952	1.06
2493	4.92
8063	0.65
5760	1.42
6906	2.07
7022	2.69
4313	4.85
9408	3.61
2856	3.93
3742	4.35
5918	0.66
2018	2.97
4368	0.29
4757	0.89
6816	1.34
1659	3.54
5796	1.38
5199	2.39
1498	1.28
7539	1.04
5248	1.61
2426	0.47
1272	3.82
5956	4.61
1657	1.33
1959	4.46
5945	0.40
8531	1.58
686	1.95
2336	4.34
4006	2.81
5258	4.12
2571	3.46
4102	1.52
2887	1.55
1250	0.83
4974	4.42
2473	0.44
2402	1.61
3055	4.33
6649	2.28
8841	0.22
8811	2.95
8189	1.05
8028	3.86
1282	2.48
2521	4.83
2536	4.42
7881	4.19
8110	4.72
1804	4.69
7279	0.33
1605	0.81
6588	2.89
3414	0.54
1070	2.77
2569	1.09
9049	3.08
6395	0.17
4898	3.48
1151	3.72
107	3.87
7667	0.31
1695	1.90
6374	3.53
6251	2.42
7968	4.32
1419	0.09
