5595	4.95
9029	3.88
7567	0.77
7046	3.89
530	0.12
6076	0.15
6495	1.55
2313	4.83
9391	0.15
6146	1.55
1112	2.58
8164	0.23
8055	2.80
1639	3.19
4679	0.23
681	3.04
8671	1.82
4213	2.58
6729	3.20
8822	3.85
4566	2.22
9098	1.38
4598	4.43
4059	4.12
8762	4.09
1059	2.97
316	0.71
7438	3.89
2354	3.04
8771	3.29
5685	0.18
9799	2.43
8070	0.08
5846	2.81
1686	0.33
2335	1.56
8476	2.93
7473	1.73
13	4.84
3950	2.48
8109	1.61
215	1.49
6425	1.36
225	3.99
4659	4.24
626	0.02
6151	4.18
6743	3.69
2790	0.56
1860	3.85
6311	4.34
8357	2.29
6820	1.60
4283	0.80
1457	4.36
6526	1.38
2657	0.84
2840	2.98
4828	4.15
1357	1.33
6707	3.75
