6890	4.89
5426	1.02
906	3.59
6083	0.67
855	0.36
6051	2.30
3781	4.89
9422	0.63
4654	3.13
7861	0.74
2238	0.01
1798	3.22
5459	2.55
2208	4.95
1454	0.70
188	1.46
2698	3.98
7994	0.06
1424	1.33
9368	2.24
1537	0.37
4059	2.98
1299	1.17
6537	0.91
5943	2.67
9312	3.68
8131	4.23
4777	4.85
1401	4.01
2425	1.89
5658	4.79
3115	1.26
6004	4.32
7377	4.59
4322	4.85
8836	1.51
7519	2.40
3205	0.17
1329	4.57
1663	0.42
745	4.94
3183	2.33
358	3.91
3415	0.96
8659	0.30
1682	2.25
7588	1.35
6551	1.31
2971	3.47
4867	2.28
3631	1.62
4162	3.23
1858	4.67
7946	1.70
359	3.03
7532	2.46
1699	3.23
8861	3.98
6456	3.99
4062	2.22
1059	1.36
259	1.07
7756	1.66
7198	4.56
5547	0.00
9978	1.48
225	2.62
717	1.22
3341	1.86
3226	1.52
2565	4.81
6687	3.57
909	2.46
3820	3.06
214	2.43
8064	1.20
8923	1.32
6777	2.55
5082	0.58
4483	3.45
3447	1.90
902	2.02
4766	4.42
8363	4.81
7177	4.44
1836	4.70
6892	3.38
7152	0.63
8380	1.45
1380	3.47
6324	1.24
5307	4.56
3805	0.90
6923	1.02
8203	1.94
5341	2.53
3044	4.53
4854	4.78
9173	1.46
