8392	1.44
2707	4.41
277	2.70
3565	1.87
4781	3.25
1767	4.65
1333	4.52
8481	0.06
6877	3.82
6559	3.55
8191	0.76
9581	1.32
7015	0.66
1310	0.09
8539	2.91
4120	2.95
7276	2.05
6770	1.81
228	3.39
2487	0.49
4285	1.47
9440	1.65
9724	3.30
6442	1.21
5409	2.76
9704	0.46
3762	3.53
9663	1.84
4295	2.81
525	3.80
4793	1.94
2299	3.24
5595	3.14
270	4.35
1636	1.29
2137	0.61
6806	1.44
5664	2.72
1710	2.63
2314	0.15
5695	2.42
8812	1.18
6158	3.11
5008	4.94
7688	0.82
4740	2.37
1495	4.00
5410	2.83
2429	2.57
1972	2.10
8316	0.69
4811	3.71
6628	1.75
5500	4.37
7295	2.49
5314	0.36
9232	0.68
6890	0.49
2586	4.11
5055	1.41
826	1.21
1396	1.20
4466	1.77
953	4.49
2466	0.18
901	3.53
4052	1.99
3884	3.49
2329	1.91
2710	3.25
7819	4.97
7026	4.10
5092	1.14
4847	0.88
2279	1.83
4145	3.03
6220	2.56
1118	2.56
6829	4.44
8433	2.36
1821	3.76
2152	3.49
763	1.78
98	4.46
6912	0.76
1828	4.05
9456	3.41
6375	1.40
9430	0.58
2674	1.36
1646	1.98
2178	0.18
7789	3.02
9357	4.43
9324	2.15
5213	3.37
3994	1.97
5048	2.97
