915	4.83
9978	4.48
8608	4.63
2810	3.73
5636	0.41
6270	4.64
5181	4.29
4789	3.66
5670	3.74
7411	3.74
6775	3.85
13	2.95
1403	1.81
2195	0.66
729	3.11
7939	0.23
4687	3.62
8291	0.95
3530	1.03
7763	1.66
5795	2.45
6868	1.69
685	0.50
1063	2.39
8833	2.87
2082	0.74
5902	4.93
73	3.10
1919	1.45
9367	3.40
625	3.43
4144	2.97
1809	2.62
6929	3.53
6420	2.35
9466	3.98
9932	4.54
681	4.86
2229	3.51
7600	0.28
2684	4.40
9443	3.43
3623	3.10
2366	2.35
213	0.80
5519	2.89
183	0.49
7603	2.51
9718	4.40
1520	4.32
1949	0.01
3186	4.30
4899	3.79
247	1.67
1534	1.13
941	1.38
3973	2.95
5228	1.74
6529	4.28
9582	0.85
5512	3.57
6118	2.96
8727	2.75
9835	1.48
8329	3.06
8672	2.63
6616	3.17
8863	0.74
1541	1.75
8556	3.48
7059	0.47
5442	4.20
4038	3.89
4519	0.82
6911	4.98
5534	0.46
1073	0.94
4188	3.19
5233	1.83
7932	2.79
2552	4.47
7376	3.46
7825	3.03
7229	4.80
8267	1.02
4961	4.33
9497	4.22
5275	4.11
