6931	2.28
3393	0.47
800	2.57
516	2.48
5842	3.73
4198	4.00
4607	3.54
1347	1.67
1884	2.99
5855	1.14
8303	4.14
9104	2.59
317	3.57
3464	3.41
5303	0.55
2505	3.20
2028	5.00
8591	3.01
3817	3.39
1475	2.91
1931	4.36
5687	0.33
9746	3.02
2937	0.83
440	3.05
292	2.79
9850	0.95
8885	0.99
232	3.42
9533	0.31
5066	1.86
9433	3.10
2433	1.54
776	0.99
6144	0.20
1385	1.32
291	2.85
2805	0.92
2606	0.46
7974	3.23
102	2.31
7270	0.32
2795	3.00
6074	1.09
2347	3.44
998	4.18
5514	3.06
4752	0.39
1684	0.44
2561	0.85
3104	2.34
4681	3.62
8974	1.47
8406	3.84
2185	0.37
2471	3.06
5189	3.67
2269	3.42
3250	2.54
1255	4.05
4089	3.42
8122	4.64
1254	4.34
1919	4.66
