4916	1.03
3197	3.28
6614	1.24
6639	3.91
6301	0.68
1830	0.01
6430	1.03
49	1.92
1411	2.11
5952	4.11
762	4.26
2371	3.48
3819	1.61
1526	2.86
1469	2.46
8121	2.33
6122	1.73
508	4.13
6317	1.72
6443	3.27
9064	4.80
8195	0.23
3698	2.01
8443	1.95
9972	2.51
2518	0.19
6905	0.48
5436	0.49
4508	4.26
9654	4.45
3050	4.92
7707	0.60
1689	1.01
5827	5.00
3824	4.33
3996	2.90
3674	2.42
4838	4.39
3477	0.63
1139	0.50
2168	1.72
5456	1.81
824	4.30
7618	2.46
8900	1.74
594	4.64
7772	3.90
3698	1.38
3678	4.83
462	0.63
5361	3.39
7266	4.88
2023	4.27
5195	2.83
9470	2.13
5429	0.20
1807	2.67
5473	1.39
9142	4.79
8034	1.02
6367	3.94
1281	0.11
2596	1.54
2749	3.38
3418	2.27
5476	2.09
9464	2.11
8691	3.39
608	0.34
1934	3.29
2714	3.33
2839	1.22
8011	1.27
