6945	1.56
7648	1.61
2385	3.10
7606	3.46
3730	4.60
4976	1.36
4458	4.80
2104	0.73
629	1.81
2273	2.93
2338	3.61
3929	2.97
8620	0.65
1778	3.08
8911	1.63
2294	4.84
9668	3.27
2236	3.59
648	4.76
9442	3.08
2659	2.42
5380	0.52
6183	3.65
5479	2.56
3209	3.00
8658	0.07
8612	4.77
4536	0.53
8864	0.23
5566	3.03
8727	0.89
5555	2.19
6379	0.09
2199	1.84
461	3.41
4194	3.69
5648	4.96
18	2.26
7291	0.07
5295	1.78
2758	3.59
2094	0.46
9826	4.10
2209	0.10
5520	2.96
4703	3.25
783	2.81
1600	4.40
8921	1.83
2143	1.63
5790	0.05
668	2.90
9775	1.81
6106	3.77
5332	1.47
883	2.24
6647	2.50
2713	3.51
1676	4.29
4499	2.28
7039	3.11
