4056	0.96
736	2.25
5458	3.76
8269	1.80
2355	2.24
6787	1.54
573	0.54
308	1.76
5734	3.26
9742	3.01
4194	0.97
413	0.01
9945	0.10
3702	4.32
6496	0.45
26	4.73
9050	2.86
894	0.40
1086	4.90
6318	0.78
1691	0.47
9376	3.05
1052	4.09
9716	4.65
3138	4.76
3765	1.85
2572	3.73
468	3.49
9288	1.25
917	1.64
2531	0.36
4498	0.45
3899	3.87
7251	3.06
1720	4.35
754	0.52
2966	1.49
272	1.33
5910	0.88
4861	0.38
9285	4.53
4072	2.47
6198	0.12
3034	4.20
5203	4.51
1838	1.92
1657	2.91
9266	0.77
3971	0.31
2144	2.51
1329	0.90
3895	2.23
4899	0.60
9421	3.23
3598	1.67
6824	1.94
6676	0.97
680	3.84
1844	4.85
4348	2.56
1060	4.51
8541	3.10
9307	1.52
3835	2.19
5305	1.35
9945	1.40
7154	2.70
1507	1.84
6943	1.36
9979	2.30
8767	2.92
9419	0.96
8435	4.32
1176	4.70
7496	0.16
2937	4.71
4807	3.57
8084	3.15
2501	2.18
