1228	1.34
8800	1.13
5246	3.37
2119	0.18
2254	3.02
7831	0.80
6677	4.53
5374	4.20
8521	0.22
9062	3.66
8997	0.92
372	0.75
2379	4.05
8655	3.78
3155	4.63
1604	4.78
8160	3.86
5577	1.42
3756	3.44
9168	3.80
2020	2.46
1414	3.34
3612	4.74
2562	3.89
2881	4.45
1396	4.93
2828	0.04
6494	0.20
6213	4.17
8550	2.85
4409	4.23
5392	4.73
1570	1.82
1056	0.43
1616	3.88
299	3.39
3474	2.77
5578	4.82
9551	3.15
9439	0.31
3934	2.19
4312	2.41
5134	3.86
2556	4.30
9440	1.06
7984	2.52
8405	1.79
9589	0.10
8949	2.56
4178	2.04
2079	4.56
2448	3.36
3616	4.38
4745	1.95
6889	4.26
7613	4.91
5924	1.39
7776	3.56
4411	3.28
7171	1.88
1281	1.30
1121	3.12
5195	0.51
5950	4.44
7117	4.84
7568	1.39
9764	4.92
4182	2.57
7970	2.98
3252	1.43
2547	4.98
2717	2.20
2098	3.75
78	3.06
