6397	4.88
9201	1.40
3501	4.83
1600	1.62
8007	0.38
2529	3.56
7056	4.92
1420	4.06
2160	2.36
1353	1.16
2800	3.96
2747	2.31
4933	4.04
1519	0.99
8673	0.46
4532	3.62
935	0.34
9420	1.64
4436	3.68
3208	0.96
4055	1.43
5808	1.12
3654	1.66
2427	0.79
5921	3.24
907	1.12
921	2.94
1563	4.27
9595	1.66
9600	1.11
434	0.79
884	3.22
3841	0.65
3239	2.28
4487	0.59
9037	4.46
3408	2.53
4413	4.11
1052	0.65
7504	0.43
3104	0.76
606	2.31
4195	3.47
5425	3.68
4489	1.26
7387	2.96
8103	2.50
7976	2.73
416	4.89
5681	2.75
520	0.63
5361	4.94
6204	1.29
6432	3.32
2088	0.60
7865	0.39
7912	2.81
1864	4.76
9657	2.99
2685	3.26
3671	2.22
863	1.14
505	2.76
5266	1.67
3872	3.77
110	3.07
