8085	4.41
95	0.03
8558	0.86
9502	0.82
4664	0.65
6272	1.96
6776	3.54
1398	4.56
5258	1.09
3184	4.42
8422	4.88
1333	2.99
3357	3.54
6381	3.17
338	0.47
9833	1.69
5831	1.89
2265	4.65
805	2.54
7748	0.50
862	3.30
593	2.50
104	0.81
7670	1.98
6451	3.05
1626	4.54
7642	4.45
438	1.67
9013	2.65
4701	1.13
1339	2.89
7666	0.39
5591	3.49
7662	3.81
6470	4.80
1869	0.49
4896	2.61
6155	3.57
1626	2.30
5408	2.18
6182	1.67
8927	4.81
1583	0.66
1304	4.93
2060	4.08
512	0.26
8988	0.99
7961	3.46
3109	4.28
491	2.66
2073	3.33
2213	1.55
1025	2.43
3484	2.18
8533	2.57
5677	3.53
7166	3.49
4383	1.88
6911	2.86
1142	1.00
7423	4.58
3161	3.17
4754	0.96
7920	4.13
656	2.11
2223	0.12
9738	1.79
3906	0.05
1933	0.67
3947	2.93
7138	0.10
152	1.75
6599	0.78
5008	1.89
8780	0.03
9241	2.45
