399	0.68
3272	3.01
3250	3.47
9842	1.46
532	4.86
8732	4.58
9162	0.87
9886	3.34
9847	3.39
3583	3.13
5099	0.63
1567	3.61
3713	1.31
7593	2.01
5634	0.04
3772	3.32
3115	2.72
4013	3.25
1089	3.14
7674	0.68
1176	1.26
2896	2.11
8426	2.49
7668	2.29
6858	0.47
5839	2.47
4222	4.13
7525	1.70
976	1.42
8155	4.32
1986	1.95
1594	3.88
9785	3.55
1261	4.96
1933	4.27
6370	4.84
915	4.66
1226	4.49
4148	1.49
5441	4.44
8782	0.09
2806	0.11
2998	2.76
5294	3.50
7460	0.38
2761	4.79
5104	2.49
7486	2.79
4644	0.00
8939	2.62
8622	3.00
2634	0.27
2599	4.89
9498	2.38
291	2.29
8812	3.75
6609	4.49
8454	3.24
9084	1.75
2415	0.92
4358	0.42
6455	4.02
7028	3.73
6509	4.76
9549	2.17
9561	1.45
2970	0.55
2995	4.37
6792	4.03
5899	2.74
9804	4.14
706	0.26
9822	4.95
6447	4.05
2075	2.92
7384	4.88
4755	3.46
7382	4.19
5149	0.49
9720	2.71
