343	1.31
6326	2.52
1524	4.41
720	2.11
1684	3.07
933	2.24
841	4.46
2087	4.86
937	2.37
3373	1.77
3269	4.15
519	2.19
7117	0.02
7818	3.94
6084	1.08
2942	1.20
195	4.42
4474	4.48
6190	1.81
7349	2.39
1748	1.10
5685	1.08
6104	3.62
488	3.26
6683	1.65
6232	0.91
2312	1.05
7371	3.58
6804	4.59
5209	4.88
4275	4.47
8935	2.61
8835	3.53
7369	4.81
6289	3.96
9078	4.01
5114	1.70
2374	1.16
90	0.08
6268	2.58
5963	1.26
9166	0.36
8513	0.92
7222	4.31
3544	1.09
6951	1.43
8028	4.96
5695	1.63
4799	1.35
6124	1.09
8006	2.26
1315	2.65
5942	1.05
2536	3.26
9887	2.69
8459	2.32
1563	2.75
2702	3.71
5793	3.67
2684	0.77
