613	3.36
6291	3.14
5018	4.22
5164	4.96
7282	2.84
4589	3.19
1797	1.71
1074	1.22
1224	2.00
1460	1.22
7522	3.85
4392	2.00
1940	4.85
330	0.69
6336	2.71
1806	3.12
2414	1.00
9058	4.65
9347	2.59
9133	3.77
1477	2.69
4311	2.28
611	3.25
1773	2.84
3106	0.36
2810	1.91
5551	0.71
2533	2.98
1166	4.43
3089	3.89
4589	3.12
4749	1.90
5200	0.99
8891	0.14
6817	1.53
1118	2.06
4233	0.92
3734	4.02
4171	4.29
5858	1.78
3728	3.18
618	3.16
165	4.10
6675	2.86
8879	2.41
3659	0.39
9586	0.79
9238	4.01
6717	1.32
2267	0.41
5853	1.54
