8952	1.71
3394	1.27
8112	1.51
117	1.45
7323	3.66
1683	1.00
4108	3.57
5174	3.03
5085	2.62
5019	3.11
6319	0.56
38	1.85
3842	3.90
4078	4.86
3224	1.51
6950	3.07
3585	2.45
3093	3.78
1160	0.15
9588	4.59
2611	0.64
2415	2.35
9111	0.13
415	1.26
9953	1.48
7144	0.70
7766	4.60
3165	2.16
2327	2.14
5626	0.92
141	3.02
4490	1.36
7024	2.93
3427	3.80
3524	0.83
6640	0.25
1048	3.43
7826	2.19
8420	4.39
740	4.36
561	3.48
8041	0.73
8398	1.95
189	1.58
2685	3.75
2859	2.44
2754	4.51
5380	3.97
5131	2.39
8490	1.78
5154	0.39
4598	1.94
1350	4.21
8546	0.64
64	3.39
