3449	2.02
3919	4.27
4601	4.46
5048	0.64
1762	4.97
1116	2.07
7249	3.03
1624	0.92
5724	3.68
520	4.74
724	1.37
9636	0.79
4318	0.02
3715	0.67
8620	1.34
9513	0.81
3750	3.10
2707	2.55
4171	4.93
2997	2.08
5649	0.84
5215	4.41
4483	3.26
9252	0.30
3258	4.55
8265	1.39
4098	3.34
1257	2.21
1685	1.43
1643	1.93
9633	4.82
1050	4.11
5406	0.48
9528	1.87
1204	0.54
1615	2.14
8573	2.16
578	3.66
7405	1.00
9824	0.94
4550	0.70
4079	2.08
5154	3.00
9664	3.68
6379	2.91
6797	3.50
7441	1.23
5922	3.44
5592	1.30
6	0.43
3742	0.05
3372	0.05
5509	4.07
998	3.92
3358	4.42
3317	0.12
6367	2.08
5589	0.00
3911	1.05
536	3.13
3427	1.33
1951	1.02
9561	2.79
2319	2.71
3007	4.80
1757	2.91
2599	4.36
7029	4.84
7549	1.88
2152	3.47
908	2.78
39	2.07
5973	3.48
8418	1.61
2140	2.92
5537	2.43
7320	4.43
1253	1.13
8555	0.75
1769	4.86
6845	0.57
9679	1.52
5694	0.67
8674	1.33
18	1.40
7852	2.03
1316	0.27
4636	4.92
2377	0.85
1272	1.27
2728	3.46
506	0.17
3355	2.16
1390	2.58
2587	2.31
1512	0.80
9258	1.41
4794	0.25
6327	2.65
