6715	3.22
1149	1.13
1414	4.48
4256	0.85
7313	3.58
6973	4.36
1298	1.17
6877	4.34
8870	3.77
7845	0.16
9082	1.07
846	3.60
5963	0.03
5542	4.82
3418	4.39
4754	0.60
4722	1.60
6178	2.50
7391	2.09
8043	2.30
5509	0.02
6742	2.90
5253	0.96
4786	0.63
4903	1.45
7684	3.21
9373	4.17
908	0.37
3842	2.22
1195	3.28
3904	0.55
777	4.24
2437	0.66
1007	2.85
3856	2.51
1481	2.11
6091	1.74
4486	2.72
3423	1.65
7486	3.25
1208	1.76
3105	1.23
6137	0.58
8478	0.89
9196	2.64
9212	1.99
6599	2.61
5730	0.27
1007	1.82
7920	2.40
1868	1.22
9224	2.72
3609	4.59
3513	1.87
5966	4.09
505	3.33
4473	3.98
6226	2.01
8882	0.28
4408	3.89
8121	4.86
9008	2.94
4861	2.08
5422	2.69
9789	4.20
8299	2.19
5653	0.81
