8627	4.33
8086	0.05
7730	2.69
9824	2.58
8168	3.85
2260	1.62
6639	3.27
5900	2.84
6580	1.14
2217	3.27
9855	0.00
9116	0.28
200	3.94
2525	0.26
310	0.15
6881	0.60
7081	1.36
743	1.08
5010	2.44
445	3.88
2149	2.27
7318	4.98
1827	2.23
9463	1.51
8109	1.32
1586	0.10
643	0.17
4807	4.67
5088	0.45
8308	1.56
9619	3.53
6135	2.69
2328	2.24
1341	4.40
3140	1.35
6543	4.47
8627	1.54
9948	4.02
2712	0.38
8432	0.02
6704	4.65
6164	2.47
8444	3.23
1215	1.63
4612	3.87
9378	2.24
1551	3.66
2578	4.32
2262	1.63
2339	1.09
7235	4.54
9913	2.54
8277	4.79
5407	2.87
3589	4.02
9108	1.91
7842	4.74
7494	1.09
6412	1.06
625	0.64
936	2.99
7132	0.04
1939	2.76
9009	4.68
8759	1.69
3238	2.36
295	2.28
2754	3.44
1834	1.91
1790	1.13
903	1.74
534	2.73
4857	2.43
6259	1.40
4466	3.78
9332	1.01
5611	4.48
6814	4.49
9171	1.74
5002	3.58
2287	2.46
3305	3.20
7772	2.02
7514	0.92
3461	1.57
6702	1.10
134	2.74
8109	1.82
4015	1.42
6559	2.27
9335	4.38
853	4.13
6410	1.99
1390	3.81
784	4.37
6383	3.57
3370	0.96
6473	4.47
5554	1.70
209	4.30
