3420	1.76
900	3.27
4629	3.82
8744	4.26
147	0.76
6128	2.89
825	3.30
867	1.67
7514	0.58
5843	0.73
9951	0.01
3179	4.26
4803	4.37
4865	3.49
9849	2.24
1903	1.78
1039	0.04
5598	0.89
8927	2.30
9000	1.17
1261	1.36
246	3.46
6580	0.07
3507	0.47
9775	0.34
1016	4.58
1566	1.53
7245	0.79
2704	0.29
6567	1.59
9400	4.90
5745	3.77
4157	3.65
297	1.93
535	4.55
3993	4.31
9276	2.44
604	4.95
2911	1.46
1542	3.88
9273	0.43
15	3.57
6484	1.80
3716	2.55
7938	0.41
2451	1.00
8753	0.89
4694	4.45
8460	2.86
7698	4.82
3079	3.16
852	1.22
1247	3.16
8748	2.94
6463	0.30
7849	3.47
6990	4.91
782	2.57
2729	1.53
7134	1.84
1019	3.67
602	1.13
2689	3.01
5853	0.40
1346	1.29
8762	4.60
3247	1.20
1249	2.02
2503	0.07
3434	0.28
8568	0.35
8969	2.12
7898	3.85
1860	2.02
2956	3.97
9374	0.91
5515	1.12
433	1.79
727	0.75
1010	2.33
4566	2.61
7423	1.17
7847	0.38
7759	2.89
6665	4.86
8902	1.37
8788	2.47
6958	1.54
1713	3.23
1774	1.41
7496	4.13
5934	0.28
4499	4.34
66	3.63
9641	4.31
