428	2.60
778	4.74
3604	2.13
8809	1.07
7069	3.62
7571	4.60
7746	2.05
9803	2.59
9932	0.17
3527	2.82
1066	4.64
1064	3.25
5986	3.56
2656	0.40
2853	4.94
8218	2.11
7429	0.38
7170	0.65
4611	4.34
5421	0.66
5922	3.10
2570	1.28
8892	2.93
732	0.34
113	1.10
254	1.84
6061	1.04
1294	2.38
3188	4.39
675	1.70
2050	2.41
3590	2.28
8169	1.83
7898	3.64
248	0.06
5700	4.92
9278	1.69
4708	1.20
3583	1.75
2819	0.80
4154	1.83
8352	4.48
9002	3.51
471	2.87
7953	2.86
1532	4.35
316	4.27
1108	0.79
235	3.84
905	3.17
2200	1.71
1531	2.81
8289	4.47
1940	0.67
5329	3.58
404	3.41
4132	1.93
3129	2.71
1619	1.45
6624	2.39
1527	0.06
3492	1.93
3230	1.92
2585	1.15
9247	4.44
9410	0.38
3863	1.16
1929	1.36
1710	1.94
2990	0.58
3960	0.74
28	0.00
2763	2.39
185	2.36
5683	1.03
4865	4.03
7511	4.41
1452	3.57
3704	4.73
2461	4.33
4010	0.31
641	2.02
2164	1.82
5306	0.80
1134	4.19
3597	3.48
5237	1.62
6762	2.00
4174	0.63
5109	0.78
1887	1.64
905	1.00
3676	2.56
8504	3.78
7682	4.46
9790	4.33
3326	0.84
9848	2.13
