9501	2.85
3409	1.19
9119	2.90
9936	0.49
9906	0.72
1126	4.77
421	1.11
9451	1.25
6092	2.43
5811	3.94
6722	4.83
2971	4.09
9934	3.91
931	1.73
5716	3.17
248	3.24
8308	3.38
576	2.73
6542	3.67
6239	1.30
3546	0.60
8410	4.83
2409	0.19
7862	1.81
3307	0.06
2549	2.46
6815	3.35
289	1.26
8610	2.00
6554	3.93
7578	1.92
6892	4.03
712	4.69
2457	3.08
1004	4.44
8839	4.56
5946	2.75
3536	1.21
3092	4.91
6494	1.09
5709	4.80
4281	4.56
1113	2.48
6622	4.50
4451	0.84
5312	2.31
836	0.05
1479	0.56
467	2.26
5200	1.21
2825	4.28
8939	4.75
6029	1.97
5397	2.41
3876	1.32
1837	0.94
9130	3.04
8640	0.96
142	3.00
9263	2.43
4617	3.58
2536	1.80
2036	0.23
7060	4.39
3546	2.34
5292	1.37
4680	4.91
9205	3.69
2031	2.37
8689	3.76
2627	2.00
5067	1.51
7629	2.68
3812	0.93
2461	2.02
773	1.69
5578	4.20
774	0.98
8654	3.03
4470	3.22
8278	1.27
8206	3.28
689	0.92
9166	0.40
4263	0.41
3178	4.94
2086	2.95
5549	0.07
9849	1.71
2865	2.93
