870	3.21
4362	0.47
2688	4.27
1613	2.60
7963	4.99
9200	2.23
1823	2.27
5712	2.78
2424	2.87
96	4.21
7155	1.71
3465	3.41
1641	4.37
5438	3.05
2658	2.26
2455	1.47
5424	3.83
1526	4.81
9144	4.97
7322	3.62
8233	1.66
7038	2.83
1175	0.37
2726	3.11
6616	2.19
514	2.30
2970	4.90
7909	0.22
3545	0.06
4204	2.61
8990	2.75
1834	1.95
6601	0.89
1380	0.59
2988	1.59
8287	4.88
5475	1.56
7121	2.53
3604	4.88
9870	2.86
2500	2.34
2463	4.20
2680	0.12
8895	1.13
954	4.18
1814	2.61
1825	4.56
8508	1.00
1820	3.76
3253	0.54
6992	4.40
9078	1.20
8768	2.23
7094	4.72
7646	1.35
1478	4.49
8803	4.02
8052	1.33
5780	0.18
8569	4.67
4727	4.04
6777	3.15
8334	3.76
9791	0.06
3082	0.82
3511	0.55
4450	1.21
9358	2.71
4642	0.93
9849	1.80
8594	0.31
3397	1.98
700	2.47
3301	1.18
7975	1.31
3629	4.56
1004	1.10
1374	3.64
4647	0.12
1924	2.18
2188	4.48
1545	2.14
802	0.44
6649	4.92
1432	0.37
3772	0.09
253	2.61
3178	0.98
7804	2.29
