467	2.43
8541	0.52
4243	4.54
8345	1.66
6689	4.55
3763	0.17
4667	2.64
2355	3.00
4598	3.40
8465	4.78
2530	3.77
1326	4.05
9685	1.85
8014	3.67
3726	1.95
4113	1.59
2290	0.13
1787	1.65
7936	3.16
3983	1.86
9901	1.64
2431	2.34
7144	3.42
6055	4.31
5948	4.69
3255	1.92
268	3.70
7657	0.29
7271	0.05
1000	4.23
121	1.76
4852	2.61
1749	4.60
2137	3.36
749	0.87
2468	3.71
7875	2.23
6556	4.38
8204	4.21
3776	1.27
3881	0.95
5562	4.63
4965	4.71
2842	2.02
2103	1.80
468	1.43
2575	2.74
1927	0.94
5601	1.67
6310	2.75
4031	2.90
715	1.96
7973	0.72
2222	1.92
1743	4.74
3890	4.19
8986	3.02
8637	2.66
4187	3.37
3956	4.26
2381	2.55
190	4.57
1182	4.90
1611	1.11
9581	4.22
4431	0.34
2417	2.83
2234	2.21
8945	0.37
2125	0.95
8310	2.01
4384	0.22
3237	4.69
1605	2.82
2982	0.07
8609	0.63
4934	4.54
8248	2.91
2007	1.51
2840	1.31
6422	4.84
3080	3.84
831	2.09
963	0.27
6714	0.46
3552	0.51
802	4.89
8633	2.20
4554	1.94
2903	1.17
2805	4.64
461	0.79
1466	3.56
9560	4.26
4343	3.12
2125	3.74
972	4.90
