1427	0.47
3504	0.27
64	1.38
3567	3.94
3871	2.33
970	2.04
7500	3.14
844	4.51
8719	4.13
3251	4.07
1583	0.25
3147	3.70
518	2.07
117	4.55
7863	0.12
8655	0.31
7725	0.94
8210	0.41
284	4.52
4819	0.69
3928	4.35
6832	3.49
494	2.91
4690	0.05
4734	0.10
7675	2.32
8402	0.50
4840	4.07
2094	4.65
8984	3.66
7390	0.48
3116	1.31
3282	0.93
2433	4.60
1218	3.20
3085	2.18
9543	4.11
8897	3.89
1572	0.93
8128	3.36
8754	2.12
1202	2.67
2275	4.05
4637	0.39
1408	1.59
666	3.68
9818	1.74
8131	1.67
1750	1.76
5734	1.69
475	4.04
139	3.38
4306	2.79
4133	4.83
3998	4.18
3831	4.35
3845	3.33
1613	4.42
2115	2.22
2549	3.87
1591	1.71
1591	3.58
7892	2.81
1262	0.73
184	1.44
8248	3.21
