8428	1.94
8281	1.37
1761	1.56
9382	4.36
682	4.11
3556	1.66
763	3.44
4391	2.45
6070	4.25
185	0.36
1730	1.05
9562	2.64
1300	4.23
9551	3.38
6309	0.45
2846	4.09
1401	2.18
9303	2.71
2825	2.08
6414	2.84
1582	3.62
3586	1.81
8751	1.27
5041	4.46
698	0.09
6905	4.09
7070	0.11
2413	4.65
4490	4.84
7500	0.29
5974	1.80
3014	4.05
1612	4.79
1926	2.59
7619	3.45
8451	2.81
5915	2.94
3975	3.55
8586	4.86
3129	0.55
4160	3.46
1553	3.88
9210	4.56
6551	3.81
6472	4.47
1730	4.33
9920	1.62
2171	3.96
2884	0.61
6595	4.39
5700	3.23
8753	4.93
1638	1.13
6235	4.76
6333	1.69
7676	0.05
1631	4.12
5562	4.17
2095	2.54
1656	0.36
7712	1.54
