22820	4.2429
30681	2.9360
1948	1.1449
11961	.8984
12240	4.5387
8858	.2143
17462	2.0564
28100	2.0024
31457	4.9269
31732	4.3278
29559	3.2905
4805	2.1485
23642	.7658
7714	3.6681
20949	2.9430
12564	3.1675
9364	4.4734
6131	.9338
24433	2.9497
10696	4.1093
3077	4.6534
7517	1.3451
19663	2.4874
10892	.7078
31813	3.4682
14737	2.4288
5629	4.3885
19114	1.8309
581	.7132
13672	.1348
20863	1.0640
3243	3.1617
23994	.4741
32420	.2522
26517	.0685
29577	2.3854
17546	.0865
23385	1.3773
19796	3.8534
22400	1.0711
8916	.9442
15862	2.0781
25903	4.9012
478	1.8767
15293	3.5999
2607	4.6821
21680	4.8194
8410	4.2132
19668	4.1123
1885	3.5857
5427	4.4962
23322	2.6093
7551	2.3877
2289	1.2837
5521	.7036
8471	1.1960
31896	.4709
24540	3.3593
30449	3.3008
21160	.5102
18060	2.8307
12262	4.8931
15571	2.8426
31066	.5595
4982	1.8596
18246	.5943
25072	4.6372
1534	2.2040
4060	.4583
26081	2.3789
11521	2.2411
18634	.4268
25828	2.2934
28691	3.1295
4807	.8174
1591	3.5789
14433	2.2212
28042	3.3651
12879	4.1084
31535	3.1469
50	.1928
28377	2.7253
725	3.4720
32406	2.9840
14100	.6277
4254	1.1441
