23934	2.1315
3811	4.0382
32372	4.7555
1713	2.4636
31749	1.9953
20352	1.0632
4420	3.6558
12672	2.8128
45	1.0797
10087	1.4857
1787	1.4331
26572	4.6171
6998	1.5091
22922	2.1001
9636	2.7405
13708	3.7356
7630	1.9031
27969	1.4958
24178	3.1788
14418	4.3458
8098	.3845
28004	.1403
27022	.2909
1888	.8851
22294	1.6260
2012	.4727
3503	2.1044
1671	1.1076
18645	.9665
22659	.1445
20999	3.6887
23674	3.8840
6216	1.7441
6600	1.3373
29325	4.4636
13977	1.4822
14391	1.7679
29955	1.8454
27554	1.2149
8082	2.6998
22178	3.3085
27237	3.0861
13635	1.9299
30504	.3515
8590	.8934
11303	4.9218
27341	.4097
23554	.6465
18250	4.0346
6009	1.9492
20245	4.1131
7093	2.9639
13597	3.5427
8344	.0956
7881	3.7931
24904	3.0680
32648	4.0537
4588	2.6497
15911	.8714
11823	2.0805
16777	1.1964
26275	1.9026
30800	.1615
2134	4.1900
1930	3.1434
20130	.3807
9432	.2420
9725	1.8791
24877	3.5802
11975	4.5367
16704	1.3187
29415	3.1064
30718	2.0514
32579	1.2582
15386	.0383
