31784	2.7793
18251	2.2901
14447	.1048
7803	1.0551
16918	2.3630
25304	2.8038
2519	1.3829
2849	1.2721
25492	1.2408
18871	.1029
14297	4.7703
10924	3.6164
6512	2.7655
2634	1.0295
15509	2.7240
24645	.8372
29262	4.1991
187	.2818
30892	3.0608
29702	4.5693
20981	3.5375
22568	.3987
20132	4.5115
31420	2.2896
23467	1.9251
15278	.7011
16465	4.7537
2915	1.0040
14836	.4373
18274	.1646
12815	3.1833
12827	1.5303
12204	3.0933
32672	.4757
29358	3.1087
12187	1.1133
31299	.4750
31914	.1550
32346	1.8141
28550	2.6198
21524	2.6866
8178	3.4342
24763	.3158
15100	.7956
10451	1.8054
23137	.1953
22141	3.1539
12784	1.0683
4328	.4988
5592	4.7444
20596	.2429
6610	1.3597
18866	.0659
27428	3.6872
8724	4.4520
2304	1.4944
3797	3.3439
28965	1.3267
15239	4.1721
17339	2.1890
26662	1.6798
12420	.4565
18718	2.3467
22850	2.9560
5311	3.5660
2148	2.8632
30758	1.8372
4746	3.9487
16300	1.8880
23308	3.7788
12542	4.6876
7001	1.8636
1555	3.6858
25698	.4538
26600	2.8713
20571	3.4119
