476	2.6172
5393	1.6585
20041	1.1738
19063	4.8677
26201	2.6216
32239	.1391
30863	4.3389
5395	1.0882
8956	1.2224
31792	.7852
15531	3.9045
12906	2.4773
28804	4.0903
30962	3.5886
27806	3.5386
9934	3.9962
10020	4.6375
24364	2.6329
19535	3.6965
2612	.4533
4510	2.2527
11158	.0796
14207	3.3959
11966	3.8346
19839	.5169
31250	4.4418
17940	2.6857
25718	3.5454
14917	1.9922
10198	.0753
32493	3.0545
14053	3.0761
3667	4.6874
2821	4.1813
32597	1.4455
16566	4.2912
10527	3.5184
12859	1.0832
27126	3.0747
5510	.1162
4356	2.5693
