2319	2.2310
20680	2.5852
12691	2.6480
22861	3.9967
822	4.3499
29149	3.9013
27620	1.3657
30432	2.5672
4829	2.2945
4564	2.5563
8042	1.7761
29198	2.2276
3900	2.5057
26746	4.1349
13356	3.4521
21316	3.4679
5761	3.1775
29090	3.4650
30443	3.9864
25340	4.6440
18093	4.3928
3567	1.9344
23062	.9593
23481	1.7575
24624	2.4336
7923	.2119
27419	4.6118
22281	2.5193
4497	4.7906
28293	4.4537
5070	.8618
21867	4.9684
4332	2.8284
12658	4.4036
19063	2.9117
26267	.7921
1709	3.5383
21091	2.3703
31294	3.3806
8521	1.4046
22303	3.4424
21579	1.8625
7203	3.0233
26765	3.1038
994	2.1564
5755	1.7871
27263	2.1608
17230	1.1127
22862	1.2817
14507	2.4851
8915	.6352
31632	.1406
27284	3.7072
30621	4.2138
4638	3.6600
16880	.2639
11295	4.9766
14623	1.7091
19189	1.7481
24330	3.1214
12872	.3640
18091	2.6485
9962	1.4976
8236	3.7145
21946	1.6225
20136	2.6836
13381	.2046
16959	1.8721
22638	3.1742
16759	1.6458
10865	.9822
14045	3.0509
12407	.0495
7166	1.5422
26715	3.7232
1251	1.5579
7904	3.4542
19063	1.7983
