30714	4.2732
28968	1.2738
11712	1.5555
10290	.3463
4447	.4942
10215	4.2594
13995	.3131
9074	1.9695
5699	3.7759
4036	4.2632
12295	2.1419
13419	2.2165
7594	.5514
14246	1.1574
5103	3.5309
15512	4.7996
21074	2.8591
1749	2.2644
11916	3.6715
32362	3.0620
4140	1.4581
18314	.4673
19952	.9941
29729	.9457
18233	.6419
7001	.1847
7806	3.7961
29042	4.2318
30667	4.7379
25103	4.1592
31390	2.3575
18082	4.5564
16569	.5937
13376	4.8841
29052	.8986
10400	4.8702
10914	4.5319
32045	3.6214
16724	.1234
1736	1.9695
23441	2.4485
6164	.3648
26427	4.4497
