30276	1.2871
6908	.0225
10444	3.7453
29395	2.2669
767	2.6659
26655	3.8029
28337	4.0592
18115	1.8137
16591	.3689
28484	4.3746
6266	4.6548
11537	.0973
27589	.5821
29826	1.1577
9309	1.7668
1172	2.6792
13969	3.4011
2364	4.3528
29746	3.7524
23	.5899
29825	.3526
19680	.4431
14618	1.0364
4807	1.3026
25565	3.4772
24465	3.9109
20908	.7763
11885	.0936
10102	3.1568
14847	2.1239
20055	.7351
12886	1.6029
18239	3.8933
14411	4.7178
8940	.6898
26462	1.1893
30374	.5746
20964	3.1904
14463	3.9551
17539	3.0262
17642	1.9841
12485	3.1876
5360	4.9223
18321	.3880
23202	.8751
25224	.4461
9610	.9373
10881	2.4907
9509	.1927
31303	2.3786
302	1.4200
13571	2.8179
6403	4.3456
17201	3.2863
27908	3.5518
24726	1.0283
17680	1.0823
19304	2.3261
23798	1.0643
19310	2.2313
18148	.3898
24419	3.6396
14584	2.5699
32530	3.2239
12698	2.9607
17636	.3740
2945	.0422
29258	2.0812
13403	2.4095
5065	3.7994
16093	3.4678
18882	3.8258
4261	3.1815
3259	2.5832
7560	4.1822
31215	4.6299
