10373	3.1864
16706	4.7155
2281	.6837
14186	.2780
7206	3.5691
16654	.3917
12181	3.7507
28333	.8297
22100	1.9484
25542	2.9079
26671	.5070
28388	1.7952
18064	.5420
17775	.8847
31690	.0550
11722	.0286
16446	3.1641
15001	.2548
21497	4.3377
12497	2.5543
5335	3.2100
14116	1.3501
17723	1.2076
24616	2.3181
30762	4.5020
5800	4.6874
2404	1.4320
5468	3.2859
21018	1.9588
13875	4.9241
3734	.1976
22918	4.1695
9992	2.9035
15715	1.9164
22567	1.6574
25328	.7692
25280	1.8480
23435	3.8363
23002	1.6449
11602	4.2516
14037	.9767
6485	2.9280
27422	2.9100
17756	1.0551
15601	.6503
16622	1.3289
2875	4.6368
11275	.0660
10134	1.9721
7818	1.2144
9273	.1789
22584	.0822
25537	1.0083
23014	4.4067
13692	2.1329
10754	1.5092
4400	2.8171
14918	3.3056
6691	2.8530
13965	.7556
3649	.1001
10617	2.7965
1565	4.3107
4873	2.9358
1514	.2082
28019	2.2009
21882	.2963
27384	2.4050
4444	1.4305
25272	.2334
26777	4.1688
19549	4.2675
9846	3.5001
25157	4.7253
18001	3.6404
12047	2.9548
11769	3.7025
2577	1.5666
3325	.1152
4585	.1124
4878	3.9080
