14812	3.8923
16417	1.2698
17519	1.3394
25208	2.1503
24704	1.4894
11369	4.2406
14821	4.3675
3462	4.7784
30272	4.7372
30022	3.3480
580	1.8765
32183	3.1063
16540	4.6246
10384	.6184
14407	4.8382
5007	4.9034
28558	.5850
4336	2.8966
19021	3.4047
24643	.5531
30678	1.6724
11550	3.3465
18080	4.1996
22977	2.3340
17454	4.9546
20317	1.5118
3700	2.5502
4522	1.5312
19880	.4213
28623	3.1435
12138	4.4535
4860	1.2955
6444	1.6026
22704	1.5442
23353	3.8186
6642	2.9679
5748	4.9789
17624	1.1511
32133	1.1180
709	4.5826
30047	4.3922
22813	4.6560
16930	.9912
29859	2.4314
9529	4.3957
555	2.0119
5685	4.7354
13658	.3501
30568	3.4597
28844	.0965
24650	3.8407
24136	2.0139
4238	4.5970
5313	3.5596
10666	3.0181
10211	4.4570
30032	4.4688
8942	4.3241
21677	1.3988
24638	3.6428
23704	4.8548
7429	4.5687
31043	2.6929
16523	4.6571
12818	4.0429
28859	1.9414
21990	1.9130
8162	1.2340
21679	3.9811
28489	2.7895
19973	4.3659
27652	2.3485
7331	3.1325
24241	1.3057
30032	.1443
7875	4.7509
23836	4.9435
30965	3.0260
21500	4.1627
32131	3.0330
16877	1.2614
29253	1.9093
22010	2.9009
12002	.2215
7144	4.9174
21215	2.5864
30419	4.2880
23445	4.7018
28138	2.3371
