31952	4.5771
20223	4.4949
25154	3.1424
4114	1.3742
12537	1.8849
24435	3.6913
13750	4.1154
13047	3.7141
17807	1.9898
19266	2.7932
7091	.7864
30970	1.5646
15009	1.2936
18383	.4705
8691	1.9539
10131	2.6502
19818	4.7091
16602	4.8454
18579	2.4135
21201	3.0075
15597	2.0200
8185	3.4264
21969	4.4424
25130	3.5401
31849	3.5102
6317	.2307
19677	.6480
29651	2.3630
21171	4.7981
1656	1.9798
30326	.8464
2341	1.4526
2584	2.0749
21496	2.8830
1697	.9083
22441	2.9682
24219	1.2634
20969	3.5053
17840	1.4780
26914	3.2358
24150	4.0859
3708	4.2960
16802	3.5787
15334	2.8284
12481	1.3510
5325	2.0705
27719	2.0043
25679	3.9053
21149	2.8576
27303	4.4984
20589	3.2447
28695	.0337
4771	1.2146
27030	3.2343
6548	1.1021
24	.3784
20562	4.0046
26248	3.4336
10577	.1983
13606	4.2309
10289	2.5200
19024	4.6162
10136	4.7555
