14247	2.0505
17320	3.3613
26283	3.0310
30312	1.2192
22512	.2842
28248	1.7784
32253	.4159
9333	3.2366
32609	.6862
20001	3.2174
24318	3.9153
6944	2.1787
22617	2.0934
19541	4.9723
28412	2.4225
26041	3.4229
5033	.9010
27639	.7148
25690	1.3422
7866	1.3849
5564	2.9462
9232	3.7171
32752	1.2898
30971	.8073
28174	.8586
6059	.7617
657	3.7272
18754	2.0636
24370	.7014
32618	2.9537
21279	3.0196
27725	.4400
27403	2.4353
21112	3.3182
4361	4.4399
17229	2.9580
13401	2.3949
32331	3.2457
3506	2.9477
19464	3.8740
25259	4.0423
8016	4.9087
31173	.6530
15877	1.0646
4549	1.5338
26869	3.9014
24796	1.7882
18768	4.1326
18435	4.9815
1823	2.4901
21433	1.4116
13277	1.3841
15728	3.4514
14206	3.5833
24344	1.0916
21840	3.7589
21882	1.7824
26240	2.3674
11323	3.7623
521	2.6963
25524	4.8693
30210	2.2376
17156	1.2518
29546	4.2086
4386	1.9293
864	1.4209
22746	.2581
