1	1.0
2	2.32
3	2.7
4	3.44
5	3.7
6	2.9
7	2.42
8	2.30
9	1.53
10	3.28
11	3.64
12	1.90
13	3.77
14	3.55
15	2.89
16	3.56
17	3.98
18	3.34
19	3.91
20	3.44
21	3.77
22	2.32
23	1.50
24	0.87
25	1.55
26	1.59
27	3.15
28	2.14
29	1.4
30	2.38
31	1.99
32	3.68
33	0.4
34	1.60
35	3.89
36	0.18
37	2.7
38	1.88
39	3.82
40	1.59
41	2.55
42	3.97
43	0.42
44	1.5
45	2.27
46	2.34
47	3.56
48	1.94
49	3.92
50	1.73
51	2.82
52	0.9
53	1.45
54	1.97
55	1.59
56	3.24
57	0.64
58	2.17
59	3.29
60	0.10
61	3.39
62	1.76
63	3.82
64	0.92
65	3.7
66	2.73
67	1.79
68	3.6
69	2.30
70	1.26
71	0.68
72	3.81
