1	0.51
2	1.37
3	2.72
4	1.83
5	3.74
6	0.15
7	2.80
8	1.40
9	0.4
10	0.17
11	2.35
12	1.66
13	0.38
14	2.96
15	3.71
16	3.60
17	0.93
18	0.27
19	1.18
20	3.18
21	2.90
22	2.89
23	3.10
24	2.71
25	0.32
26	3.46
27	1.52
28	0.72
29	0.14
30	0.9
31	1.12
32	1.84
33	1.94
34	1.95
35	2.30
36	0.72
37	0.19
38	1.82
39	0.33
40	2.71
41	3.42
42	3.61
43	0.29
44	0.53
45	0.10
46	3.9
47	2.33
48	0.89
49	3.47
50	0.12
51	1.98
52	3.86
53	3.48
54	3.56
55	3.57
56	0.12
57	3.2
58	3.21
59	1.3
60	1.95
61	3.10
62	2.24
63	2.8
64	0.4
65	3.34
66	0.75
67	1.20
