1	2.37
2	3.63
3	2.14
4	2.41
5	2.68
6	3.1
7	3.80
8	3.67
9	0.72
10	3.85
11	1.65
12	1.10
13	1.16
14	0.51
15	3.99
16	1.34
17	3.20
18	0.51
19	3.61
20	2.28
21	2.61
22	2.92
23	1.72
24	1.69
25	0.67
26	3.59
27	2.68
28	0.73
29	2.36
30	0.38
31	1.25
32	3.49
33	3.46
34	3.75
35	1.88
36	0.24
37	3.69
38	2.66
39	1.82
40	2.94
41	3.68
42	2.24
43	1.22
44	2.51
45	3.90
46	0.23
47	1.4
48	3.47
49	1.5
50	3.93
51	3.64
52	2.45
53	3.41
54	3.15
55	3.31
56	3.35
57	3.65
58	3.57
59	1.41
60	3.72
61	0.22
62	2.10
63	3.80
64	1.12
65	2.49
66	3.72
67	1.48
68	1.81
69	0.71
70	3.64
71	2.90
72	1.44
73	0.99
74	3.33
75	1.36
76	3.38
77	1.88
78	1.80
79	3.80
80	3.34
81	3.31
82	2.65
83	1.35
84	0.49
85	1.93
86	1.76
87	2.59
88	2.63
89	2.37
90	0.15
91	2.43
92	2.50
93	0.91
