1	1.91
2	2.80
3	0.84
4	1.67
5	1.10
6	0.1
7	3.77
8	3.44
9	1.47
10	2.71
11	0.55
12	3.39
13	0.31
14	2.35
15	3.48
16	0.2
17	3.16
18	3.98
19	3.23
20	1.89
21	3.25
22	3.73
23	1.56
24	3.0
25	1.36
26	2.34
27	1.40
28	2.9
29	3.25
30	3.92
31	3.14
32	3.10
33	2.39
34	0.13
35	3.43
36	1.54
37	1.88
38	3.51
39	1.69
40	1.0
41	0.88
42	1.78
43	0.22
44	0.71
45	2.33
46	2.53
47	2.73
48	3.62
49	1.53
50	1.52
51	2.6
52	0.27
53	1.76
54	0.5
55	3.75
56	0.24
57	3.94
58	2.24
59	3.2
60	2.31
61	0.31
62	3.40
63	1.99
64	0.37
65	1.88
66	0.15
67	1.25
68	2.23
