1	2.11
2	3.6
3	2.33
4	2.72
5	0.81
6	1.74
7	2.80
8	0.98
9	0.66
10	2.30
11	3.24
12	1.80
13	0.54
14	1.23
15	0.24
16	1.17
17	0.12
18	2.25
19	1.53
20	0.12
21	3.21
22	1.47
23	2.89
24	3.97
25	2.31
26	3.82
27	3.71
28	0.55
29	3.69
30	3.53
31	1.62
32	1.36
33	0.31
34	3.85
35	3.50
36	3.83
37	3.96
38	3.36
39	0.82
40	3.73
41	0.48
42	2.58
43	3.4
44	1.80
45	3.95
46	2.79
47	0.57
48	3.27
49	2.1
50	0.60
51	0.91
52	3.34
53	0.29
54	0.3
55	0.1
56	3.13
57	1.61
58	1.77
59	1.46
60	0.82
61	2.61
62	2.98
63	2.13
64	0.51
65	3.88
66	0.34
67	2.13
68	1.72
69	1.49
70	3.37
71	1.56
72	1.81
73	2.25
74	3.99
75	1.98
76	1.55
