1	0.82
2	2.89
3	1.88
4	0.37
5	0.11
6	1.76
7	1.36
8	3.77
9	1.61
10	3.90
11	3.5
12	0.28
13	0.71
14	0.77
15	3.94
16	2.4
17	0.57
18	1.98
19	1.98
20	2.60
21	1.55
22	2.9
23	0.94
24	3.78
25	0.19
26	1.2
27	0.79
28	2.43
29	3.5
30	2.89
31	1.40
32	2.93
33	0.36
34	1.98
35	3.97
36	1.70
37	3.5
38	0.96
39	0.27
40	1.39
41	3.82
42	2.25
43	0.1
44	0.37
45	3.33
46	1.67
47	3.29
48	2.54
49	1.22
50	2.79
51	2.29
52	2.33
53	3.93
54	3.12
55	2.65
56	2.86
57	2.35
58	3.72
59	1.16
60	2.86
61	0.8
62	0.95
63	2.61
64	2.89
65	2.80
66	2.6
67	0.3
68	0.14
69	0.64
70	1.13
71	2.31
72	3.30
73	2.89
74	3.58
75	0.48
76	0.94
77	3.98
78	1.86
79	1.74
80	3.77
81	3.1
82	1.64
83	0.81
84	3.51
85	0.83
86	0.91
87	2.53
88	1.30
89	3.7
90	2.54
91	1.69
92	2.17
93	1.65
94	0.83
95	2.66
96	0.64
97	3.82
98	0.16
