1	1.15
2	2.30
3	2.98
4	0.70
5	0.27
6	1.47
7	3.38
8	2.10
9	1.38
10	1.13
11	1.70
12	0.2
13	2.71
14	0.14
15	1.51
16	2.50
17	3.40
18	1.27
19	0.36
20	0.47
21	0.25
22	2.76
23	1.13
24	3.6
25	1.40
26	1.9
27	2.92
28	3.65
29	2.98
30	1.65
31	3.73
32	3.35
33	2.82
34	3.24
35	3.63
36	3.25
37	1.43
38	1.40
39	1.94
40	2.3
41	2.47
42	0.99
43	0.44
44	2.85
45	3.15
46	2.68
47	3.27
48	3.73
49	3.87
50	2.24
51	1.52
52	2.85
53	0.24
54	1.44
55	1.27
56	1.65
57	0.20
58	3.39
59	3.55
60	1.4
61	0.59
62	3.67
63	3.30
64	3.36
65	1.80
66	3.9
67	2.81
68	1.33
69	2.41
70	1.16
71	3.49
72	0.16
73	3.27
74	2.53
75	2.28
76	2.37
77	3.26
78	0.99
79	1.11
80	1.35
81	3.67
82	3.75
83	0.30
84	3.39
85	2.73
86	3.27
87	3.89
