1	3.74
2	1.4
3	3.36
4	1.24
5	1.92
6	2.27
7	3.7
8	0.62
9	1.56
10	0.83
11	1.54
12	2.80
13	1.90
14	2.42
15	3.64
16	0.40
17	3.62
18	3.6
19	1.57
20	1.52
21	2.1
22	2.34
23	2.8
24	1.22
25	2.56
26	3.48
27	3.83
28	2.63
29	1.23
30	0.1
31	1.89
32	3.29
33	2.11
34	1.43
35	1.1
36	1.33
37	2.66
38	2.69
39	1.62
40	0.47
41	1.23
42	2.97
43	0.59
44	3.4
45	0.78
46	3.73
47	1.17
48	2.47
49	0.42
50	3.77
51	1.1
52	2.97
53	0.45
54	0.57
55	2.18
56	3.55
57	0.4
58	3.36
59	2.91
60	2.59
61	0.59
62	1.91
63	0.8
64	0.64
65	1.30
66	1.43
67	1.28
68	1.48
69	0.72
70	1.25
71	1.92
72	1.74
73	0.85
74	2.18
75	0.30
76	0.76
77	0.35
78	1.48
79	0.92
80	2.98
81	2.77
82	3.87
83	2.90
84	2.45
85	3.73
86	2.56
87	1.30
88	2.7
89	1.36
90	3.52
91	3.49
92	2.7
93	2.82
94	3.34
95	1.73
