1	0.42
2	3.88
3	1.41
4	0.39
5	1.77
6	0.91
7	2.22
8	1.24
9	3.14
10	1.88
11	3.13
12	1.16
13	1.31
14	0.94
15	2.38
16	2.92
17	3.97
18	2.99
19	1.4
20	2.68
21	0.0
22	1.18
23	0.61
24	0.21
25	3.78
26	3.3
27	2.86
28	1.6
29	2.50
30	0.61
31	2.75
32	2.67
33	2.91
34	2.10
35	3.43
36	1.6
37	0.64
38	1.14
39	3.42
40	0.60
41	3.44
42	1.43
43	2.34
44	0.19
45	0.81
46	3.60
47	2.65
48	2.77
49	0.8
50	2.34
51	3.58
52	0.8
53	3.71
54	3.11
55	3.55
56	3.3
57	1.29
58	0.54
59	1.34
60	1.14
61	2.11
62	1.9
63	3.17
64	0.43
65	2.13
66	0.60
67	3.32
68	3.29
69	3.60
70	1.52
71	0.19
72	0.26
73	0.67
