1	3.19
2	0.5
3	0.69
4	2.98
5	2.89
6	0.22
7	2.33
8	3.59
9	0.29
10	3.89
11	2.6
12	0.38
13	3.58
14	0.72
15	2.55
16	1.71
17	3.83
18	3.46
19	2.98
20	2.23
21	3.5
22	0.11
23	2.59
24	1.28
25	3.72
26	0.50
27	3.23
28	3.8
29	0.42
30	0.92
31	1.64
32	3.60
33	3.70
34	2.37
35	1.2
36	3.79
37	3.57
38	1.66
39	2.62
40	1.13
41	0.42
42	1.26
43	2.62
44	1.96
45	1.92
46	3.73
47	1.56
48	2.73
49	1.72
50	2.16
51	3.64
52	3.15
53	2.61
54	1.44
55	3.26
56	1.67
57	3.43
58	1.4
59	3.20
60	3.33
61	3.45
62	0.43
63	3.68
64	2.40
65	3.84
66	2.71
67	2.72
68	2.29
69	3.6
70	3.89
71	1.6
72	3.72
73	1.92
74	0.64
75	0.65
