1	0.96
2	0.62
3	3.34
4	3.77
5	2.91
6	2.87
7	2.79
8	1.55
9	1.76
10	2.33
11	2.79
12	0.52
13	2.20
14	2.24
15	2.55
16	0.51
17	3.15
18	3.5
19	1.69
20	0.59
21	2.39
22	0.71
23	1.30
24	2.89
25	0.86
26	1.37
27	2.40
28	3.82
29	3.66
30	0.87
31	3.28
32	3.41
33	3.55
34	3.39
35	2.82
36	2.24
37	2.5
38	3.70
39	1.26
40	0.57
41	1.60
42	3.34
43	2.55
44	0.11
45	1.56
46	2.0
47	0.24
48	3.11
49	1.99
50	2.23
51	1.16
52	3.39
53	3.84
54	0.79
55	1.85
56	1.25
57	3.12
58	3.78
59	2.62
60	1.34
61	3.37
62	2.83
63	2.37
64	1.89
65	3.45
66	1.24
67	0.32
68	1.82
69	2.47
70	0.97
71	3.16
72	1.33
73	0.21
74	3.96
75	0.75
76	3.72
77	1.30
78	1.63
79	0.15
80	2.44
81	0.84
82	3.1
83	0.22
84	0.93
85	1.23
86	2.62
87	0.23
88	3.1
89	1.31
90	3.6
91	2.73
92	1.72
93	0.15
94	0.60
