1	0.40
2	0.73
3	2.11
4	3.58
5	2.39
6	0.97
7	3.13
8	1.34
9	1.5
10	0.77
11	0.43
12	1.31
13	1.14
14	2.52
15	2.65
16	0.70
17	3.1
18	1.59
19	2.71
20	1.26
21	0.24
22	2.29
23	1.98
24	3.91
25	2.35
26	0.20
27	3.36
28	3.87
29	0.93
30	3.62
31	2.31
32	0.93
33	1.25
34	1.79
35	0.84
36	0.59
37	2.37
38	2.17
39	0.14
40	2.16
41	0.10
42	2.59
43	0.47
44	2.18
45	3.77
46	2.35
47	2.4
48	3.58
49	0.3
50	1.27
51	1.81
52	1.70
53	1.12
54	1.90
55	3.48
56	0.25
57	0.61
58	0.19
59	2.86
60	1.27
61	3.12
62	0.68
63	2.65
64	3.74
65	1.0
66	2.47
67	0.85
68	0.92
69	3.79
70	1.99
71	2.64
72	2.41
