1	0.15
2	2.38
3	2.69
4	3.47
5	2.23
6	1.15
7	3.61
8	0.43
9	3.66
10	1.67
11	1.57
12	3.17
13	1.84
14	0.15
15	1.18
16	0.7
17	3.21
18	2.58
19	2.32
20	0.22
21	0.55
22	1.58
23	0.71
24	3.20
25	3.29
26	0.47
27	3.77
28	0.71
29	0.57
30	0.91
31	3.33
32	1.74
33	0.66
34	3.88
35	2.81
36	1.56
37	3.82
38	3.65
39	3.45
40	3.95
41	3.37
42	3.47
43	0.41
44	2.39
45	2.40
46	3.31
47	2.35
48	3.20
49	1.64
50	1.64
51	1.83
52	2.68
53	3.60
54	0.53
55	2.35
56	2.91
57	0.25
58	0.96
59	3.62
60	1.47
61	2.94
62	2.60
63	1.67
64	0.41
65	0.7
66	3.57
