1	1.0
2	1.48
3	3.81
4	2.22
5	0.67
6	0.48
7	1.81
8	0.35
9	1.63
10	3.74
11	2.1
12	3.55
13	0.51
14	1.69
15	2.65
16	1.32
17	0.34
18	1.79
19	0.53
20	0.84
21	1.58
22	0.91
23	1.33
24	1.67
25	1.92
26	0.26
27	0.9
28	0.60
29	1.34
30	0.46
31	3.32
32	2.41
33	0.53
34	1.84
35	2.55
36	2.92
37	3.32
38	1.53
39	1.14
40	0.96
41	3.95
42	1.74
43	3.95
44	0.37
45	3.9
46	3.47
47	3.70
48	2.40
49	2.98
50	2.67
51	3.80
52	3.70
53	3.3
54	1.33
55	1.14
56	1.95
57	2.45
58	2.55
59	3.38
60	2.16
61	2.65
62	1.56
63	2.6
64	3.96
65	0.65
66	3.56
67	1.21
68	1.70
69	2.83
70	0.13
71	1.0
72	0.49
73	3.23
74	0.79
75	0.22
76	3.18
77	0.93
78	3.78
79	0.35
80	2.15
81	3.14
82	1.26
83	0.49
84	1.61
85	2.21
86	0.2
87	2.92
88	1.65
89	2.27
90	0.46
91	3.14
92	2.51
93	3.88
94	1.8
