1	0.59
2	3.86
3	1.97
4	1.6
5	1.74
6	2.99
7	1.90
8	3.59
9	3.60
10	3.71
11	2.49
12	1.26
13	0.95
14	0.51
15	0.8
16	0.25
17	0.88
18	0.81
19	3.39
20	0.69
21	3.25
22	3.29
23	1.12
24	1.98
25	3.56
26	3.20
27	1.63
28	3.67
29	1.9
30	2.68
31	1.1
32	0.74
33	1.39
34	0.1
35	3.83
36	3.99
37	2.76
38	1.85
39	1.50
40	1.46
41	3.47
42	1.16
43	2.40
44	0.5
45	3.38
46	0.75
47	1.52
48	3.16
49	0.21
50	0.88
51	0.73
52	3.57
53	0.43
54	2.58
55	3.84
56	2.39
57	0.92
58	3.10
59	0.82
60	3.2
61	1.55
62	1.40
63	1.22
64	3.31
65	2.13
66	1.24
67	0.33
68	1.23
69	3.81
70	2.12
71	1.67
72	1.70
73	3.4
74	3.82
75	1.56
76	0.62
77	1.16
78	3.11
79	1.85
80	3.52
81	1.88
82	1.88
83	2.1
84	2.65
85	3.80
86	3.64
87	1.77
88	1.88
89	0.18
90	2.20
91	3.63
92	2.15
93	1.59
94	2.20
