1	3.66
2	2.74
3	1.56
4	2.90
5	1.39
6	2.26
7	1.69
8	0.22
9	3.42
10	1.37
11	1.3
12	2.9
13	0.51
14	2.34
15	2.55
16	3.15
17	1.28
18	0.22
19	3.98
20	0.96
21	3.12
22	0.90
23	0.68
24	2.42
25	3.92
26	2.20
27	0.44
28	2.21
29	0.66
30	1.93
31	3.72
32	3.27
33	3.55
34	3.25
35	0.75
36	0.8
37	2.46
38	0.39
39	1.22
40	1.18
41	0.49
42	3.50
43	0.81
44	2.54
45	1.82
46	2.9
47	3.61
48	0.29
49	2.96
50	2.66
51	1.39
52	3.13
53	3.6
54	3.3
55	0.65
56	3.97
57	1.51
58	0.18
59	2.93
60	0.70
61	1.74
62	3.72
63	2.91
64	0.53
65	3.73
66	0.94
67	0.14
68	0.9
69	1.80
70	0.91
71	2.80
72	2.53
73	3.60
74	3.73
75	0.54
