1	1.41
2	1.17
3	3.69
4	0.2
5	3.97
6	1.0
7	0.85
8	2.45
9	1.62
10	1.78
11	2.85
12	3.1
13	1.27
14	2.7
15	3.53
16	0.23
17	0.61
18	2.93
19	1.28
20	2.61
21	3.46
22	1.65
23	3.34
24	1.5
25	3.51
26	0.47
27	3.33
28	0.79
29	1.3
30	2.86
31	2.93
32	0.92
33	2.98
34	3.97
35	3.27
36	3.67
37	0.83
38	2.2
39	0.81
40	1.68
41	3.85
42	3.27
43	1.58
44	0.0
45	2.52
46	2.91
47	2.30
48	2.67
49	2.44
50	2.30
51	0.8
52	0.98
53	3.7
54	3.5
55	2.80
56	2.89
57	1.79
58	1.91
59	1.35
60	1.71
61	3.70
62	3.68
63	2.72
64	1.33
65	2.8
66	3.90
67	0.99
68	3.95
69	0.59
70	1.57
71	3.70
72	0.71
73	1.45
