0      .81
1      3.50
2      1.01
3      2.60
4      .16
5      3.80
6      .16
7      3.88
8      4.27
9      4.22
10      1.79
11      .49
12      1.37
13      1.83
14      4.60
15      1.38
16      2.11
17      .78
18      3.61
19      3.34
20      2.30
21      2.20
22      3.31
23      2.08
24      3.82
25      3.32
26      3.54
27      4.98
28      3.37
29      .34
30      .32
31      4.99
32      3.93
33      4.80
34      1.85
35      4.37
36      4.35
37      .67
38      4.89
39      4.50
40      .95
41      3.44
42      .51
43      1.83
44      .10
45      .34
46      3.73
47      1.91
48      3.69
49      2.35
50      3.36
51      2.94
52      .04
53      4.56
54      1.06
55      4.51
56      4.47
57      1.16
58      3.01
59      1.54
60      3.34
61      3.69
62      1.52
63      1.31
64      1.29
65      2.28
66      1.23
67      4.87
68      4.79
69      3.32
70      4.30
71      2.42
72      .64
73      1.35
74      .31
75      1.09
76      4.63
77      4.68
78      .42
79      2.09
80      1.28
81      .52
82      3.37
83      .97
84      4.28
85      1.42
86      4.06
87      1.07
88      .82
89      2.63
90      2.13
91      3.52
92      3.11
93      2.27
94      1.36
95      .75
96      3.51
97      3.64
