0      1.73
1      4.22
2      1.19
3      2.52
4      .40
5      2.32
6      3.20
7      3.89
8      2.99
9      4.17
10      .45
11      3.91
12      2.45
13      1.92
14      3.84
15      4.51
16      2.46
17      2.34
18      1.37
19      1.16
20      3.68
21      1.96
22      2.97
23      3.27
24      .98
25      2.50
26      4.57
27      .21
28      .88
29      3.91
30      3.52
31      1.81
32      3.67
33      3.17
34      4.55
35      1.05
36      4.73
37      .23
38      .03
39      2.81
40      .56
41      4.68
42      4.74
43      3.25
44      2.79
45      4.75
46      4.73
47      2.64
48      2.70
49      3.44
50      4.76
51      4.60
52      .83
53      3.59
54      .46
55      2.63
56      4.24
57      1.54
58      4.26
59      3.17
60      3.93
61      3.17
62      2.49
63      4.47
64      1.72
65      .88
66      3.04
67      3.33
