0      1.68
1      .48
2      1.78
3      2.20
4      1.43
5      .73
6      2.36
7      1.64
8      3.37
9      4.88
10      4.92
11      2.81
12      3.00
13      2.49
14      3.84
15      2.37
16      3.86
17      .18
18      .97
19      3.02
20      .03
21      2.23
22      3.44
23      .06
24      1.49
25      .90
26      1.01
27      .08
28      1.49
29      3.55
30      .23
31      4.76
32      4.91
33      3.70
34      3.12
35      1.74
36      3.34
37      3.10
38      .98
39      1.77
40      4.33
41      3.93
42      .01
43      3.49
44      3.91
45      .64
46      .43
47      2.94
48      1.83
49      4.96
50      3.73
51      .91
52      3.67
53      1.43
54      1.40
55      4.33
56      4.09
57      1.14
58      3.49
59      1.71
60      4.51
61      2.40
62      3.01
63      .87
