0      .79
1      1.09
2      4.80
3      3.95
4      1.06
5      1.70
6      .30
7      2.29
8      3.70
9      4.10
10      2.75
11      4.44
12      1.31
13      2.22
14      2.03
15      1.27
16      2.85
17      4.85
18      2.96
19      2.16
20      2.40
21      3.36
22      2.12
23      3.02
24      4.22
25      3.53
26      2.18
27      .49
28      3.32
29      4.52
30      1.16
31      1.01
32      2.05
33      1.84
34      .93
35      1.25
36      3.88
37      .91
38      2.74
39      .62
40      4.62
