0      2.70
1      3.98
2      .04
3      3.14
4      4.93
5      4.13
6      2.08
7      .51
8      2.51
9      .46
10      3.95
11      1.40
12      2.12
13      1.25
14      4.17
15      .93
16      3.47
17      2.47
18      1.80
19      1.44
20      .45
21      2.06
22      2.96
23      2.18
24      2.24
25      2.87
26      .05
27      3.00
28      4.05
29      2.95
30      2.38
31      1.44
32      2.69
33      .95
34      2.35
35      .59
36      4.51
37      4.24
38      4.62
39      .26
40      1.20
41      3.74
42      4.46
43      3.02
44      3.17
45      .31
46      2.75
