0      1.13
1      4.65
2      1.47
3      3.39
4      4.85
5      1.35
6      4.19
7      2.03
8      3.21
9      .60
10      .09
11      4.74
12      4.94
13      4.73
14      1.16
15      1.34
16      3.38
17      1.93
18      4.94
19      4.30
20      3.59
21      1.93
22      4.54
23      2.61
24      3.54
25      3.16
26      3.30
27      4.57
28      .64
29      4.80
30      1.18
31      4.18
32      2.55
33      2.68
34      .51
35      1.45
36      4.83
37      3.59
38      4.08
39      1.63
40      1.08
41      3.01
42      .21
43      4.21
44      4.85
45      2.62
46      .39
47      4.92
48      2.97
49      2.43
50      2.67
51      4.67
52      1.99
53      3.52
54      4.62
55      1.38
56      1.68
57      3.15
58      1.89
59      2.11
60      2.53
61      .02
62      .78
63      3.00
64      1.91
65      4.00
66      .19
67      2.71
68      .94
69      2.70
70      3.78
71      4.37
72      .63
73      .25
74      3.68
75      3.31
76      4.44
77      3.84
78      3.36
79      .04
80      3.35
81      .88
82      2.30
83      .73
