0      1.34
1      3.16
2      .27
3      4.25
4      4.24
5      2.58
6      .02
7      4.00
8      4.20
9      4.94
10      .82
11      .52
12      .21
13      .62
14      1.25
15      1.51
16      .43
17      2.69
18      2.90
19      2.29
20      1.69
21      .50
22      1.75
23      3.09
24      2.32
25      1.22
26      4.40
27      3.64
28      2.09
29      .56
30      3.19
31      1.88
32      3.94
33      3.68
34      3.46
35      .77
36      3.55
37      .96
38      .60
39      3.81
40      4.81
41      .95
42      1.91
43      1.03
44      .02
45      4.10
46      .38
47      1.99
48      3.72
49      1.11
50      4.35
51      1.97
52      .15
53      4.71
54      2.37
55      3.62
56      4.91
57      .84
58      4.35
59      3.90
60      1.30
61      0
62      1.92
63      4.28
64      .10
65      3.95
66      4.35
67      .69
68      4.43
69      4.47
70      4.01
71      3.44
72      1.56
73      4.69
74      4.96
75      2.51
76      3.82
77      3.62
78      3.03
79      1.03
80      2.04
81      1.77
82      3.94
83      3.04
84      4.60
85      1.85
