0      4.16
1      4.60
2      3.85
3      .06
4      1.23
5      2.36
6      .93
7      .63
8      .18
9      2.65
10      .18
11      4.62
12      2.64
13      3.61
14      1.57
15      1.09
16      1.92
17      2.05
18      2.42
19      4.71
20      1.24
21      .18
22      4.04
23      1.80
24      1.02
25      3.90
26      .08
27      2.22
28      3.01
29      4.40
30      3.79
31      3.84
32      3.86
33      3.40
34      4.07
35      3.66
36      3.70
37      .95
38      1.25
39      1.45
40      1.55
41      .18
42      .25
43      .07
44      .26
45      .41
46      1.46
47      .48
48      2.65
49      4.39
50      4.18
51      .10
52      3.24
53      0
54      .07
55      2.21
56      3.99
57      4.34
58      1.30
59      2.48
60      2.22
61      1.52
62      3.68
63      3.03
64      .41
65      4.22
66      2.78
67      3.23
68      .97
69      3.63
70      3.36
71      3.06
72      1.94
73      .99
74      1.58
75      .63
76      .11
77      .34
