0      3.51
1      .92
2      4.55
3      3.81
4      .06
5      2.01
6      .48
7      3.74
8      4.44
9      4.10
10      1.07
11      4.68
12      4.42
13      2.16
14      3.43
15      2.22
16      4.73
17      1.47
18      4.81
19      1.35
20      1.93
21      .58
22      4.33
23      .17
24      4.16
25      4.17
26      2.63
27      3.73
28      4.31
29      2.49
30      3.73
31      4.85
32      .22
33      1.91
34      4.62
35      1.41
36      4.50
37      1.84
38      1.77
39      3.86
40      1.82
41      1.45
42      .06
43      4.97
44      4.05
45      .31
46      .78
47      3.40
48      3.45
49      3.44
50      3.42
51      3.54
52      2.03
53      4.58
54      4.82
55      .67
56      3.25
57      .83
58      1.42
59      3.88
60      1.23
61      2.23
62      2.85
63      4.45
64      .64
