0      2.21
1      .62
2      4.26
3      2.21
4      2.79
5      2.65
6      2.09
7      .25
8      3.92
9      .08
10      2.89
11      3.53
12      2.68
13      4.29
14      2.15
15      3.57
16      3.38
17      .77
18      1.20
19      1.86
20      4.26
21      2.49
22      4.44
23      .18
24      4.05
25      4.67
26      3.80
27      2.98
28      2.74
29      1.31
30      .94
31      .77
32      4.83
33      3.50
34      3.90
35      3.28
36      2.34
37      4.30
38      2.35
39      1.89
40      2.90
41      .92
42      4.71
43      3.51
44      4.05
45      .94
46      1.44
47      2.16
48      2.11
49      3.29
50      2.05
51      4.10
52      4.19
53      .88
54      3.12
55      3.96
56      4.50
57      3.45
58      .28
59      2.36
60      2.07
61      2.60
62      2.93
63      .56
64      1.33
65      2.93
66      1.89
67      2.28
68      1.99
69      4.74
70      1.87
71      4.70
72      2.76
73      4.02
74      .81
75      1.70
76      4.64
77      3.47
78      .20
79      .70
80      2.17
81      2.84
82      1.71
83      3.46
84      2.23
85      3.33
86      4.86
87      3.27
88      4.73
89      3.58
90      3.78
91      4.74
92      3.53
93      .80
94      1.15
