0      1.41
1      2.94
2      4.05
3      .46
4      4.62
5      4.36
6      1.83
7      1.68
8      3.18
9      4.13
10      1.38
11      1.16
12      2.04
13      4.54
14      2.40
15      .16
16      2.15
17      .77
18      1.78
19      1.07
20      4.45
21      1.72
22      1.03
23      1.11
24      2.27
25      1.72
26      .79
27      3.27
28      4.56
29      .77
30      3.60
31      .33
32      1.65
33      .85
34      2.40
35      .92
36      .51
37      3.14
38      3.24
39      4.28
40      .42
41      .59
42      .89
43      .21
44      2.07
45      1.90
46      4.33
47      2.50
48      .10
49      2.90
50      .08
51      1.60
52      2.57
53      4.57
54      3.13
55      1.76
56      1.79
57      1.60
58      2.56
59      2.71
60      2.33
61      4.63
62      4.40
63      2.47
64      1.43
65      4.17
66      .81
67      2.07
68      3.09
69      4.86
70      4.36
71      2.59
72      3.22
73      1.94
74      3.96
75      .19
76      2.19
77      2.06
78      2.02
79      4.98
80      .35
81      .31
82      4.91
83      4.36
84      1.01
85      3.13
86      4.38
87      1.86
88      4.40
89      1.14
90      4.05
91      3.59
92      4.95
93      2.72
94      2.30
95      3.55
96      4.60
97      3.33
