0      1.09
1      2.86
2      3.63
3      4.15
4      3.57
5      1.36
6      .64
7      3.02
8      1.82
9      .26
10      4.65
11      .09
12      2.10
13      3.61
14      4.45
15      2.39
16      3.19
17      2.30
18      4.42
19      1.27
20      4.23
21      .88
22      1.63
23      1.91
24      3.13
25      4.40
26      2.92
27      1.25
28      3.06
29      4.19
30      3.29
31      1.41
32      3.59
33      .77
34      .96
35      3.16
36      1.43
37      .63
38      2.12
39      2.74
40      2.35
41      4.19
42      3.49
43      .64
44      4.49
45      .71
46      .85
47      .98
48      .98
49      2.11
50      .83
51      2.37
52      4.13
53      4.22
54      1.15
55      2.50
56      .73
57      3.67
58      4.93
59      4.89
60      2.04
61      2.30
62      4.79
63      1.87
64      1.90
65      2.31
66      .25
67      2.08
68      4.47
69      1.17
70      1.36
71      1.30
72      .90
73      4.99
74      3.70
