0      2.36
1      2.15
2      .25
3      2.69
4      4.62
5      4.37
6      3.05
7      4.02
8      1.92
9      4.08
10      3.45
11      3.39
12      .59
13      4.14
14      2.88
15      4.21
16      4.13
17      .57
18      .43
19      .08
20      4.17
21      4.57
22      4.87
23      1.48
24      .30
25      3.80
26      .99
27      .56
28      .49
29      0
30      1.66
31      3.30
32      .42
33      3.50
34      3.29
35      1.96
36      1.30
37      4.07
38      2.47
39      1.93
40      2.58
41      3.49
42      1.95
43      .13
44      4.23
45      4.68
46      2.31
47      4.85
48      .58
49      4.77
50      4.51
51      3.89
52      .54
53      2.42
54      1.17
55      .67
56      1.81
57      2.58
58      1.41
59      4.01
60      .76
61      .77
62      .42
63      .12
64      4.03
65      1.99
66      4.83
67      1.11
68      3.24
69      2.01
70      3.58
71      3.50
72      4.37
73      .42
74      1.41
75      1.50
76      3.14
77      1.23
78      .30
79      4.88
80      1.10
81      .14
82      .16
83      1.58
84      1.83
85      4.00
86      2.53
87      2.47
88      .57
89      3.43
90      4.52
91      4.68
92      .33
93      4.52
94      .91
95      .50
96      1.42
97      2.31
