0      1.35
1      .91
2      1.72
3      .52
4      4.92
5      3.49
6      3.37
7      3.27
8      4.43
9      4.79
10      2.35
11      2.05
12      3.91
13      3.68
14      3.35
15      4.02
16      .29
17      2.34
18      1.75
19      2.93
20      .52
21      4.14
22      3.40
23      2.22
24      2.82
25      2.54
26      3.27
27      2.08
28      .31
29      3.26
30      3.51
31      1.82
32      2.16
33      1.68
34      4.98
35      4.11
36      3.14
37      4.25
38      2.28
39      1.31
40      3.68
41      4.46
42      2.36
43      4.77
44      .18
45      3.67
46      .82
47      .41
48      1.73
49      1.38
50      2.46
51      .08
52      .62
53      3.96
54      .90
55      3.08
56      2.14
57      3.66
58      .28
59      2.73
60      2.43
61      1.59
62      4.93
63      4.98
64      4.32
65      4.82
66      4.71
67      .77
68      3.82
69      4.21
70      4.08
71      3.88
72      3.10
73      2.74
74      2.20
75      2.38
76      4.47
77      3.93
78      4.05
79      4.72
80      1.89
81      .14
82      3.13
83      4.56
84      .11
85      3.18
86      4.82
87      3.63
88      3.78
89      2.51
