0      1.89
1      2.60
2      1.70
3      4.19
4      2.33
5      2.60
6      2.37
7      .15
8      .10
9      3.82
10      4.57
11      3.48
12      4.82
13      .59
14      2.48
15      1.27
16      4.70
17      2.81
18      3.59
19      4.42
20      4.75
21      3.12
22      1.61
23      .11
24      1.43
25      2.91
26      1.31
27      1.94
28      2.50
29      1.47
30      .20
31      .81
32      1.91
33      4.08
34      1.48
35      1.66
36      1.27
37      .43
38      3.15
39      .62
40      .84
41      4.50
42      1.98
43      4.16
44      3.08
45      4.91
46      1.82
47      1.02
48      4.41
49      3.23
50      2.09
51      1.96
52      2.13
53      4.17
54      1.06
55      3.61
56      4.87
57      2.58
58      .99
59      2.38
60      .03
61      4.25
62      4.19
63      3.00
64      2.32
65      2.00
66      3.04
67      1.00
68      4.33
69      4.46
70      4.55
