0      1.49
1      3.48
2      .46
3      3.80
4      4.60
5      3.10
6      1.62
7      2.77
8      2.57
9      1.37
10      3.79
11      4.82
12      3.50
13      1.59
14      1.96
15      2.09
16      .97
17      4.52
18      2.18
19      2.88
20      1.87
21      3.05
22      .14
23      2.78
24      2.65
25      .20
26      .41
27      1.72
28      2.46
29      4.98
30      2.48
31      4.03
32      .36
33      .86
34      2.09
35      1.46
36      .67
37      2.89
38      2.83
39      1.88
40      2.72
41      3.32
42      4.05
43      4.76
44      2.10
45      1.38
46      .73
47      4.35
48      1.89
49      1.43
50      1.67
51      2.27
52      1.41
53      1.01
54      3.40
55      3.23
56      2.93
57      1.82
58      1.03
59      3.58
60      2.44
61      1.78
62      3.34
63      4.69
64      2.93
65      .20
66      2.75
67      1.85
