0      3.37
1      1.76
2      3.09
3      4.22
4      3.22
5      2.69
6      4.62
7      1.11
8      4.62
9      1.82
10      2.96
11      3.71
12      1.28
13      3.05
14      3.88
15      .01
16      4.06
17      .58
18      4.40
19      1.08
20      .13
21      1.55
22      4.30
23      .62
24      2.36
25      2.93
26      1.59
27      3.19
28      3.06
29      4.47
30      1.62
31      3.46
32      .07
33      3.64
34      2.69
35      2.57
36      1.01
37      4.79
38      4.94
39      3.09
40      3.78
41      4.58
42      1.82
43      3.20
44      2.77
45      4.08
46      2.50
47      1.77
48      1.25
