0      1.84
1      4.42
2      .45
3      .34
4      2.00
5      1.82
6      2.58
7      1.47
8      2.17
9      3.75
10      4.15
11      .19
12      .63
13      3.79
14      2.77
15      2.33
16      4.19
17      .26
18      3.55
19      1.04
20      .83
21      .21
22      4.99
23      2.76
24      .43
25      4.08
26      .59
27      .11
28      .65
29      4.85
30      3.01
31      3.72
32      2.02
33      4.82
34      .29
35      4.62
36      1.03
37      .95
38      .41
39      3.03
40      2.47
41      1.33
42      1.10
43      2.34
44      .10
45      1.27
46      2.39
47      4.87
48      4.40
49      3.35
50      2.71
51      .90
52      0
53      .13
54      4.93
55      3.04
56      4.59
57      .06
58      .52
59      4.63
60      4.04
61      4.30
62      3.42
63      1.33
64      .58
65      3.26
66      4.32
67      .96
68      3.64
69      1.31
70      .07
71      3.30
