0      3.66
1      2.94
2      2.72
3      2.13
4      1.57
5      1.97
6      1.79
7      2.91
8      1.27
9      1.31
10      1.40
11      1.10
12      3.48
13      4.07
14      3.46
15      .95
16      2.03
17      4.73
18      3.87
19      .65
20      .76
21      1.82
22      .06
23      2.71
24      1.92
25      2.52
26      3.23
27      .37
28      .49
29      1.75
30      1.44
31      1.13
32      4.00
33      2.81
34      4.79
35      2.85
36      3.95
37      .24
38      4.02
39      .40
40      2.11
41      .84
42      .76
43      3.68
44      3.34
45      2.28
46      .62
47      2.90
48      .97
49      4.33
50      1.43
51      1.27
52      3.78
