0      .40
1      2.38
2      2.15
3      4.78
4      1.93
5      1.20
6      2.67
7      .76
8      3.60
9      1.30
10      .67
11      2.79
12      2.43
13      4.37
14      .31
15      2.35
16      .40
17      .84
18      4.36
19      4.45
20      4.83
21      1.45
22      4.07
23      2.46
24      3.95
25      4.46
26      3.42
27      3.64
28      3.09
29      1.74
30      3.54
31      2.94
32      3.71
33      .30
34      3.48
35      2.89
36      .10
37      1.58
38      4.87
39      4.65
40      .72
41      1.57
42      1.85
43      1.96
44      .04
45      4.58
46      2.73
47      4.16
48      2.38
49      2.59
50      3.59
51      2.09
52      1.15
53      1.04
54      4.64
55      4.17
56      4.17
57      3.65
58      4.23
59      2.33
60      2.02
61      3.92
62      1.75
63      4.78
64      2.85
65      1.36
66      2.01
67      1.25
68      4.46
69      1.79
70      2.32
71      .39
72      .07
73      4.35
74      3.63
75      1.05
76      3.93
77      .24
