0      4.77
1      .11
2      3.28
3      2.84
4      .95
5      3.37
6      2.47
7      4.06
8      4.80
9      4.79
10      2.19
11      3.95
12      2.98
13      3.13
14      3.98
15      3.46
16      2.96
17      3.02
18      .60
19      2.25
20      2.84
21      2.18
22      .69
23      2.17
24      1.71
25      2.25
26      1.04
27      1.92
28      2.82
29      1.16
30      2.41
31      2.46
32      2.75
33      3.78
34      .34
35      1.75
36      1.30
37      3.07
38      3.78
39      4.43
40      2.09
41      .64
42      .49
43      .49
44      3.84
45      2.78
46      .79
47      .53
48      1.49
49      1.93
50      3.77
51      2.91
52      3.54
53      4.20
54      1.23
55      1.13
56      4.18
57      3.35
58      4.56
59      1.60
60      3.44
61      .77
62      4.19
63      4.66
64      3.65
65      .15
66      2.88
67      1.28
68      .08
69      .43
70      3.08
71      1.02
72      4.42
73      1.78
74      4.62
75      2.46
76      3.64
77      .98
78      3.11
79      3.24
