0      1.22
1      .82
2      4.85
3      2.41
4      4.89
5      1.45
6      1.25
7      4.71
8      2.91
9      1.27
10      4.30
11      2.22
12      1.46
13      4.69
14      2.33
15      3.63
16      3.74
17      4.23
18      3.03
19      3.22
20      3.99
21      1.84
22      3.20
23      1.90
24      2.51
25      3.49
26      4.05
27      4.21
28      3.96
29      2.85
30      1.95
31      4.10
32      2.65
33      .19
34      .34
35      3.18
36      2.59
37      3.39
38      4.64
39      1.99
40      4.92
41      1.60
42      4.89
43      4.41
44      4.53
45      1.37
46      3.12
47      1.81
48      .61
49      3.13
50      4.99
51      4.73
52      2.61
53      2.61
54      4.15
55      3.71
56      3.56
57      3.72
58      3.57
59      2.11
60      4.74
61      1.79
62      .45
63      2.06
64      3.45
65      1.93
66      .52
67      .82
68      4.51
69      3.67
70      .52
71      3.12
72      2.53
73      2.01
74      4.20
75      2.50
76      1.76
77      .94
78      1.58
79      1.72
80      4.92
