0      2.69
1      1.82
2      3.19
3      .52
4      4.80
5      4.40
6      1.26
7      4.05
8      .47
9      4.08
10      1.25
11      2.11
12      .65
13      3.12
14      4.40
15      3.20
16      .18
17      4.90
18      1.99
19      4.06
20      4.95
21      1.59
22      2.08
23      1.97
24      4.69
25      1.66
26      1.03
27      2.74
28      4.08
29      2.42
30      1.08
31      1.49
32      1.44
33      3.93
34      .01
35      .60
36      1.05
37      2.68
38      .51
39      2.09
40      3.69
41      4.10
42      2.54
43      4.89
44      2.81
45      3.17
46      1.17
47      .67
48      2.18
49      1.26
