0      .45
1      4.33
2      .39
3      3.56
4      4.39
5      .31
6      4.63
7      2.95
8      2.65
9      3.52
10      1.88
11      .32
12      .14
13      2.75
14      2.24
15      1.78
16      1.30
17      .30
18      3.35
19      4.40
20      2.94
21      .23
22      2.57
23      .62
24      .55
25      2.45
26      3.25
27      3.12
28      3.59
29      .52
30      4.06
31      .79
32      .96
33      4.82
34      3.13
35      4.61
36      3.68
37      3.29
38      4.86
39      1.05
40      4.14
41      3.22
42      2.34
43      2.87
44      1.71
45      3.36
46      .68
47      4.14
48      3.01
49      .53
50      .91
51      .32
52      2.02
53      3.96
54      3.15
55      3.97
56      .01
57      4.52
58      1.63
59      1.17
60      1.80
61      1.31
62      2.81
63      3.05
64      1.57
65      .54
66      2.82
67      2.60
68      2.73
69      1.07
70      .89
71      .13
72      4.08
73      .15
74      .44
75      .04
76      4.70
77      .78
78      4.74
79      4.45
80      4.53
81      0
82      .99
83      4.30
84      4.00
85      2.26
86      1.53
87      0
88      4.16
89      1.24
90      .15
91      2.79
92      .05
93      .42
94      2.67
95      1.07
96      1.31
