0      3.58
1      .43
2      .70
3      4.49
4      2.48
5      4.12
6      1.02
7      4.35
8      1.80
9      .07
10      4.44
11      3.48
12      4.77
13      3.95
14      3.91
15      2.35
16      4.81
17      4.83
18      3.87
19      2.68
20      .30
21      4.40
22      3.68
23      2.71
24      4.48
25      .11
26      .41
27      4.22
28      1.80
29      4.63
30      3.22
31      4.31
32      1.25
33      .35
34      3.78
35      4.28
36      .66
37      1.40
38      .91
39      3.32
40      2.97
41      1.90
42      3.59
43      2.84
44      0
45      1.04
46      1.80
47      2.37
48      1.00
49      4.48
50      4.67
51      .68
52      2.61
53      1.66
54      4.10
55      3.04
56      2.08
57      4.64
58      .89
59      3.04
60      4.74
61      1.24
62      4.00
63      3.61
64      1.94
65      1.53
66      .92
67      2.89
68      .78
69      3.13
70      0
71      .36
72      .12
73      2.83
74      .04
75      1.04
76      3.89
77      .82
78      2.14
79      2.01
80      .99
81      3.62
82      3.46
83      1.99
84      1.83
85      3.35
86      2.89
87      1.02
88      4.16
89      4.75
90      .02
91      2.17
92      3.09
93      1.12
