0      .46
1      1.97
2      1.86
3      1.58
4      .51
5      2.94
6      2.76
7      2.97
8      4.46
9      1.59
10      4.52
11      4.89
12      3.58
13      .55
14      2.30
15      3.96
16      1.64
17      2.74
18      2.37
19      1.88
20      .61
21      1.97
22      2.02
23      4.27
24      .66
25      4.39
26      4.47
27      4.72
28      3.13
29      1.22
30      1.93
31      4.87
32      1.87
33      1.05
34      3.80
35      2.76
36      2.53
37      3.02
38      2.02
39      4.60
40      3.17
41      4.01
42      2.08
43      2.67
44      .64
45      2.92
46      .43
