0      4.60
1      3.05
2      3.86
3      4.20
4      3.09
5      1.78
6      4.92
7      4.72
8      1.60
9      4.78
10      1.90
11      .68
12      4.74
13      4.36
14      2.32
15      2.55
16      2.12
17      2.92
18      3.43
19      .36
20      2.84
21      .77
22      1.61
23      2.33
24      3.80
25      3.64
26      2.34
27      2.47
28      4.53
29      .52
30      3.80
31      2.91
32      4.74
33      .79
34      2.64
35      2.96
36      1.58
37      .72
38      4.91
39      2.04
40      2.27
41      3.94
42      1.82
43      3.29
44      2.94
45      2.10
46      .93
47      4.36
48      3.99
49      4.63
50      1.55
