0      2.20
1      1.94
2      .17
3      1.15
4      .30
5      1.73
6      3.63
7      4.72
8      .56
9      4.07
10      3.26
11      1.33
12      3.53
13      1.57
14      1.13
15      1.91
16      4.04
17      1.39
18      3.23
19      1.12
20      4.25
21      1.46
22      4.82
23      3.09
24      .97
25      4.69
26      1.21
27      4.19
28      1.60
29      3.70
30      3.10
31      4.47
32      .27
33      .99
34      .26
35      .75
36      4.67
37      .51
38      .48
39      2.14
40      3.37
41      .99
42      .77
43      4.98
44      2.65
45      .28
46      4.12
47      1.67
48      .38
49      1.55
50      .98
51      4.09
52      .19
53      1.75
54      2.74
55      4.79
56      2.54
