0      4.94
1      3.80
2      1.50
3      3.66
4      4.30
5      3.14
6      .02
7      2.61
8      4.46
9      3.50
10      .72
11      2.69
12      4.20
13      4.35
14      .68
15      1.02
16      .17
17      3.79
18      .11
19      2.66
20      4.24
21      3.05
22      1.63
23      1.88
24      1.24
25      3.81
26      4.23
27      1.35
28      3.00
29      4.40
30      3.69
31      .41
32      .62
33      1.20
34      2.27
35      4.03
36      2.03
37      2.17
38      4.38
39      2.69
40      2.59
41      4.21
42      1.32
43      3.77
44      3.76
45      3.05
