0      2.66
1      1.12
2      2.25
3      2.55
4      2.33
5      4.85
6      .95
7      3.10
8      4.83
9      .35
10      3.04
11      3.13
12      4.84
13      4.14
14      1.38
15      4.37
16      4.26
17      4.14
18      2.67
19      2.57
20      .90
21      1.51
22      2.56
23      4.95
24      2.50
25      3.98
26      4.28
27      .80
28      1.15
29      2.04
30      .80
31      .55
32      4.67
33      2.31
34      1.67
35      1.39
36      2.00
37      .56
38      3.37
39      2.10
40      2.56
41      .46
42      2.64
43      .05
44      3.34
45      .39
46      1.15
47      3.17
48      2.54
49      2.05
50      .28
51      2.61
52      4.37
53      3.68
54      1.31
55      2.62
56      3.39
57      2.90
58      4.10
59      2.03
60      4.23
61      2.57
62      4.25
63      3.69
64      1.07
65      2.18
66      3.66
67      3.09
68      .84
69      4.16
70      3.18
71      .59
72      .42
73      .95
74      3.03
75      .28
76      3.03
77      3.34
78      1.45
79      2.36
80      .38
81      3.08
82      2.94
83      3.72
84      2.96
85      1.68
86      2.05
87      1.82
88      .84
89      .73
90      1.77
91      1.15
92      4.49
93      4.53
94      3.14
