0      2.96
1      1.80
2      4.26
3      3.08
4      .78
5      3.61
6      2.02
7      1.86
8      2.66
9      4.14
10      3.22
11      3.61
12      3.71
13      .98
14      3.10
15      2.65
16      .80
17      4.00
18      4.91
19      1.76
20      2.90
21      4.65
22      2.84
23      4.99
24      .28
25      .36
26      .89
27      2.64
28      .14
29      2.64
30      2.25
31      .02
32      3.94
33      .07
34      4.07
35      2.85
36      .24
37      1.91
38      2.00
39      3.65
40      2.91
41      3.91
42      2.73
43      4.30
44      1.04
45      .73
46      .70
47      .56
48      3.41
49      4.78
50      1.05
51      2.14
52      3.15
53      1.77
54      2.87
55      2.04
56      1.07
57      2.82
58      2.86
59      4.57
60      .21
61      1.85
62      2.82
63      2.05
64      3.95
65      2.46
66      3.45
67      1.51
68      3.05
69      .17
70      .60
71      2.57
