0      1.93
1      3.78
2      3.68
3      2.16
4      1.80
5      2.77
6      4.24
7      1.54
8      1.06
9      4.14
10      3.18
11      4.60
12      2.09
13      .85
14      3.38
15      3.70
16      1.18
17      4.15
18      2.95
19      1.14
20      4.34
21      .47
22      1.67
23      3.68
24      4.38
25      .78
26      1.43
27      2.23
28      2.18
29      2.15
30      .52
31      3.40
32      2.07
33      .17
34      .07
35      3.40
36      3.80
37      4.97
38      .45
39      .30
40      1.56
41      .46
42      1.60
43      2.57
44      4.73
45      3.98
46      3.12
47      .23
48      2.11
49      3.15
50      1.26
51      4.02
52      2.51
53      2.65
54      3.49
55      .46
56      2.96
57      1.68
58      .87
59      2.48
60      1.07
61      4.51
62      .91
63      .48
64      1.74
65      4.86
66      .36
67      .26
68      1.19
69      3.58
70      1.22
71      2.17
72      3.66
73      2.11
74      3.86
75      1.36
76      .41
77      4.51
78      .08
79      4.86
80      4.31
