127261893	3.1089523379267
1037762864	4.8505242144924
222533383	2.9280224432834
746889502	1.9943537083428
1311524545	3.6104002541911
593498466	1.076540144196
1392141983	3.8347456785081
1984143498	3.2324047122302
1560046297	3.0459441538183
432847367	3.0393635775146
128975736	2.3128090763059
613602346	0.39982773149378
375638007	4.3126062696393
2136382377	3.5596214856764
520825420	3.1322079608833
1553671148	3.1920562233739
1038360126	2.4521434760895
148478847	2.9582159258231
1130310746	3.8041898602639
1881224772	1.6869490228998
2033411591	2.6437084878067
706664002	4.4043897089569
1124921419	0.1952228253685
1523677778	2.9454625341787
532876454	2.4950472067553
525267671	0.36201902216394
261187168	2.31307578148
93497216	3.9746824414351
848253391	0.31693151468268
618446592	1.51256321767
1936321693	1.4914430964233
275053761	1.892178064162
1810429855	0.35560686390642
1872628026	0.21829139917078
2014271148	3.3498485867632
1710112306	4.6837112888152
1969091863	0.34485730125795
1398499370	1.2609878304698
163058535	2.7926643624868
1748712292	0.66444869416973
429630582	3.5664541826427
730725942	4.7328651997879
1905688646	4.0806381190571
1422878595	1.1814163654025
1290135311	1.4032158448376
978113527	1.2503027805361
1885805381	4.264255810652
1604816490	3.125197881891
242298888	1.6171820096752
645406282	3.92618275896
1374335767	3.8166327675882
269742755	3.7948089459887
2033664814	0.26493738184913
1683191624	4.7888481150329
1214214720	3.0302281924664
463245599	1.0461271326272
1425135322	3.0273940754251
