676710438	2.5546205614482
260432429	0.53380141525241
933506262	4.7646930812694
1407424036	2.0217300984178
1722811952	2.7113007883128
967443313	0.21600009883568
1292943804	1.4963463025616
1814843894	1.3915342424957
1415179149	0.56766373131781
1754842297	2.0239794845804
8208394	0.17325051835424
2069618511	2.0420430959398
1790890130	4.5927481444519
1707997263	1.8480896096901
2133021739	0.14681688982379
1879273648	1.1164553491941
1944382192	1.372326084586
492178014	2.9339522532811
2290568	4.082618569528
1808796097	2.8851930647554
1090999215	4.364831177222
1907451960	3.1187964245299
480078413	3.4816818351306
69562922	3.4087752985809
593295373	4.0812293086579
1969846326	1.5369100549896
733130825	2.3069391084402
1149740472	4.1315157986858
1247530845	4.4012568329467
