1464206867	0.22777045156237
2074956314	2.1222793227631
117022497	1.9673564713296
416905055	4.1939796550171
1032364699	4.4510000522486
1420640880	3.0378326997337
308913030	4.7328125521228
1941221696	3.4817553840027
1266604311	1.5737718234648
1057366713	2.5569586281464
385929139	3.9433912741688
1275948665	1.7505766459511
1318741182	2.8792118084986
1252425844	4.9631584179416
1244229239	2.7595915658211
1463755374	1.8533313771958
934615807	2.3205695754479
1493073536	0.52718261048532
1748143109	2.4709715193468
1101985036	1.4033401414768
1973233304	0.65972570127795
957440830	3.5332637506226
663922053	1.9485345817863
556995901	3.0614878367919
1293580142	0.048695683967646
2033706160	4.2413954596228
390491960	4.4145174321786
222212961	2.5478082162085
