707666733	0.83154624366739
1322074395	0.96454637635711
1355371340	1.914190934931
569119592	2.2120832243059
2145437270	2.9714409462043
4466043	0.97249978500069
1634859585	0.26317354769594
1221349993	4.7895125345278
1180584896	4.6753662520439
1845964273	3.2973496584675
641276310	0.42454495114486
790587292	4.0703630280077
1328298080	4.2295196974787
1080957030	0.067827422203416
223402443	0.26913253370166
1619530524	4.9419548781318
892209196	3.0761030540225
1722943923	1.4940643433919
485184348	0.51825327822857
2104704998	2.3586480400332
671477171	1.5127826954763
609202090	3.7767091038528
416420779	4.8455059807028
406165828	0.30222399640001
310724450	1.9551535635046
780092661	1.7686367578658
1699055481	2.3147156403003
1604928438	3.1244251845053
211270091	1.550182214263
745382983	4.8237634286395
487826704	3.1793726110735
1513207823	2.960764348023
1697470877	4.5107420228937
674735131	0.46428901863484
1967818815	1.6779717903947
1147474998	2.8843285762166
1500071224	4.5710854835674
1692299989	4.6728144212034
145635270	3.2588289623423
1463571939	3.6687875951961
1376991182	2.8970561748822
1934523566	4.5786466005159
360404393	1.4707891696462
705410233	1.251306746272
1000950691	0.25562208390591
901812474	1.5899756651325
644383658	0.80227438397811
457651180	3.0417102170371
651110008	0.74672235909231
1382392306	3.9583437535718
1941193734	0.72118821121808
293558233	1.5741196747749
1482867413	0.32212646227429
2094208490	2.9096748320897
2112993849	1.0338629251504
227871522	3.0950428373623
631585769	2.9857327756405
974272148	3.0779682184001
816513880	4.1976717762638
2091087593	0.63803935918866
462046022	0.2724903799931
140890347	0.076226221898676
1204572167	4.4961487173551
1120435167	1.5428821633304
736441978	2.3011549456516
2029951291	4.7358687360472
1054923802	3.8881012955159
1365922798	3.2874258459953
2049904861	3.1850285330718
601200420	3.5916978673039
1524579076	2.3551461856603
721167828	3.0240201591626
1348838240	2.355180579403
