562609812	4.2527627312824
1710558833	2.5653660588736
1493704976	1.3812786626542
1597010836	0.2918413725178
1026098006	4.2374864333484
726162782	4.3733128739397
622631060	1.2038337631169
710332584	0.53179728590501
270465378	4.4723317583428
1828866251	1.7471236650586
2141963331	1.9926478839445
1460048179	2.3165028902313
1678933041	0.29634570949541
283861706	0.47792883146458
2021758239	0.58944472837702
267400226	0.10080279321447
717636480	1.6787317891972
582729972	2.0242808489242
601850217	3.9816333954137
2036898092	2.0529423523941
30592820	1.8704698406488
1492802031	4.7994097111744
1132858641	0.72763175504638
135101668	2.8527491343453
1979097067	0.38408846612279
2137504240	2.1097838399512
1193521038	1.263013049617
1886947446	3.5187134884851
1599024868	2.0017472128392
836263556	0.82642755742484
1412819247	2.4998956301715
1942517825	1.9345348244228
1485299373	1.7707612420296
520112297	3.9555139695087
1719353337	2.1539069838607
1460812003	4.3146468253409
848979879	3.4479836204313
1610518096	1.5794318898485
784223675	3.8732775318778
1626686010	2.4262370809104
790016631	0.49994732043703
304516163	2.1407260918714
1226742531	2.6148054341855
1581076236	3.3343263148956
2025303087	4.0963673191594
1340080498	2.3402146074642
829668099	4.7484112320228
2134592673	2.7624839394179
304159163	0.039279777574949
822676063	3.8836819207685
1911494823	2.9443860649804
1479827191	4.3443203877398
675893517	1.0636407351418
