1570046403	1.8062388788938
518973997	0.74138318223012
1589108804	0.26938965090988
1688594400	4.1301763659018
429923594	2.4431655101679
926451101	2.2511683624476
372768762	1.2198889703582
89043327	3.4286409865267
256917173	1.527093644965
1587341467	1.5099963669246
1077272041	4.9203302780727
1064156373	3.1882692352814
1647795992	2.919350244533
1032432637	0.59881763793473
1956258134	4.5514698394348
1809291006	1.7628847536458
447291302	1.388303819759
220746026	4.3371301746634
228590930	1.0712312423024
587222383	0.94320070275255
200714591	3.2082098993511
357539443	2.9673023046773
1558822307	3.1129338304107
610119891	3.514289322083
1553220277	1.175504655659
820479860	3.3855831638843
1222154009	0.91656345916752
1099018675	0.8205553311019
820178068	1.8993506310039
1085282379	2.580222646976
1089696928	2.2377955272038
1729503424	4.1846575048681
526581048	2.8774886172626
1978309189	2.6866696088978
1354112998	4.3549568319483
491254191	4.4656185384214
1935940080	0.71290178723303
500265351	1.4232297527712
1549426746	0.15918373836166
885253497	1.0004004491495
1717636061	2.3701234335872
1792185210	2.8455982067835
910576359	0.57284793610352
