529923855	0.7208664415967
163575329	3.8672222378045
933834193	0.98200221358892
584142132	0.58667761533832
552952892	4.7390176424473
1285823993	4.2176303915762
900575125	0.057924701859208
592700485	4.3658148960051
906816700	0.12283866066618
1049796072	0.2995514219159
624874048	0.7396187240908
2131285740	3.0284524536824
1438104254	0.79154320563727
1762609640	0.83397389894071
554373152	3.5020807192205
20977707	4.3946163609599
183321206	0.45396849301363
515107920	2.5264002115123
1365241040	0.12041983433087
1244573670	2.2231294411342
1680352642	3.3341239012471
300726687	4.0396823776139
1456141284	1.7269563124175
1314310816	1.8204865659682
