815315125	1.2104191101205
380430493	0.28682151822691
672296408	4.1702750996548
1483385120	0.2807240166146
501697558	1.3629367069169
1904941131	0.0062275701231452
1930418432	3.5267201897347
364524488	2.9982613087624
1688642315	3.2768851277776
2101623037	4.4989572556219
1758543144	1.6273613700771
982361233	4.0750109376735
314636712	0.89166882722251
629798757	4.1400541640539
864012815	1.8961192187369
1588209905	4.3547554078301
80127911	2.3422203386865
1052818904	1.0214140573616
848407454	1.0738682123245
407323771	4.0812286660453
325137589	3.2920657183472
149301177	0.45900234275451
1713161737	4.5885976541734
1007979051	4.7532453596374
1328538164	1.9193471301903
1920576519	1.952756928258
1206284988	3.0847585960686
116493840	2.0740442034202
2137428405	4.4937099467468
45160223	2.4358171329069
2075461757	1.0304595255435
43870028	2.9594422098992
1398413622	4.4202624724341
2098051020	0.13695519423902
1701879222	0.88961340528429
2065543276	3.8953656744656
1324624038	2.3844073491098
1786950896	4.5154277093315
1971215798	4.2356763054783
765797816	1.0618347470005
1408286661	4.3431404905129
1719684575	3.5288021287549
47308522	1.2172107148064
945273818	0.31832287568521
947965182	1.050691502658
741835686	0.30683484874053
511560892	1.2167385063212
24441961	1.8028713258928
1050187492	2.4133489571574
2002829161	4.0641409503595
1431555029	3.0305066765428
537319444	3.8565168664123
59821542	4.6476058776712
1807970696	1.3124356401676
2128468338	2.7383029520224
1685878472	4.8892418550743
2042406691	3.7028492305907
792733212	0.25220297288718
726028135	3.477666291165
1672026348	1.619842516547
1375734745	3.9362314897292
855119073	2.6988133986941
580402726	2.2857272472632
1423143597	0.44155628208143
94460469	0.4595587334873
226387595	0.95134556570619
1845418187	0.57246349545776
1402130467	0.22380667283377
1625091399	4.5646484310574
333226635	0.42450324419164
1114203954	2.229083290896
604662540	4.6732527667998
2090339682	0.65872550507017
474581531	4.3129539090735
841758670	1.7669458579118
1410367885	4.027104426188
1441464641	1.4213519992406
1720695820	1.6197376845496
790468855	2.355345006732
1732433754	0.37307750916717
1682722964	1.4197008714172
417750078	3.7330442730957
851334769	0.82416852741696
1819346094	3.4953213382956
954392053	4.2388649816806
225265271	4.8185147251089
1862643372	4.0124541050812
66466955	1.596172906736
895619686	0.9318200316894
371725600	3.8093763956844
1561831692	2.7164819988965
554992097	1.8019541803757
268521423	2.1824675901711
370911358	2.7845633718113
1191531537	2.2264006767545
1977989223	4.931128534922
528091562	0.98423584875848
525117807	4.1720979726743
2014576208	0.71619223836632
