1072857000	2.0127269448772
687947032	4.6366280641577
1866289610	1.079858986698
30137333	2.2200380764995
1053977292	2.6947394747728
613526647	3.5243618411591
1797349730	0.80078487321771
751067913	4.8626196523489
1358090191	1.5350381431799
511361375	0.80054896688114
687626906	0.30897339354687
725650136	0.46072365271893
1083294609	2.3444926563392
778439019	4.6135385123145
817574242	4.5261822964652
1190477240	1.4342305559824
1547422763	4.4882303613649
1778745157	2.7409996733726
280539320	4.1754377885607
1701695860	4.7810712921345
940754492	2.4106321867605
218984181	0.88395304087734
1335451262	2.2927328465938
346028536	2.4745518888694
265036354	4.8516182693893
95398249	1.3143385044831
1749365519	1.9337818454643
589987257	1.077146295494
1324821337	3.3842651189232
1701442786	2.7700822906429
349040898	3.8860076451143
718484916	4.6263031054411
394999388	0.074238502455055
1381797993	3.0272938092366
979130823	4.9382546846467
1729515001	4.248826086637
1205551770	3.1173334378364
1092087010	2.0741062574434
2065247003	4.0798660666122
1878218064	2.4922675860544
71840635	3.9889005240933
958783765	0.95556809844243
487957982	3.3710041215508
1277359499	3.1099887858657
631660766	1.1950467369496
221432459	2.7020183031922
1138215109	2.8410919978475
1557389274	3.9463986800734
1789923872	0.66385140673437
1593228389	4.5721393565518
1520848211	3.1703142277758
373997331	3.7780688906918
2094880847	3.9652606537404
1587552808	2.8471327097375
708470128	4.1018400476788
1297989966	0.50020328979017
1066299466	3.8594515546502
939463747	4.0962203005777
1006586568	0.48603010386509
2104767421	0.074762699694728
806779514	1.9286274569708
412737398	0.52086364036466
419302695	0.12355273828076
276346416	3.5431816585097
1968526276	1.0030378592215
1067816460	2.7323487809544
877441180	3.6763820907457
37069966	3.6760531545971
1867642683	2.4340368725518
1423129268	1.8872465388324
404242355	2.2142360788836
782080035	0.66975879746944
1161878251	0.86453279287765
1187065402	0.52780199587708
967295667	3.904493653171
1688239392	2.256916296788
733019565	3.0586956432363
982118359	2.0032903840781
883058418	2.3713550005906
