1004581337	2.3024449647881
1056667656	4.2695531338777
2057672978	3.9237490221503
1857995904	4.5587685562478
762390499	2.5050806684909
1272896279	3.5428614767934
2072092953	0.85252076427104
599701575	1.0306311170713
349326647	3.0619441778687
1267759549	2.4537501821545
798022496	4.6768245914377
197610475	2.3440364735872
187552111	4.6315993925704
1760397916	2.0897394800977
27503466	4.0564112616966
643736432	2.1953639025778
346706082	1.6463342759043
1026590597	0.65863521567482
689884033	3.0386716420942
859604139	0.87498796446015
2082804464	4.0710331937629
1250734023	3.0478046825378
1529507276	3.3426507903927
1844676102	2.1743998500399
117656538	0.21694620615661
307931449	0.50958318193889
2055719896	1.2876210763527
1589454550	1.8043150761185
1429542076	4.7169405616433
1143171652	1.2345288233992
1328234667	4.3777859254637
1927092104	0.82978227912904
884150221	1.7639101886954
1331323643	4.7747282240422
1484903043	3.6087274801027
441304283	1.5747390066156
1773006604	1.8433553827197
1798635569	4.6280267763082
973938259	2.2870736742798
1587760660	2.9138460931898
396445383	4.7456544729628
422268267	4.4427906812368
2127495944	0.68554777916779
