1702577170	2.1879521069061
105039165	2.0177889787675
53297542	0.77066770790642
1569638903	0.15894011601756
889434492	4.8624307312362
853062814	0.15585542663739
983191465	4.5188969394746
824661122	3.5951478167414
2134354155	4.1861534580524
808137319	2.5774937903404
1353532606	4.887461843848
673758141	4.7010589203337
852648280	3.3708726118183
1694322027	2.5728314591445
1305791997	2.0499835591996
76379142	3.9688180149388
1066557587	2.348604012443
392695464	2.6909858024171
1372919716	0.21094096135858
534451313	0.98246201685744
1957155262	0.21327102799587
2112621537	3.7585470912785
402794830	3.3673731765558
1795536973	1.3386227988352
1312421430	3.6830469773538
1332454064	4.6834185718016
1551309523	3.7855715834468
847763914	4.165367225262
746537284	1.1636014870198
2071983884	3.2098601703578
1142907334	4.7043781167382
2136778474	4.6103524065625
2051028433	3.9827669151047
790263624	3.4683219359574
2022174792	4.8575881332427
740828643	4.6299162924429
1116238767	0.31954963240752
1470181969	0.0076811341604596
255338400	4.4084301564882
1646180265	3.4822398207533
628509524	1.5980689398004
1573338773	2.9508775113853
154869268	0.66721230543554
1200698521	4.7366012235808
644461667	4.2307151175247
1922279691	2.5801894383413
2052311615	3.8517201523537
1766350699	4.1782740336742
16100895	1.8869315585526
43509173	4.8239944827855
1260624160	0.73526308906044
1130293884	2.5146258191739
274646194	0.29673917465691
1188525787	3.8612349768454
2062125575	0.31749513015034
1701331867	3.0604131487479
1973790532	1.0378953912472
676993442	0.80062267407804
1348594548	4.3918187680616
675248584	1.0480837039873
101906113	4.4837900667842
22686658	4.6711830537166
869614368	0.71804220821617
1580328127	4.0466850688898
1343817997	0.88962261373625
1493289600	4.5557996139656
1689587807	2.9317365740108
1505327062	1.7239268434811
1496654515	0.16892044114364
963173579	3.5157535031977
1622049861	3.2174765403464
97706088	4.7708030556193
491799020	4.8406357480402
1018200005	4.379092096062
1213582536	1.8165401424358
2033152660	2.2231979585361
2084637099	1.2184788641606
