1933534648	0.48941219713977
1142755861	0.38480363804139
1128007763	3.5993531689045
918160447	3.0910656475886
554822137	1.2997683958615
1695480444	0.26572229120216
783190247	4.8516861884164
1430301317	4.5768807290946
1906016123	1.1272154194895
903544425	4.1666886509241
416135101	0.067518909958899
93892288	1.6039462860692
1192375336	4.3999015793204
1920790580	2.8161384457797
145592324	2.8526536365285
616187845	0.44264870250721
585690012	1.1001626337414
900302878	3.295515388388
852270224	1.6739508424299
2017154741	4.7299002878041
1887388659	2.7103206923745
1253807117	4.5111074831854
277574752	3.4500213332707
