1939630531	0.34986872940784
1953618134	0.83475314119586
1255563460	2.1399282674025
217558856	4.7662561478867
1966667092	2.0678172875512
1997633746	2.8075591930223
1575281035	0.18860460267803
1637405264	0.40245219385366
102454462	1.4359754493628
1668860598	0.96577273959563
1667056343	4.5346715811336
1052665479	2.3720471967813
131638953	1.8007849165242
1585721309	2.5782118959251
1804442811	2.3269010322759
516084407	2.012065235531
520518397	3.9468225063508
1272480504	4.5021492263778
153543223	1.7546169002329
1905181676	4.8635746444872
960581581	3.3586644979001
1458913789	4.9261516402132
1894102899	4.5928982992623
969494014	0.23938035137923
1381023525	3.8758877589721
1925667547	4.04451104535
1487360730	2.6375053718861
2132854032	4.5432630574998
73141178	2.2146590367028
2131351626	0.35737079584849
1091543797	1.789862775146
1198832670	3.1206946368891
506674459	3.0044410997091
576065344	0.54435511145012
122329916	3.1767993691269
1756114872	0.9174321526277
837195660	2.9183309585407
977973195	4.8087549418252
177701221	0.35835983481182
160397745	0.010261218999634
1967658222	2.9419793621367
258873447	2.5112472206872
346340161	0.99617212358684
1026421659	1.6290790991062
1012073335	0.50968986726817
1539129444	3.065123394162
2142294076	1.3259785535401
726348734	3.4302570221155
1672099320	2.5219766760813
676713167	4.1653092131788
558101774	1.538645793469
1302664076	1.5642524401491
1924070966	3.9785884898056
1058144159	0.76703478385091
1764624239	1.5406398761741
1700403241	3.7668330728853
287926843	3.6250373225776
1062075663	3.6436026024835
1707889173	3.7548779643862
166434645	2.96938490028
1658087663	2.7034838789625
1673168203	0.68433170704373
1371302972	4.4720217094161
