158956016	2.5146500777987
1636522008	1.3222926046337
1467668794	0.62323215446585
724841306	2.8215395113554
1921448949	4.283756599428
1327483325	1.7428312528612
376314275	0.56694301570158
298181304	2.1291076983926
227234469	4.254001404277
7407535	4.4218680585836
1127751640	1.840066212155
1365763320	1.728316772137
1744307812	1.149509996711
718601321	3.8565080328176
33863526	4.9553462699779
400146657	3.0621651597611
177480681	1.6004643177616
1480244414	3.5614963427938
1772623073	3.1686366084817
1699190993	2.8029590648613
1173454482	4.6636024255602
404233799	0.94689737583832
524443853	4.1213830998733
1689616157	1.993559774474
1046565971	1.5128419811432
912027064	3.931204368794
1816067232	3.5616964956567
394660233	0.34523441472335
1002098029	1.8203631517572
174998172	3.0915950532498
2145067460	4.367213530637
2095463005	0.50770256691971
1301862503	4.577197590646
726522120	1.8625794941851
509050250	3.1361973905639
2080431158	0.71266501010985
1077446493	2.3097683430229
2075464225	1.929285359536
278756107	0.63713379233942
275937335	1.7974401972245
1322168493	0.98470556129921
481547130	2.0422139424096
1694819047	0.7739431810444
383458021	3.7666271830754
459080658	3.0685761608503
1180168453	2.1429666677224
1843057765	2.3680232965238
1575015842	2.9149873475148
1614005507	4.8921716771518
1974361573	4.3854085283286
1935753077	1.3759640703797
1094905923	2.2762749098597
1841156694	4.1357074394523
1208584707	3.4558933989405
1832290139	1.0817443700888
1494336144	4.4121943946985
1292422951	3.6399777599797
285506081	2.4610656651021
1833351928	0.66903014698486
1526638942	0.42412547647214
879031174	3.2292620014536
1916722125	4.099726709118
2109933060	4.9696706468098
1977418008	0.39220911236117
1062998315	1.338203943492
1075819604	1.0523918927891
26179921	1.3272253569808
2021125614	4.4789888986754
474411087	0.38803215156683
805829075	2.9810608704486
1521033258	4.1027229833895
1516687180	2.7458406229251
527119878	3.0097361598209
1574195999	4.7271605812605
1182242201	4.3262369857758
883247188	4.1468600598848
1516639873	2.4296458635617
1842516407	2.945263636273
1820571995	1.8744987188254
1763510027	1.7738620130224
628258446	0.33703806127284
892607494	1.5959574149903
293155538	1.3974908885534
