1055120700	0.38062385301135
700715750	2.646168548449
1812791362	3.7642956728881
750122605	0.095486638646334
303023337	1.2063602154173
441570513	3.0189871522686
1126892466	0.98493777959837
724955123	2.7726173437073
619408697	1.7571629661867
1014690177	0.27051981318301
764108275	0.12587781302905
356414604	3.0674802433082
2017867435	3.0152151025903
2093579625	2.484699677436
1295561115	4.5211130192136
555229603	4.4915732436309
1202201228	1.0930872736932
986835195	0.30004808926026
1802541134	4.0770916729593
596289063	0.28175218276761
490474873	2.1085926224983
2053704115	4.6415129791207
1882193115	0.68108549373275
1752124931	4.6716788176781
1064568095	1.549534425861
1816101237	4.7206344570595
2060690294	0.66852377060266
2016303127	3.6848639364749
1044526678	3.5068915311745
180754095	4.2499382301466
1410399243	1.9481839295235
1313390484	1.5017198685099
1828605153	2.79679337181
1534409884	3.069071182082
173600782	1.2835015339234
135364649	2.0273040430747
2087932166	4.7856729360231
1641662153	1.6736159690999
2146465672	2.4407233192775
1009264509	1.8350283297873
1088050747	4.4606659884847
1281317397	2.3030337632182
1397017292	4.0991449584715
622693815	3.6158332897424
450025520	4.6039709726367
