1606541395	2.4366525711662
467328990	3.0361948874948
1064129494	3.2232117109109
361937250	0.12375461641874
2053222238	3.3765846902396
1590822538	2.448747776192
913040533	2.3674133500864
31658901	1.0694532706726
981824522	4.6417858822466
677908617	2.2993788995311
1649051212	3.6608039255537
1664089945	4.7683314442487
124227492	1.7009810273074
596675577	2.1447603554208
817703855	4.484412849175
884184353	2.5458204548554
1516621745	3.5895876905832
814940571	1.7855252659812
547402200	2.5034817133581
159911653	2.9354321877171
760939367	0.13093969790774
331008607	4.0503883240979
1875434449	0.32627290828446
1380539539	4.9407853116006
722307580	1.0878155385553
631765520	4.3637238346803
780851388	3.7262665241613
92112519	4.571923005661
1275690117	2.6717472321688
996479186	3.3776423583634
499441212	0.6342064126554
1208380338	1.5398769250791
1766797903	3.3974277243937
768396585	2.0253023980303
321280921	1.82598924815
1722420905	1.7839954964742
1007539025	3.072921807446
765255757	1.5317704558986
1440173126	0.47874026721285
1298666631	4.493542511246
1926481592	1.8958296868465
42953472	3.7760355830081
163049622	2.1108551659206
1347549735	0.76176225010388
