1104845888	1.5779658810133
1254749347	4.5710110313124
120958747	2.7670207981798
1319942968	3.9767908672694
890701896	3.1238781931456
2093650938	4.1386262393271
1017670232	4.9771547387248
1112856713	0.77854078299298
1835972711	3.2649458051962
1712176432	2.2228676254036
646090194	1.1871603113539
1162583623	2.6505538181637
1721277630	2.7340489149718
1174320379	1.6419960263381
526581912	1.3890092593567
2088797718	3.2481960734577
750442328	3.9857299481452
633613448	4.4831415496222
1815435107	0.32039903584886
1443973624	0.1497186208841
501575188	0.1870778669543
570716832	4.4220907424679
178141903	3.6467672738464
