1040982355	2.6577641152114
1463399850	0.038048855512426
1496917768	1.4486489521566
2006331034	1.4713469294232
843015210	0.48175324242644
781548583	2.24458307598
1686947725	3.7086673656985
275661832	4.0048066452168
1548255179	0.78247923673246
596677774	3.3349373696069
1691514370	0.90856732144419
822710580	1.4628952911417
1679982441	2.0541093461467
1973395619	2.466313511816
1362093301	1.811337679071
1102358864	2.8209248757087
1580482049	2.5709786743722
1960540316	4.9703955440644
899609040	2.1918854081034
816918516	1.4926709777176
366399991	1.3982259325675
2039158703	0.29444934348317
601964970	2.672321762737
1883720002	2.0522869783697
205203841	1.1740159225529
1638567064	0.79995579356326
612012400	0.22143572113544
935116510	2.4678586225341
1299340569	1.9600157262571
1830910020	1.2461204460105
972486875	2.8833352415279
1940953009	0.18594779315682
1261897537	0.019914244776552
716235356	2.9207614962574
1177170948	4.2206144212841
1259733486	1.7223912206117
1895283951	2.1254775566633
1128586188	1.2253208929791
663244797	1.951425975166
505667294	4.7869451040341
1402702107	2.0138001265069
278679609	1.2191217491492
1533890508	1.4036278083937
28711087	3.4080658170432
1463197212	1.7442579435856
1873797210	2.545835891527
2123362668	1.3736614754301
56711681	3.7107882735835
187301562	3.6176583234303
978415195	1.6492554995461
362098177	2.0620193574866
190786339	0.26955019229536
699657408	0.061047719819959
1380236352	2.5642118824479
245825889	4.749524937826
191138707	2.4517068068738
1280582561	1.895403413519
869989708	3.0371486689137
980563539	2.7296805557467
1159979763	0.63901173911943
2065557991	0.72571597561506
548047178	4.5650457053283
711358952	0.037674542999675
1058825328	1.5770026094173
761515319	1.2370979465717
1692015858	3.2372716782788
517542548	2.0183019256304
362289040	1.45726130179
859986888	4.2287575938873
957485632	1.0068016853215
1843436310	3.8056592102189
1649849608	4.3595856983958
1565722683	4.5155647674182
89202804	2.7428127814749
1779761668	4.0438029421697
1866745347	1.3333088934111
1304063332	3.3480895675477
1321938864	4.6123443379124
2057852996	4.5161096423474
953292590	1.6628201499874
97439169	1.0599560458492
1178059669	3.8535838941362
239543290	0.3064232204605
351974121	4.8620839439622
790286728	3.2769488162719
1914628669	4.2249708828633
977522186	0.040654470231689
1380830883	3.1678216569907
920797496	0.72713264996518
1834432650	2.1520835939572
1225211827	3.8206478808171
1822016213	3.7973393354553
