453066852	3.4375411753718
104637287	4.367849018596
1482562749	2.9473414029681
2064824340	1.9656434268531
182107733	1.3324558741099
1173361897	3.5687147470045
1217569206	0.45110455269511
1708914147	4.4515141935328
2064466011	2.2492186200103
480735399	2.5108779815542
185060561	3.8905978500334
1492853154	4.9986085458652
895039370	3.6772208677964
127476070	1.9784530214865
1946082452	2.7890591429496
1599147033	1.9517359658851
838310620	0.2182446421209
237523383	4.2137607672316
2121057662	1.3125229795987
903933380	4.9870137427873
691844195	4.1305506295201
1417592808	1.9740838939203
115238361	0.25720494811293
164917190	3.6244267079162
1719189899	0.072773112949344
894385992	4.2582088239762
1250792101	4.9946204293494
1247880308	2.5017319235493
1385597103	3.0492972363947
1693397490	0.90012792306958
1762201530	3.3253506283859
1425872463	2.4223533214174
725878028	3.4108914031698
313296886	0.16639465939551
1185747615	4.2497805991442
308215088	0.26371608034881
802638139	2.8713268148114
792439050	2.7164667810856
1525206074	3.7580077064959
1040220383	3.3480682914835
702190396	1.650449536578
1077265087	2.2969486505245
300661526	0.0014537363319908
39611973	3.5036127006186
1573483946	3.1977496287775
1843208443	2.34776225516
1874272591	1.2982457533005
310949524	0.4574111990898
1251704669	3.5582246904067
1063231966	3.7189656257252
1618469045	0.37716435984576
531098629	0.30196958934049
1521978582	2.7880821576286
342285411	4.7163585735095
390907937	4.4263270052272
840560934	0.73879113688077
1291131037	1.025929181383
314171922	1.2280579685364
869822439	0.81947980486764
2041841184	0.18401141985506
100049794	2.7911476966884
1785655716	4.5904917151623
2033604173	2.3963773075474
1930861191	2.9739233306488
218028130	2.7128141269613
370263598	2.2752323896974
1796654255	4.3812971535983
2017720492	4.0913997423329
1497955153	1.8250298042898
352772498	0.94952521657083
82730589	3.1401195252035
1306340550	3.0450558024668
232873914	4.600160314981
2061520552	1.9054080391794
212781161	1.1704495275256
1465129696	2.6540086570447
1060795658	0.5461978193122
1881484207	3.86722003057
1023953333	3.040860701837
2045162760	2.5111746031377
1427231927	2.1045278558063
1499527853	0.14170664369208
1829838703	3.5864134638507
456942007	4.7697977790468
530828987	4.9756965157463
239963211	3.3287562771369
1685391211	4.8278676345143
