982567733	2.8792283208478
655715879	2.8685910920001
794613163	1.5267940990286
18072925	4.9690715875333
674179215	2.2697282569808
1049681381	3.8242380012871
658199097	4.1551000248432
310210193	4.8666634177168
223153557	4.8842449834963
1056240271	4.8123688785417
2004171799	1.03668795714
744477838	4.1896965630305
2119494572	2.2457838348326
166297915	1.306078953811
776393302	0.32868629569592
1123356293	1.1329500219472
1730238195	0.88230032980549
1129237369	0.32782437295086
270770344	4.8403470054457
1693504457	0.42910178444772
461673534	2.0742298183377
627633296	2.1806397019795
883953683	1.5124218009936
215822251	1.741446907046
201872068	2.2856151579347
554061234	3.3033587659259
1024420180	4.2369380729445
1829862252	0.51426239801304
1914896970	3.4219383697128
1921388810	3.8485688477981
225020181	1.5207126836855
1301079039	4.3781204844723
1031762555	4.4203233343644
1274424423	4.893785284317
764682359	2.6686873439088
1217228905	3.5311239508591
230478097	1.8048177691199
1283161297	2.7911265044432
115106491	2.7988279460924
1309409806	0.33558673939462
965436639	4.9342855880662
