1839765765	4.2369561266326
534271212	0.28000606935472
747042778	3.5746595745788
920123884	4.5108461633841
1627827394	4.9680230440423
756211247	2.0162564199494
392870539	1.8193096396603
1124567778	0.21090687262402
1412929987	1.6340579821887
372170435	0.70327439145338
2035686789	1.8485997486155
232951296	3.1753526968767
723317204	2.4565353046435
244746021	4.8313128551614
1809937280	0.45393571977221
726524425	0.56168881271113
938170966	0.85073076926671
940000716	3.2760335590113
1738851104	2.8577183363297
416387059	3.9958099061604
402000202	2.5021342549017
1425516514	4.8528630262487
1710555037	0.92031246326878
95999123	3.3111712910753
635142488	3.9296186430983
166213318	0.2698273538937
1363372305	2.8824787577067
1454919231	2.5196619436702
1110358316	3.2680339381416
864610824	0.69566407040491
1275238637	3.4387595455343
173171024	0.35379822615245
986328169	1.797431577834
1933758275	4.2031255640104
2041344227	0.28958926223665
459004073	0.25367113540586
1887926635	2.4867621890673
1606538280	2.2719597827047
959687670	3.1953897225649
1212171797	1.8783047897175
357763557	0.39339866740322
1007071593	1.8718474017791
520342908	2.0297184595977
70986031	1.9449789598328
1634338063	4.3317092183659
746005194	1.9651308990853
385395153	2.734637988142
1179156730	2.6139856887115
48145985	4.8432644083366
1321592292	0.63888234116085
1705301237	4.4975926654868
453711412	4.32220746033
2008612990	2.8651285906626
2080869767	3.7581668345994
1533068303	1.6019607459204
956683724	0.66573939782835
533687607	1.2205968244097
1867134050	4.2089739438188
732503058	0.081097944677387
1389514523	0.22565282426106
1307735136	0.83164597667365
1221361605	0.88495826157041
309676649	2.9190255109775
462418793	4.2168363832016
518501861	0.74092864326245
1021211957	4.8289004386537
1913829459	0.37252754223185
1580799651	0.50172339216886
1837773836	1.0150206978503
324325903	3.5282828163022
761647753	2.0007389956157
777013734	0.10787409735279
1954250245	3.822369672741
74814134	1.6977455684439
769627902	1.0671668970339
804215477	1.8130379574434
550406967	3.147244601579
1480350134	1.4890049521294
1426826295	0.74273114825726
676710529	2.2491533878488
1055450771	3.965240113421
575742479	3.6198338603693
1904466900	0.62928644038238
1215489421	4.2279568893034
890970923	2.0794489244369
936567950	4.3508595481286
789080102	2.7868729330538
1840426627	2.6125683205261
737369864	3.4306743663879
1137038474	2.0977450428054
1790631660	2.1044523837531
